35599 1838 13771 1507 13660 5177
35600 2640 6064 4326 816 7775
35601 12557 1776 2956 5491
35602 7775 2808 8967 14544 672 7775
35603 15011 13386 296 7775 7775
35604 12694 85 7288 7673 2719
35605 4448 2758 15253 3861 7775
35606 7775 10597 14282 2321 6091 11426
35607 7456 16286 17601 7497 195
35608 2195 23 11247 2642 179 2634 65 4677 90 1114 6491 7849
35609 2186 6028 14134 2237
35610 4210 14256 16095 4577 7775 5157
35611 7775 29 1087 7962 691
35612 6661 519 532 6156 10401 2612
35613 7775 1934 9161 1087 3026 11238
35614 1562 18254 5604 11964 10663
35615 7775 8126 492 8162 2648
35616 10815 2956 2516 6430 1391
35617 94 1388 403 130 1438
35618 2673 7775 789 7775
35619 11794 12866 8400 10926 8840
35620 12338 8142 946 4780
35621 99 406 3455 16149
35622 13983 1110 9380 2175 2445 3204 7992 7775 8538 13123
35623 8669 7775 820 2331 7775 6080 11741
35624 8952 6394 11708 16537 2761 2158
35625 3916 2778 1792 7775 1755 6638 3593 2552 1767 7778
35626 808 8539 8602 15389 1948 3014
35627 2397 2355 8155 11237 4271 4995
35628 2273 6848 7775 7775
35629 3267 16946 7775 7775
35630 1946 10171 3351 3242
35631 3330 81 82 2383 2730 6827 1036
35632 7775 13542 9313 163 15189
35633 3083 7775 647 1556 5280 11286
35634 3468 3056 2107 14957 2557
35635 634 12132 1055 10966 2715 7775
35636 5855 1018 12364 7775 1073 2778
35637 16071 12659 13094 4878 7775
35638 17210 1760 5437 5838 7775 3719
35639 3067 4758 4950 13206
35640 4104 1778 1961 7775 7775 6180
35641 6358 9665 5235 4066 2848
35642 2108 5901 8067 1393
35643 18328 863 7008 6972
35644 6837 17934 6839 6840 16554
35645 2317 1932 2460 40 18350 8633
35646 18344 16537 13259 7775
35647 16073 9950 3427 4100 5582
35648 1134 11797 8245
35649 820 11890 922 2313 90
35650 3652 922 2231 13541 1714
35651 1774 7775 7775 5177 3472 762
35652 7775 734 2960 6412 1005 7775 403
35653 3105 7775 12133 2654 1469
35654 11433 10071 3466 10065 8114 11560
35655 1428 1249 1239 1791 3237 6790 5055
35656 13253 4744 3928 1120 7775
35657 87 3738 17847 3263 11235 6697 3035
35658 9759 197 5838 5313
35659 3495 803 2648 2461 7199 7775
35660 16433 7775 5992 12757
35661 7775 14429 1058 8159 2361 4001
35662 8015 7620 7113 10964 7775
35663 432 1067 11116 3136 964
35664 17664 6394 8913 14952 2043 8435
35665 628 9428 7775 2991 103 29
35666 1052 2 670 1130 7775
35667 10161 3498 1432 9127 7159 4192 9445
35668 29 14842 151 7514
35669 9243 7775 2304 1105 6268
35670 1684 967 45 5304
35671 8460 7271 6980 8197 18003
35672 2668 1791 7775 7775
35673 2698 2305 7775 7775
35674 117 9124 4494 15940
35675 12519 1974 11646 2486 7775 3844 1923 4751
35676 17854 7026 4616 17846 16461 11960
35677 7775 1907 9302 4738 14685
35678 11734 11502 7775 7775
35679 7872 6299 12145 820 1063
35680 7775 130 127 6385 12428
35681 403 403 10183 13211 8882 12527
35682 2100 7775 3428 6609 5262 2311 9061
35683 1393 15970 7775 16511
35684 7775 10941 9646 5899 16558 179
35685 15 3820 5637 8034
35686 9168 371 1291 4020 14952 2894 3413
35687 7775 7536 7775 15089 5793
35688 3815 7775 2556 7775
35689 2263 1153 2605 7775
35690 7956 8040 7775 35 1045 11554 14598
35691 752 14172 6672 7775 7775
35692 14061 7775 7775 7775
35693 9989 17124 16902 5498 9185 424 2179
35694 1534 9363 15644 17670 2002
35695 5670 281 4750 14611
35696 7775 12609 7775 894 12111 6211
35697 3274 3382 1774 5565 8181 886 247 375
35698 7775 178 7775 7775 126
35699 7775 6406 2839 8915 3405
35700 2100 7775 7775 11504 11820 1273
35701 7775 7775 12145 2914 1120 4083
35702 18191 9194 2020 47 6808 126
35703 701 701 5981 371 18323
35704 7775 8322 11013 29 7775
35705 7775 34 1269 2107 6078 4515
35706 5941 9069 16325 7775 1374 2598
35707 47 2743 1056 2395 13955
35708 7775 14792 14958 11792
35709 14492 7775 16090 2316 7775
35710 2107 2443 3654 2445 4688
35711 16877 3948 379 874 1017
35712 2046 65 47 12486 2330
35713 17662 4949 5220 10956 248 7957 4869 7440 8388
35714 9688 4716 6766 9358
35715 2163 1767 14346 7943 1946
35716 16034 9678 377 15197 7775
35717 12028 6522 1262 3634
35718 2709 2898 1000 2899 861
35719 11385 2726 11603 7102
35720 3905 1114 17743 50 12816
35721 11382 3088 7775 7775
35722 7775 7839 16399 2502 989 7722 15682 4705
35723 6506 7026 5862 17846 3909 1472
35724 15803 9306 17692 2646 16383 8823 1758 9407
35725 12645 2164 18168 14130 9258
35726 5680 18271 35 12042 12400
35727 12164 9509 4100 6491 15598
35728 3042 1684 7292 404 2588
35729 9300 7775 7775 3786 87 7204 7775
35730 12909 10687 2855 2101
35731 7775 2556 4177 16518 8860
35732 789 16656 12757 9115 7775
35733 14894 17468 4002 6346
35734 18042 7400 5774 645 1972
35735 7775 1151 23 8118 490 2648
35736 6917 994 7786 2540
35737 2353 41 6827 8441 7775
35738 2072 13538 16269 7775
35739 8362 6293 7566 6798
35740 10316 2405 15636 8653 2808 7775
35741 6510 13053 14412 7924 383 4400
35742 8016 205 4403 3262 5751
35743 6520 16344 3200 429 8715
35744 352 353 358 3147 5595 11842
35745 8685 2304 8341 14115
35746 10041 5128 15654 2069 3179 4039
35747 1026 13875 1278 4682
35748 4898 2048 4425 7775 7775
35749 2142 1678 296 13921 2226
35750 2568 2768 2758 2121 2770 12671 8540
35751 4632 3862 2023 2290 7775
35752 14312 2220 5447 1348 18275
35753 953 9240 7775 7775 3653 8730
35754 5110 7775 86 9675 7359
35755 7775 12746 7775 9352 5091
35756 10165 3437 7775 2151 12402 14417
35757 6117 8129 15420 5670 2662 5072 2956 3562 8504
35758 7775 2265 5143 989
35759 4716 16362 1256 882 590 7819
35760 3562 7775 11471 4681 4958 403 4211
35761 2202 6680 6411 277 7775
35762 5048 615 518 10820 823
35763 11095 16738 8397 9925
35764 2512 1971 2743 406 2300
35765 2615 2851 5826 7775
35766 16750 3561 7775
35767 11202 11486 1768 649 12558 12141 965
35768 9000 3288 72 4963 7775
35769 2309 9455 2264 634 13166
35770 3770 997 3672 7962 8442 8185
35771 12789 9981 1405 6651
35772 4844 16515 291 97 11527
35773 2614 13448 12445 7775
35774 1391 11066 7775 12609
35775 5666 5813 4591 7406 816
35776 3386 2383 3076 7775 10164
35777 2768 2714 151 8178
35778 7775 7775 5 8376 12730
35779 7775 8288 2550 14943 7775 1960
35780 2303 4686 3204 2887 10686 13993 5155 14843 17390
35781 945 3750 7172 738 846 11081
35782 4032 7775 3073 7775 10965
35783 11352 1679 4144 451 7775
35784 4295 10037 7775 2687 330 13019 15546 814
35785 8391 17941 1711 16897 596
35786 7544 7775 8294 7775 15209
35787 3667 948 3660 12665 3286 12987 13396 18201
35788 5817 12831 90 3946 15969 7775 7063 7775
35789 3916 120 7712 8922 2261
35790 281 2283 9418 7775 12881
35791 7404 7775 3026 7775 7775
35792 8839 1239 10876 451 2775
35793 6469 3766 13146 8010 5167
35794 15391 3083 5522 7345 997
35795 5078 2980 5877 1557 7775
35796 573 15269 7159 3424 5595 3391
35797 689 1167 4465 6822 56 7595
35798 15931 11417 5304 1033 12467 2553 94
35799 4111 18335 5829 288 1753
35800 13942 9762 5352 7775 104
35801 300 5865 13349 11099 2306
35802 4787 790 277 583 14549
35803 1483 4026 5065 13022
35804 649 5066 264 5027 2751
35805 629 733 3308 9447 2783 9490
35806 7687 15781 14662 5400
35807 7775 3722 1201 5161 15657 8693
35808 13209 577 3116 3088 7775
35809 10881 2388 2853 2884 7775 4873 17936 8444
35810 2569 11616 349 2535 2778 13091
35811 5437 16084 7775 7775 7775
35812 2109 4710 403 3046 1867
35813 10781 335 4958 8288 281 4815 4104 8524
35814 2107 5417 8642 12781 3186 14029
35815 6254 12746 2726 57 7775 14429
35816 441 3347 2767 8162 15706
35817 4100 1033 4656 7775
35818 6925 9890 2539 12151 747
35819 7065 948 10999 9502 12161 7775
35820 882 16710 14478 7775 11554
35821 3776 691 1863 7514 2323
35822 3928 6439 7775
35823 403 11633 130 7775
35824 14978 3029 730 2183 7775
35825 13133 1030 2304 2740 17424 124 1033
35826 4695 7138 8602 8017 14173
35827 17559 10323 6427 6425 2332 3490 14854 6933 13981
35828 2163 3652 7775 7775
35829 281 13045 4475 126
35830 18328 9947 16324
35831 1854 6229 2878 6729 886
35832 1388 2879 11507 72 15984
35833 7775 2965 7775 1949 7775
35834 9969 1026 979 7775 2970 7775
35835 12671 6254 1323 12659 710
35836 1717 5016 7775 7775
35837 765 7775 7775 9402
35838 15706 7775 4494 17016 3488 7775
35839 1266 1030 4089 1162 4501
35840 7350 8850 4010 4236 9327
35841 13076 15358 4191 1132 2036
35842 7775 730 15601 18339 691
35843 4964 2455 8289 4088 10750 3056 2175
35844 7775 8294 10091 3828 470
35845 11687 5305 1054 29 7775
35846 7775 7775 9165 13045 2503 2069
35847 7775 3976 7775 2556 1851 3994 2107
35848 2149 10676 2346 4744 2217 4533
35849 2726 3450 4950 4819 8173 6208
35850 13645 3203 2405 2901 1056 7775
35851 490 1860 12179 151 2828
35852 4443 9553 14356 7775 13541
35853 7775 7364 13377 2644 412 7065 564
35854 980 10010 7775 14533
35855 1775 11240 2792 5070 4379
35856 14939 531 13459 7775 6194
35857 6382 1149 7775 7775 7775
35858 193 10247 948 3429 9881 2578
35859 1148 2545 29 7775
35860 15754 16 1055 1775 11487 7775
35861 3038 7775 7775 9396
35862 518 6124 7775 7775
35863 860 8675 6385 314
35864 4221 9021 3365 7672 7480
35865 820 3122 1055 1809 9659 45 2186
35866 2996 4886 13792 3509 15379
35867 2861 854 8025 1393 117 6374
35868 8447 2051 367 5035 889
35869 9098 6062 3521 17674
35870 7775 7775 1065 10125 15873 2139
35871 7775 9169 7775 7775 1653 14538
35872 7775 4587 317 7775 2138
35873 4540 618 5504
35874 2169 11715 23 2914 9334
35875 6769 2352 2899 7226 3320 3928 4506 11202
35876 18349 7775 7775 35 1456 7775
35877 7775 13448 10956 8598 1128
35878 9328 7775 9668 7469 3639
35879 4214 7775 10999 733
35880 17943 7775 1121 7775 10768
35881 9098 1932 7775 14649 12301
35882 15370 7775 7775 11692 7775
35883 11536 13766 14301 8860 8141 1210 15886
35884 7775 1246 8233 927 11423 6083 996 3210
35885 611 11008 8548 1867 2853
35886 4061 7377 12028 3674 10306
35887 922 8509 4682 7775
35888 1782 3878 2127 1026 16000
35889 2857 820 9663 7775
35890 810 7246 6362 7775
35891 6301 17521 7775 2330
35892 202 691 5427 412 934 7856 5039
35893 14451 9323 2751 13273
35894 14082 7775 7469 7775 2611
35895 11673 10421 17698 7700 8061
35896 12146 3933 47 12346 4697
35897 926 4308 509 5968
35898 4728 2861 16645 10887 3981 4169
35899 12907 16526 1148 12107 1559
35900 621 1055 2768 12755 98 12197
35901 11012 3340 6236 7775
35902 1669 2706 904 10205 7775 4000 5359 287 12322 6163 14747 13323
35903 2342 634 562 5662 14970
35904 3910 13330 2151 518
35905 9288 13374 492 822 5055
35906 8799 7775 7775 2768 676 4702
35907 7775 7775 2546 5559 4105 4693 8593 14116
35908 12229 7775 2118 2465 7775 6177
35909 692 839 17302 7775 2127
35910 11302 7352 7360 4270 1675
35911 29 4454 7744 7775
35912 2151 7775 6320 7775 7775 5158 7775
35913 9028 2304 14161 736 2786
35914 1784 7117 14758 15876 12928 7345 2183
35915 9507 106 2238 7775
35916 7620 1499 282 1278 1349 1308 1545
35917 7050 7775 7775 939
35918 10226 1495 5069 7223 11542 7267 12059 12483 10350
35919 7775 4960 4026 3413 12358
35920 5636 7775 4283 20 13931 7775
35921 1778 14504 3890 7775 10594 10036
35922 3721 5417 8322 179 7806
35923 464 2272 10794 6145
35924 1869 7775 10024 7775
35925 4369 7775 6075 7775 9455
35926 1969 7775 3122 12959 9361 6860
35927 3948 2030 2751 6868 14859
35928 7775 1151 730 7775 7775
35929 10525 1389 4347 6538 2746
35930 4264 1209 10098 3517 18290
35931 1314 18321 371 5809 4563 7380
35932 11872 14170 1986 829 1216 392 3764
35933 647 478 6297 13133 1559 14290
35934 9253 3323 11511 12746 4523
35935 11329 90 5409 2405 3723 7775 2362 14412 5593 5998 9706
35936 5068 5277 7775 7775 7292 732
35937 787 4950 11649 8832 14425
35938 6749 16047 9809 695
35939 14716 5519 8011 5355 1257 2187
35940 16440 5654 3011 12678 7775
35941 7775 20 11443 81 11262 13858
35942 715 12272 4390 7775
35943 460 15849 18017 10262 6717
35944 2793 3695 17079 518
35945 8271 3412 9676 2238 3042 3015
35946 18180 17633 15227 1086
35947 13684 652 3489 8214 7775
35948 7775 18350 9142 7775 7775 10450
35949 6357 8837 371 8209 8296
35950 16142 15888 7775 7775
35951 2308 2101 6003 97 303
35952 9659 2067 7775 2604 7775
35953 9715 5807 11341 1411
