35599 1142 17251 1934 7775 13542 2238
35600 2777 6028 8028 2880 7204
35601 10762 17692 3202 8618 7775
35602 10810 11794 1966 378 9278 8708
35603 12373 18148 7091 4712 592 800
35604 7775 11935 2681 6459 9483
35605 2205 6805 9142 4012 7775
35606 29 14163 670 12273 12485 551
35607 2895 90 2294 6458 45 12999
35608 15012 7775 14109 1216 1068 11052
35609 16055 8329 8170 7775
35610 11592 8147 1044 20 3204 957 126
35611 1162 490 4184 4364 823
35612 1862 4144 492 9238 403
35613 9784 13368 7775 11501
35614 1031 29 7775
35615 1065 13358 5203 14936 9086 7775 11222
35616 7775 17004 9507 1891 7404 60
35617 6837 17934 6839 6839 7290
35618 7775 1773 7525 5032 6685
35619 633 2134 2307 13853 2135
35620 2716 1120 7775 7775
35621 15669 7026 1167 7298 3388 243 7778
35622 13366 7775 486 420 1057 97 4293
35623 7401 11115 10544 7775
35624 7775 7539 4703 15930 8492 2895 7344 1160
35625 3931 17854 352 353 354 16904 1335 1342 2892 1253 1326 16904 410 11154 10360 14778 4365 1417 1282
35626 820 2182 7775 9416 7775 6638
35627 3232 13328 3984 9856 2546 2198 5911
35628 6316 698 7775 13198
35629 820 733 6719 2917 16460
35630 17562 4970 8967 886 64
35631 1055 9511 6861 9502 17396 11840
35632 92 5171 948 1729 7775 7775 2568
35633 1075 11123 7775 7775
35634 2505 3820 45 8074 850
35635 13170 45 15345 3654 7775
35636 4894 12557 13052 6492 7775
35637 8428 12671 9330 10131 12161 12125
35638 468 11472 6655 17756
35639 4226 7332 9007 9849
35640 10062 3841 1060 97 2164 7775 14746
35641 9181 10362 16748 6441 5540 120
35642 7775 6258 5720 8214 2851
35643 649 14523 8317 4893 4808
35644 16463 1131 5117 14523 14457
35645 10934 7775 14732 1174 7775
35646 4403 934 13158 3365 690
35647 16411 10816 410 7775
35648 4443 4000 4033 7775 14960
35649 1110 7775 11395 519 3274
35650 1033 1776 1867 3773 1867
35651 9755 7775 6217 13852 7775
35652 1901 1926 1328 5471 1330 1376
35653 715 11797 457 7588 14433
35654 853 17292 7440 42 9699 1077 7291 3320 14733
35655 4968 13065 5924 378
35656 11783 1374 7775 4719 7775
35657 4237 10859 9340 4577 3394
35658 4733 7775 5768 7775 7775
35659 2168 1507 651 1253 5555 13293 7775 10874 1245 7376 1528
35660 7501 6900 7775 15985
35661 14710 7775 7775 6540 14947 10672
35662 1776 3740 7775 9083 16561
35663 3700 7775 9339 41 7775
35664 8792 10772 7775 7775
35665 3074 7775 5723 3476 11511 6441 2633 12137 2396
35666 644 14130 1867 151 7775
35667 1393 4038 9750 4705 988
35668 7567 17444 3394 5044 428 11455
35669 20 1135 8649 4496 73 2264 94 12869
35670 11874 14389 2234 6385 432
35671 2471 4487 7775 3034
35672 16336 10576 408 464 236 574 1216 6407
35673 2851 4312 977 7298 282 4989
35674 17291 8283 1712 4958 1507 556
35675 2698 5427 15714 239
35676 7026 17845 7026 17846 3909 1472 17847 3909 354 6525 1253 3151 6307 3648 1472 4939 11502 6524 139 145 2468 1372 354 7265 13531 2468
35677 2443 7204 5727 7775
35678 3563 1916 790 16558
35679 3780 9051 17985 8678 15848
35680 15904 7775 2138 1769
35681 4808 8662 6827 7775
35682 2600 11468 9507 691 8150
35683 289 904 427 1013 5808 1225
35684 2996 14045 10713 7775 6328
35685 7775 8877 2516 523 14256 649
35686 523 1805 10453 7775
35687 8061 6879 2790 16889 11166
35688 1055 12273 6822 4105 2516 7775
35689 7775 2737 4682 8859 7775
35690 6188 1479 4591 12899
35691 465 3842 1893 7775 5321 13611
35692 7775 3036 2304 1531 14727 11150
35693 6927 16656 7775 10249 789
35694 7775 2898 3090 820 7583 15366
35695 8934 2362 1390 808
35696 351 12968 7775 15611
35697 352 353 355 7376 6798
35698 1767 8779 855 3595 8623 13503 5650
35699 10549 1300 7775 2158 242
35700 13461 2767 11524 8602
35701 1112 13296 1130 7775
35702 10537 4703 595 432 5393
35703 5045 7232 10762 16426 7801 14557 4606
35704 435 12792 467 10100 5930
35705 4704 2883 404 4328 5493
35706 2679 4039 4912 2470 12224 7775
35707 824 412 1396 4781 492 10322 1314
35708 403 1055 234 4863 7775
35709 634 1867 857 1388 12341
35710 1799 2567 17777 7527 7775
35711 44 9500 7775 11736 9410 13548 6490 523 5199 4445 5373 1463 9850 3796 11265 3695
35712 6028 179 3655 7992 7775
35713 7775 2899 11089 7729 16964 7775 4425
35714 15011 6870 3740 2435 1793
35715 4104 5899 8888 6370 10198
35716 9235 820 29 7775 59
35717 1669 2217 4299 5602 5335 3946
35718 7775 2505 2656 10262 288
35719 5272 7775 2051 16207
35720 10567 801 6742 7775
35721 7724 6956 11535 7778 3405 6211
35722 3270 17247 10411 6388
35723 9244 7729 12437 2758 7775
35724 4618 17649 11287 1256 14842 386
35725 4313 7026 17846 1472 17847
35726 7825 5281 3654 4887 853 2754
35727 7775 17822 6186 2885 7775
35728 9310 2119 12904 15902 12800
35729 10815 16041 10750 7775 11130 13574 5945
35730 5589 8235 2051 8548 1400
35731 2375 4826 16041 463 7775
35732 5865 3126 3713 4682
35733 7700 10546 5662 4515
35734 1293 8765 654 15045 5668
35735 2254 1056 7775 234 1063 45
35736 3805 12285 4560 7775 7775 7775 7775
35737 51 3061 2822 2443
35738 698 699 8717 15346 7775
35739 3522 334 1153 5237 7253
35740 811 8401 14976 8781
35741 7775 2139 997 5410 13995 13777
35742 16203 7775 1562 9809 14950 14276
35743 15497 7775 2556 10670 2038
35744 4174 844 4538 7775
35745 7512 197 2547 14997 6962 6767
35746 12226 7775 7775 4591 16974
35747 4608 6043 3305 10897 12338
35748 2778 10881 4299 9097
35749 14522 5883 15340 4670 964
35750 12665 3056 6828 124 10340
35751 7775 2471 9502 6178 8730
35752 12671 13699 1058 4743 13753
35753 13330 2199 8180 3876 3479
35754 403 4914 2659 6385 9528 3553
35755 1479 281 8715 13945 7338 5778
35756 8952 4998 8315 45
35757 2239 247 1820 6330 11378
35758 8273 9350 1054 3412 2743 11374 12695
35759 7775 11935 13321 2751 658 7775
35760 2309 13684 2536 3595 2478
35761 1405 997 4054 1679 3078
35762 2404 12660 820 6236 1123 7775
35763 924 12408 12486 820 636
35764
35765 6993 7775 5308 967 11779
35766 4144 9783 1937 3378 1433
35767 16671 7775 7775 7016 6498
35768 704 3433 10149 7775 12464 2161 16289
35769 1428 4608 1290 1329 6167
35770 882 8829 4107 4502 5
35771 946 29 17221 5410 6214
35772 734 95 5943 3383 12807
35773 9277 15602 9836 6383
35774 7775 5228 4768 4452 9824 8265
35775 9000 4749 7775 7775
35776 1214 3988 7775 9396
35777 3417 18260 9486 7775 13591 7775
35778 7775 10597 523 14558 403
35779 29 5618 15764 7755
35780 4299 13942 14963 5679 16135 11425
35781 4136 12246 296 2544 820 636 2644
35782 5551 13359 7775 3036 3988
35783 3264 7775 4979 3519 2232
35784 6849 15152 237 15060 924
35785 4100 860 820 3323
35786 2355 5437 1906 4712 16574 2604
35787 2131 7817 7775 6323 7775
35788 1402 7775 8001 7775
35789 15924 2360 7775
35790 12266 8967 2543 1804 4949
35791 14451 16300 4144 8088
35792 13684 7775 12295 730
35793 4608 12015 16194 9315 1827 14301 2240 17162
35794 7775 11578 1334 1334 12140 968 11036
35795 3994 16267 691 1049 13783 3880 7524 11912
35796 14562 4085 7775 1600 7173
35797 7775 2497 3691 11094 17567
35798 301 4782 16683 6097 1711 8958
35799 3691 7775 658 7775 7775
35800 5949 2133 2409 2853 2231 1182
35801 2414 1130 7775 7775
35802 770 15154 9444 8027 11869
35803 1752 2440 1405 2124 2548 2603
35804 820 9003 29 7775 2491
35805 2175 3450 2956 9596 7480
35806 634 5637 3450 313 2147 3515
35807 2001 5265 5547 2486 7775
35808 11935 9678 16118 2700 16090
35809 6348 7775 12726 12324 2751
35810 1402 7775 7980 14711
35811 1134 7065 7480 2204 1760
35812 4655 14205 10308 6385
35813 10269 10810 8082 3001 8083 6135
35814 4730 7065 8595 14936
35815 9878 12147 2493 7775
35816 7152 8938 4774 4027 2217
35817 17672 1404 4600 9631 1337 10742
35818 18251 7535 4204 7775
35819 1937 3323 12569 6902
35820 12833 8952 2600 13133 7775
35821 536 5758 14246 9473 16505 11455
35822 1854 749 16741 8628
35823 1711 14821 2192 705 330 5323
35824 3911 13349 8834 197 16162
35825 11203 3316 1752 3523 14067
35826 16499 7776 726 5053 8362 187
35827 11225 12767 7775 1054 2634 1110
35828 11928 2706 2309 7775
35829 606 2421 13348 136
35830 2051 9434 5517 4526 6094
35831 7775 3857 5560 766 648 17443 3427 289 3944 2900 2478 5128 2708
35832 8888 8928 3652 4944 8574
35833 4819 11277 4043 1439 753 4194
35834 44 401 660 7775
35835 3696 13904 13510 9869 6498 1884
35836 1537 7123 2754 6064 5694
35837 2353 180 197 1445 5189 1020 3405 7275 686
35838 4029 2291 7775 10194
35839 1611 10511 2221 4144 8769
35840 7775 16899 636 4269 7970 2185 5885 9526 8275 17868 14507 2386 4364
35841 6291 2506 5592 154 7775
35842 1017 2215 2808 7775
35843 3157 13961 4464 5252 5922
35844 14597 10670 5695 5389 7756
35845 770 8507 127 10402
35846 4448 13883 4469 1031 13676 1063
35847 3953 17774 1838 5881
35848 3388 7668 6903 2353 2183
35849 10033 1033 9125 8391 7775
35850 4841 5595 11905 10443
35851 1897 13643 7138 3308 4680 7775
35852 2549 131 2265 2597 11107 16434 2047
35853 4443 9248 649 2459 4713 2775 4989 2381
35854 650 10584 888 5260 3695 4347
35855 300 2778 16036 2059 9759
35856 1388 3008 14010 9352 7775
35857 7775 16899 13403 12935 12660 1934 131 9002 1156 8289
35858 9072 45 13993 2168 139 11840 354 5241
35859 7775 3036 7775 7775 10597 17777
35860 14932 10526 2451 9881 502
35861 54 14428 9473 989 7775
35862 6189 13689 6731 7775
35863 4478 7775 7775 547 7384
35864 12456 9455 1047 23 45
35865 13158 7275 379 6871
35866 9519 2427 7775 7775
35867 5105 2646 7775 7775 620 9850 9345 4250 122
35868 7558 12962 2387 733 13222 2067
35869 429 9046 1065 11641 1079 8913
35870 12243 7775 1776 6994 3700 3571
35871 1195 5431 830 194 7775
35872 7775 7775 2977 2315 3554
35873 10757 1775 9069 12112 12970
35874 468 7775 820 5944 5106
35875 403 490 6439 14541 4387
35876 20 17353 7775 3475 12149 7775
35877 14768 35 392 7775 1507 463
35878 11044 7243 13094 12227 8728
35879 5723 4456 6826 6390
35880 4012 6236 7775 7775
35881 820 16487 12331 1087 13119 7775
35882 5234 9946 7775 12213 12908
35883 461 7620 5879 2486 7775
35884 1032 10280 7669 6828 7332
35885 7485 360 1876 5312 11611
35886 8567 14382 10075 17427
35887 16023 16978 3227 5535 11678
35888 2409 2342 2422 3088 7775
35889 7775 12789 2550 2890 504
35890 3401 7775 9057 4638 7775
35891 2047 3909 17846 904 1472
35892 12843 4735 10328 2394
35893 1009 318 4675 1324 11247 13932
35894 4313 7775 9067 4 7775
35895 8118 2861 2486 7775
35896 7831 7775 7775 11069 11202
35897 2109 9165 8299 7301
35898 7775 633 8034 820 9543 7775
35899 2701 9112 4003 1773 738
35900 16879 12730 607 5289 6167 16083
35901 9217 7775 4313 7775 11679
35902 47 124 3205 4238 9601
35903 10483 5862 2604 7775
35904 12640 2264 3204 10411 10976
35905 5075 2460 2831 15354
35906 4785 7775 11867 9317 86 2 1063
35907 3691 5381 1653 3948 1108
35908 16142 4935 4528 7775
35909 699 1323 13617 7775
35910 11382 820 2182 7775 7775
35911 3976 492 11528 1393 2092
35912 1915 11564 14861 5673
35913 7775 3104 384 179 7004
35914 7681 15590 607 1122 4467 1457 546 2338
35915 376 13163 1391 3743 10066 339
35916 1684 1744 6722 7775 296 6368
35917 12349 16345 7775 7775 1507
35918 1114 5867 14233 150 1229
35919 7775 4018 9506 7091 10488 8788
35920 7937 2 12693 3311
35921 3506 6318 6015 1156 95 29
35922 12062 5362 684 2602 7156
35923 1687 3784 8387 4677 4246
35924 49 2046 18017 6091
35925 1149 8295 7775 3813 11119 296
35926 7775 10999 11732 820 9261 13408 1137
35927 14242
35928 10468 2445 7775 1934
35929 3627 9766 1044 4683
35930 7799 13470 7752 3614 2940
35931 9178 1007 8668 10459 470
35932 1949 13150 1108 12819 18328
35933 12146 2778 3059 12659 676 13099
35934 8289 2478 7775 6865 7775
35935 5650 4053 7775 7775 13035 11692 7775
35936 8763 13450 16616 8427 13448
35937 9690 9459 7775 11622 7775
35938 17543 198 7955 690 17777
35939 1862 309 1393 12974 705
35940 6917 2361 8025 7775 16640
35941 3596 13717 14635 13312 445
35942 467 2765 1778 14385
35943 4705 9970 197 6310
35944 17329 2508 7839 5720 6053 1486 7723 10826 6852
35945 2239 1737 834 1026 288
35946 676 7775 9074 982 13091
35947 1985 7775 7214 1838 934
35948 3240 5379 8331 1896 6498
35949 5285 12695 7775 7775
35950 7775 4105 3616 4160 1895 8527
35951 3986 7775 2676 2656 12485 14147 11567 8418 636 1727 12540 9710 12614
35952 10185 820 2178 853 8860
35953 5137 9306 2588 13655
