35599 13119 11796 7569 2182 12424
35600 6791 14218 3221 6358 3472
35601 1568 8365 4994 8153 3449
35602 1590 17245 9809 904 296
35603 16939 5997 2743 14829
35604 403 490 10725 4144 3270 151 3933 14706
35605 275 12328 14847 421 17567 6368
35606 49 1048 2046 44 5865 2292 12058 2646 3005
35607 6236 2853 8653 15586 2550 2403
35608 15832 435 17893 12551 672 3176 633 1392 9417 5473 2306 5084
35609 15064 4403 756 10875 4162 698 1760 14048
35610 9619 114 4147 11981 12757 2155 11893
35611 1897 2139 8034 4534 3042 13514 130 2886
35612 15825 359 126 16924 1396 6315 3883 820
35613 5009 7554 7117 15411 11879 15026
35614 8970 5859 17192 11263 7532 7053 823
35615 11754 3137 81 9771 16040 3667 2204
35616 13297 9260 8274 3495 11338
35617 6707 11020 12382 6390 957 2912
35618 2562 5 6577 4065 889
35619 2361 1553 5427 8150 1807 354 1392 11058 11484 16974 17015
35620 10421 12997 4115 12666 699
35621 6837 6838 6839 527 2027
35622 1027 2385 5902 4873 10741 706 10097
35623 8820 2934 5365 14043 14254 2269
35624 95 1053 11116 1615 1266
35625 11787 5277 6326 15294 18081
35626 11245 996 9390 14168 66 17932 5354 16928
35627 675 1391 3528 12305 6725
35628 13792 1192 12939 3375 7775 9001 7155 3087
35629 11551 1666 9165 2303 6374 9507 4240 2365 13009
35630 10114 15789 501 17586
35631 3063 3204 9531 8372 2046 1167
35632 6453 2935 2968 554 15648
35633 13079 12061 16492 730 2585 4544
35634 596 15530 10602 6107 9343
35635 6440 1778 12272 15203 127 99 1055 1114 99 2778 9602 45
35636 1039 11017 17267 12829 5749
35637 10269 14074 4293 7131 2622 1375 5748 4636 8175
35638 6652 3956 396 13774 15732
35639 5956 5391 7107 563 6959
35640 6430 3685 2183 310 3564 1073 5944 9187 15608
35641 14500 6633 4691 5185
35642 2777 13708 8486 2138
35643 4384 4236 3826 1900 634 4937 15477
35644 2456 1079 10942 13544 9108 12078 3015 11205
35645 3006 8428 5355 13399 8600 2883 15608
35646 13832 2898 3909 18356 8923 10063 14862 13534 13535 16019 12878 2688 11827
35647 1614 15277 4740 3954 2805
35648 820 13267 2749 1146 14477
35649 1760 1405 851 1679 2398 11479 7974 2361 2309 2778 2521 1004 1214 3708 16053 6376 10499 2090 15577
35650 12236 2657 3337 1773 9182 124 2215 4139 6842
35651 9362 492 500 7306 14062 9603
35652 5593 2999 2458 4576 15122 8153 14479 6243
35653 10142 15881 6415 1132 8583 5426 17919 825 5172 151
35654 686 9114 16795 11730 10273
35655 1948 3824 15381 6210 17311
35656 13486 9522 9760 2300 4381 12256
35657 5853 6166 3351 1521 536
35658 6837 17934 6839 6840 709 4213 6841 6842
35659 4914 4958 3352 7539 7539 15904 9309
35660 1811 251 752 8465 9837 11455
35661 12017 2425 2854 17607 10402
35662 8634 13822 9513 14358
35663 1026 4979 6247 10372 12338 8257
35664 5304 18324 7243 12750 10894
35665 1733 12880 12478 4531 8196 10597 54
35666 2862 11464 5285 4236 5470
35667 392 11368 7299 17542 3959 17352 2268 4221 9249 1095 13530 12196
35668 3312 1123 3994 14993 3288 6431
35669 492 2894 14093 1163 9160
35670 4371 12272 16062 11211 8963 15383
35671 12012 3149 6497 577 1283 1921
35672 196 11048 4973 8881 2326
35673 11982 6424 6427 6425 6428
35674 10757 823 5313 5426
35675 1806 3158 6709 461 13197
35676 11777 948 1210 2231 14153 2491
35677 8851 8458 3036 4744 6855 7308
35678 1033 13715 8938 2771 9529 45
35679 14283 3115 2081 7451 7483
35680 1157 7168 11385 5628 16496
35681 131 11089 14273 10124 8011
35682 3331 730 6855 406 45
35683 8201 820 12572 87 15046
35684 7034 1927 11709 198 8388
35685 4029 5470 4258 2237
35686 1775 15760 2562 10536 4202 9840
35687 5140 6420 47 1775 3087 2994 2895 3120
35688 4842 243 740 14285 15286 14725
35689 6012 165 8889 804 60 17132
35690 12063 3729 1017 5096 4940
35691 13187 4353 8474 18032 4692
35692 8700 44 13170 10929 2107 11244
35693 2732 3378 10669 857 11641 3873 636 3906
35694 1215 2050 1929 825 2362 2362 1760 7183
35695 7520 9253 13536 10487 10869 16174 715
35696 9908 1911 1507 1793
35697 7383 16761 1126 1350 1563 10640 8374
35698 5409 1098 416 4179 4068 13782
35699 5281 16231 1632 9424 5718 203
35700 17518 18155 16656 7404 17047
35701 10588 2505 8911 11950 5534 12513
35702 5304 4989 3838 3513 1153 2307
35703 10143 8297 6492 894 11113 6413 180 1566 302 4761
35704 1933 10193 14494 649 946 18066 2501
35705 6034 3790 690 10091 1303 6297
35706 77 2164 1969 3305 30 2732 2459
35707 5727 6458 7485 12297 3305 13487 13730 6932
35708 1266 3337 15715 15947 1821
35709 15577 1809 8315 3928 10277
35710 17777 5571 6618 3824
35711 13996 5570 3819 14984 7562 2690 691
35712 16337 9452 3869 1767 2204
35713 15380 16189 9475 2403 1711 5460 5315 15609 1804
35714 10440 518 180 1017 761
35715 2447 1562 18303 890 1634 16247
35716 4380 390 6406 11997 5186 7460 6314
35717 2204 1149 3934 11172 4760 432 12207
35718 3928 649 403 2362 10296
35719 3770 1737 4205 6259 1101 8391 2160
35720 2690 29 17610 2895 13182 17025
35721 1694 1143 3056 9455 12669
35722 131 113 15720 14945 7241 15909
35723 16328 4017 4018 3061 4245 13416 13003 12904
35724 6699 3378 536 12049 5738 9845 57 3788 2740 3599
35725 12073 5066 16540 3525 13701
35726 2416 6299 1680 13295 2185 2971
35727 7663 4036 14174 18352 15370
35728 3564 12054 5351 11908 488 5553
35729 4838 3195 586 85 16989 12753 1138 12851 13211
35730 1143 15928 1459 8752 845 5922
35731 4624 2236 10266 3070 16840
35732 15244 12970 8768 4682 45 12710
35733 1684 106 2443 2835 16267
35734 216 2701 3140 413 7272 10478
35735 9477 11871 16548 1652 2405
35736 8874 3578 12772 7558 2323 13685
35737 10431 16162 277 16315 16585 169 2015 17114 9142
35738 9294 14560 12161 97 29
35739 4904 9336 1998 6134 14944 291
35740 2164 2187 464 14268 16809 6198 1569
35741 4723 518 791 3242 679
35742 14486 1120 575 3686 8783 9150
35743 6922 13425 10618 9408 13249 12896 7325
35744 11756 11374 1749 2478 10440 544 1402 5727
35745 2098 3827 13143 4136 5528 427
35746 8888 17007 8063 3730 7871
35747 11831 18318 7065 13982 9585
35748 1293 11681 3539 1355 1279
35749 669 1151 8069 1388 90
35750 12285 1108 1148 12665 10687 3003
35751 1939 6410 8164 8315
35752 5704 7288 2322 13983 592 612
35753 5355 10218 601 216 375
35754 5069 6866 12051 11332 6348
35755 17393 12039 158 4307 10337
35756 12203 15478 12813 820 707
35757 1577 8378 6068 658 8757 1767
35758 2862 5162 13345 2914 12168 2403 3032
35759 1669 2397 16217 8034 17715
35760 2404 8746 672 1472 3909 16481 1867
35761 10043 12203 13902 1758 8134
35762 12667 406 5866 11179 6824 13380 9053 10907
35763 4299 8275 2315 16296 12203 16289 14528 14243 10485
35764 1821 17374 16533 2536 8096 13215 11978 17816
35765 9898 488 7687 15516 3778 15366 16903
35766 8313 12724 6531 5685 13750
35767 10618 670 6336 2352 5524
35768 10299 1476 403 1413 4410
35769 4561 820 16518 13349 730 1108 3011
35770 13898 2400 1867 536 5808
35771 2107 17852 2869 3329 7863
35772 1697 11202 1334 1333 1338 4601 1464 4602
35773 1482 4486 671 733 2315 11444
35774 3241 5268 5897 510
35775 1209 2044 1669 1669 2921 2290 8371 9334
35776 2507 536 6165 13080 1587
35777 1120 4199 4729 487 8007 648
35778 7762 1632 7807 17651 501
35779 574 15430 910 7500 7807
35780 3450 12637 9161 11373 9189 1079 2646
35781 2605 2894 12593 16345
35782 16380 1146 1015 14962 7431
35783 9507 3906 2734 5209 705
35784 14936 16947 14316 2356 7348 1478
35785 1166 16924 2139 1048 1775 5722 6191 2709
35786 1397 234 13856 17759 10982 7748
35787 15806 4184 4386 1229 14833
35788 11262 107 2997 17588 7609 4656
35789 1428 14650 11620 2746
35790 7853 15266 17168 7704 4109 2154
35791 3647 10687 9777 8979 13166 10964 234 13413 12024
35792 17921 3380 3351 6525 1316 12127 3463 3620
35793 6409 14211 7252 4000 4719 8106
35794 6407 1000 699 12207
35795 1479 1323 7377 371 282 1262 4602
35796 8034 2238 775 16519 2853 17653
35797 9845 7201 4283 15874 4707 17539
35798 13519 1115 13385 9543 7583 11840 3521
35799 11681 5837 3698 492 5335
35800 11486 15923 13136 11025 4019
35801 3709 1051 3229 5867 1999 12338 14433
35802 7626 11031 16482 15715 4088 7116 5512 10705
35803 2107 13958 1033 1033 11329 1398 2459 6387 5595
35804 6299 5447 2587 4854 534 5809
35805 10968 14171 7009 1189 2239 17777
35806 8887 3411 2775 12929 2476 15926
35807 688 12285 13514 14362 130
35808 7572 1163 12301 14736 6653
35809 6837 6838 6839 6840 16554 709 4213 6841 17225
35810 4188 2237 1055 130 2618 16176
35811 10050 9251 234 7863 2429
35812 4061 2043 1104 17287 11177 673
35813 15758 5934 11976 15608
35814 16512 3171 5054 457 1241
35815 1679 15615 4128 11043 1952 9277 12860 3136
35816 1934 10762 5044 2756 1032
35817 16538 1605 14327 2073 9391 8464
35818 12728 12315 3154 1927 17113
35819 1116 11031 12149 12061 8268 9225 3858
35820 253 3886 8303 4941
35821 130 10896 1055 10584 13009 10457
35822 4501 2716 2848 6191 1030 6316 8527 318
35823 14767 6161 5137 16978 7199
35824 718 14950 360 15544 1225
35825 16072 2139 14565 13889 1140
35826 3627 6395 7097 6540 3285
35827 10869 17062 5292 3737 2067
35828 1898 4426 13254 6774
35829 1396 3781 11382 47 9769
35830 3906 4418 518 7468 12420 820
35831 371 1248 1295 4361 1262 1714 5481
35832 17440 10239 3169 12040 911 271 10537 17392 8446
35833 6122 2597 2427 2521 13995
35834 7204 4364 12589 8472 16324 4569 8041
35835 11585 386 12610 11263 1878 17232
35836 11028 820 12136 1937 6018 7527 699 10525
35837 16807 5474 2754 420 16446
35838 41 6956 728 2156 6320 4289 13099 4494 18246 12811 1320 12140 2054
35839 4126 4192 17928 6797
35840 17546 16430 634 733 9051 179
35841 1811 14336 4944 8341 14537
35842 5296 1562 5723 4940 5846
35843 15999 360 3909 4616 15544 18348 4966 6554 5862 5034 11384 6242 8505 17089 7651 11940 6681 673
35844 9117 10191 3181 7096 10996 11999 3365
35845 4500 15221 5252 551 3863 2853
35846 235 130 2767 1985 1814 2683 3337
35847 7107 466 16706 6566 17661 5833 3885
35848 15777 7343 5140 3452 3786
35849 7771 2155 8844 676 11577
35850 3063 10989 6398 6840 16554 709 4213 6841 6842
35851 1293 9804 2610 3172 3173
35852 14765 5666 13079 11037 3000 16974
35853 3319 551 13115 31 5723
35854 701 9385 4356 4136 1491 7538
35855 4612 3083 1113 13240
35856 6287 4760 10059 6094 9564 4766
35857 5494 5882 6674 17247 1934
35858 4006 6993 3986 8494 8846 4625
35859 3909 6762 1262 1225
35860 4803 8352 830 7854 4721
35861 7807 18312 3902 17809 4321 8769 8231 360 15544 1595
35862 3450 11123 1868 8957 10969 4255
35863 15766 2447 3270 5512 3906
35864 15306 10043 703 2486 2704 300
35865 2404 1054 4011 633 8376 95
35866 15820 2810 8038 3160 934 13489
35867 97 6672 3569 3568 14557 1029 2321
35868 6575 5012 14591 1054 1615
35869 173 4291 16069 14734 9100
35870 4100 8780 2893 8312 2264 11839
35871 2383 10762 1752 15381 3944 1775 51
35872 8033 2348 15931 7197 10264 11714 12101 10487 11022
35873 1479 1246 4318 7224 4766
35874 15932 5286 5235 4537 1015 145
35875 371 14689 693 14644 459
35876 3054 1868 11328 2550 2126 14174 2107 1775 12208
35877 3515 11084 734 12874 1654
35878 14392 3440 7318 1156 820 2858
35879 6837 6838 4000 955 5201 1197 9220 3595
35880 12537 1054 16466 1521 6427 7696 17730
35881 6240 14471 2340 11107 7868
35882 7506 1428 14004
35883 1388 44 853 3007 949
35884 9918 1237 7957 4768 2385
35885 9785 7404 732 657 10314 1893
35886 4388 10148 7257 911 2543 1562 643 4958 4918
35887 2388 300 8655 12456 12681 13819 9369 13551 5723
35888 19 9334 13546 3729 2544
35889 4297 6208 16107 4071 5595 7431 537
35890 6837 6838 6287 836 7151 9544
35891 12386 10778 10273 5242 5090
35892 1134 6655 15876 6365 2110 3858 8659 4773 151
35893 90 4740 12165 7360 1433
35894 3351 1227 2768 9543 13651 12557
35895 1949 3570 14252 15247 15492
35896 18328 9612 2451 7347 11774 393
35897 403 3323 11145 1144 179 18319
35898 4967 4299 15987 11972 15309 2992 5157
35899 6490 7715 17715 7962 3168
35900 7512 2358 810 5418 123
35901 6004 9981 1520 10934 8913 321
35902 3037 1806 14153 11736 8753 2183 3329 4183 14122
35903 518 3430 6434 10899 11174 8248 9857
35904 12338 7331 6043 4027 15680
35905 2072 12868 2669 17682 2110
35906 4469 7138 16515 15135 3912
35907 1679 733 2830 2767 130 5698
35908 8492 4851 1177 4777 4031 5919 1643
35909 6340 1116 16379 217
35910 10306 3359 2316 7030 17160 1629 791
35911 12624 8126 8391 7247 4944 11118
35912 2107 13413 12441 3291 2742 13422 2914 2598 12461 6064
35913 11240 8730 24 18263 2183 3799 14134 1060
35914 9308 1923 151 11531 14795
35915 4844 15981 10744 10215 16677 964
35916 10316 8014 2836 2082 14070
35917 10687 10608 6861 8953 14065 3293 45 13225 14271
35918 10217 671 2994 3722
35919 14816 8600 730 10416 12558 7297
35920 3389 3593 12840 17777 11142 13214
35921 9 9771 16379 3248 7199
35922 14791 6090 8147 3308 17905 2646
35923 17344 10149 182 3000 8193 10418
35924 12573 2967 2673 6254 12468 7775 11200 2098
35925 167 1114 4880 2020 17308 4287
35926 5969 1109 2482 4475 674
35927 2309 808 3911 3063 16600 6125 1562 183 2558
35928 8544 12965 2848 43 2158 2119
35929 8047 15457 11638 5722 11963
35930 3594 17163 1093 1587 674 2627
35931 6634 4097 2591 239 2225
35932 234 4715 3031 2681 12112 1157 5027
35933 14386 17712 9571 1017
35934 1708 1114 12907 4744 13552 11484
35935 8750 902 2451 281 4406
35936 4169 14123 3673 15873 812 1006
35937 3240 9064 6881 9291 16569 14140
35938 3288 4500 151 6923
35939 820 844 16846 11510 10608 45
35940 7034 5237 6749 4820 10517 9645 11451
35941 17346 520 4575 10805 11529 16657 3040 8474 10914 1108
35942 4096 5650 5241 12954 2362
35943 6060 1894 2703 6211 12699 11196 1753
35944 2777 9592 2886 432 2290 2726
35945 281 1176 2403 2167 13525 10629
35946 13456 5110 17030 15702 6950
35947 7091 16 801 1826 10313 13091 6531
35948 413 6655 17512 7761 17196
35949 13525 278 16903 5534 9827 8460 585
35950 3045 10996 14209 234 12682 2777 45
35951 18034 9509 13813 14280
35952 3431 7258 8155 1172 10058 3590
35953 5855 9111 7969 1033 5885
