19413 7752 357 1098 6892 110 2791 612
19414 7786 1738 4925 7348 415 10906 11274
19415 506 4731 6572 3278 11627
19416 10941 5582 9379 6454 11834 11905 8318 1808
19417 2564 5604 10434 1861 7062
19418 10567 5040 5042 6912 6048 11099 7472 8940
19419 10526 6827 8025 6050 4867
19420 11123 6346 1492 6051 2016 770
19421 7669 4177 352 11003
19422 3511 6495 4526 508 2743 3651 969
19423 87 1803 11451 5543 9825 9527
19424 620 8 1620 3507 3604 1436
19425 1153 10912 51 1187 6038 1186
19426 7013 11675 9459 279
19427 5720 2513 4454 2573 11152 4162
19428 1307 3035 2138 4630 10091
19429 5071 3904 1997 2261
19430 2835 11316 5254 7447 952
19431 5783 2303 4776 4663 10132 11379 8286 1558 8167 6464 6662 8827 4401 8822 5864 2095
19432 67 3311 1692 11169 4771 10324 3858 1929
19433 7731 65 308 5205 10624
19434 8248 10273 4886 11864 11229 4117 3816 148 5703
19435 83 5475 8146 1893 1855 1846
19436 582 4215 214 5352 4830
19437 7872 4565 2649 3801 1322 9491 1435 1661 966 5112
19438 3806 10818 355 1830 2141
19439 324 7139 7246 350 992 6376 10861 4197
19440
19441 2856 4570 8300 294 8439 2126
19442 5457 1029 1157 1351 1609 1032 932 5029 1151 6737 720 8935 382 480 1703
19443 609 6572 2403 7182 3614
19444 1099 1307 323 11560 8297 776
19445 2211 10536 544 11592 2706 2901
19446 6058 89 832 8189 430 1691
19447 2290 8239 2743 9945
19448 7467 9052 504 11333 9855 11540 8498
19449 3688 1358 275 7264
19450 1602 3259 1149 3703
19451 4429 5561 1678 832
19452 10099 256 3639 10210 3062
19453 1846 9533 4927 6885
19454 8137 6786 4391 2397 3239
19455 4228 4140 10711 4433 9137 1393
19456 6356 5916 9806 1233 2831 10030
19457 3026 6 11424 9762 9382 6469 1770
19458 2599 7074 11610 2103 1804 8486
19459 10346 4701 3090 1647 8118
19460 5075 7763 4842 11477
19461 7735 10550 7930 10180 4019
19462 5240 1066 11229 1200 9912
19463 2442 197 6801 7578 1912 2113
19464 4520 10876 7431 2358 1248 6889 2938 6298
19465 2280 1255 10459 5009
19466 11363 1516 2230 5536 4766 11043 8085 2343 6827 8816 9002 1223
19467 1272 11817 6061 4846
19468 4263 9360 3971 8631 2997 10117
19469 4529 4117 8109 1372 377
19470 3833 11603 9509 3405 11870 8818 4911
19471 3944 283 10012 8828 5017 3423 1830 6318
19472 3491 10399 6032 8989 4892
19473 4339 4805 4527 9739 7201
19474 600 7278 10050 3694 4515 9954
19475 9456 11724 566 567 400 4060
19476 1602 9236 11487 11070 3366
19477 4339 1354 8127 4876 9160
19478 11440 2513 5657 6032 10829
19479 2645 6002 613 1343 1880 1341
19480 2477 5888 5819 3181 5893
19481 9982 2888 8203 4321
19482 174 5299 4811 6418 4258 3155
19483 9287 90 10151 11618 11516
19484 463 3489 11094 4487 3026
19485 8610 3918 8418 842 1161 5556 1023 4665 4908 1862 1078 1561 4684 971 428 7835 8419
19486 2242 7069 11793 2046 3173 8605
19487 7957 6203 3356 6486
19488 3561 3083 4967 8063 515 2173 3398 499 5744 1553 954 414 11748 4812 5508
19489 187 7270 283 5543 4935 4340 724
19490 624 867 5573 894 4012 8188
19491 6135 2031 3003 7896 10735 3296 984
19492 645 11365 11441 4189 1272
19493 2292 3363 1242 3305 118 3827 1315 10701 1260 2934 969 839 836 841 840 1079 1562 2204 5424 1558 11776 7094 983 1227 4602
19494 39 4428 3796 1602 6871 9217
19495 453 3953 9034 8242 5759 4140 6910
19496 868 11310 10082 4778 3140 6279
19497 6952 452 2303 8658 7110 7445 5778 8420 7043
19498 1094 2649 6044 9459 10670 1911
19499 8095 34 764 2320 11784
19500 1647 1137 1717 8660 1370 1056
19501 1252 1003 5012 3993 5011 10076 1141 1233 1742 6726 1120 9887 5542 1359 6740 382 10515 1292
19502 438 4936 10549 2027 6944 7234
19503 190 7022 383 5737 10439 2820
19504 4213 6984 9693 573 8374 1129 5040
19505 698 11180 6919 2700
19506 11026 48 5771 2887 6108 4175 7195 7345
19507 4694 10776 969 8986 4265
19508 10377 7669 1624 11142 586
19509 233 8631 10204 1487 11861 10458 1905 1993 1964 1364 1399
19510 48 6595 11525 7404 51
19511 8376 6983 7128 3356 2384
19512 888 3903 6173 6103 2024 6383
19513 2877 11359 3251 7832 1345 5178
19514 1695 5491 1126 2367 2667 1487 1245 4594 6699
19515 23 135 7604 6486 1203 1825
19516 671 6662 1124 1051 2325 1032 1195 1393 1138
19517 662 363 5978 185 3199 5
19518 10651 9171 487 5067 8999 8815
19519 4654 741 240 3600 6884 2894 361 645
19520 2238 6504 8163 1830 933
19521 1954 2557 11423 5583 9491
19522 1485 11138 7042 508 2974 784
19523 4691 463 8972 5200 967
19524 923 11412 8634 3252 6899 1802 4759
19525 2100 940 7213 624 2234 6166
19526 2924 3913 501 502 3868
19527 1241 155 1310 4315 6737 6518 1520
19528 354 8799 4930 2953
19529 3126 7570 3309 10065 10965 2941 7001 1591 2607 6535 6727 11666 10382 11354 4907 1615 8998
19530 4259 11738 2804 10095 6000
19531 639 199 1280 1351 1625 1123 348 5317 3015 4784 1036 1341 812 2728 5030
19532 3089 5747 6435 6885 5826 7227
19533 4806 6044 8009 610 4217
19534 3329 8438 997 294 8237 1005
19535 8531 1599 9785 1549 5240 1066
19536 181 1572 10837 11914 11856 2726 10830 2462 7234 987 1074 4600 7094 1438 1592 232 6123 1318
19537 1546 346 464 9800
19538 9315 5406 1868 7232 727 2111
19539 6872 461 2316 6273 6333 2696 2790
19540 1180 3963 6756 7090 2182 4672 6093 6129
19541 7986 925 10163 9577 5578 11527
19542 5279 8481 4477 7081 3091 10809
19543 1248 2037 10358 11681 1304 1447 1306 6465 949 250 10679
19544 8869 1157 1392 4889 995 4108 1470 1646
19545 1271 196 4710 11314 7522 11677 6060 1506 8550 9970 8802 5017 959 5823 963 964 963 1654 1217 2729 1178 1184 1687 1178 2964 987 1458 9342
19546 2356 5414 256 4088 3860 2900 2205
19547 7266 7817 2005 11562 10649
19548 2351 528 627 7302 4299 2457
19549 4205 11534 4186 10066 6507 10067 10319 3192 2248 11660
19550 1723 9486 5410 1017 3879
19551 1060 4074 201 1324 942 1653 3899 3401 4600
19552 272 2172 46 8847 7363
19553 1274 1406 2567 9523 4663 4989
19554 5783 126 8117 8107 4499 8986 7658
19555 2920 1091 7158 3905 3910 5939
19556 4553 11713 5601 11362 3488 10529
19557
19558 1598 3089 8106 11499 7935 684
19559 1819 2417 11647 4976 4532
19560 410 1212 10649 1653 11780
19561 5082 9246 6056 11527 2570
19562 334 1998 11175 6900 9140
19563 11325 1853 8386
19564 3078 1533 10701 6885 7075 6871 1511
19565 2047 4081 10538 8447 3075 1610 7318 6454 5412 6032 5820 2062
19566 910 1548 4704 201 1064 1359 5742 851 1616 5556 949 854 1703 416
19567 1849 1993 4163 1931 1880
19568 11052 4800 7754 506 9762 1573
19569 6588 7476 2331 7177 359 2270 11527 2570 8758 4266
19570
19571 5778 6565 11848 4925 7348
19572 80 5868 4801 3538 10326 11787 8263
19573 369 718 4398 9723
19574 1977 11314 11315 1181 6696 1553 3407 1400
19575 6662 7647 1796 2157 1817 12 1792 2126
19576 2501 1272 497 9808 51
19577 1419 128 11629 10680
19578 10490 9118 8520 11748 1326 7288 1347 9093 4371 1767
19579 658 11535 5810 2020 464 6900
19580 5308 11828 3150 8441 9192
19581 5955 9613 1784 1257 5647
19582 8060 4197 465 8482
19583 64 5571 7274 9803 4122
19584 2771 8479 11920 5174 8587 5832 4995 9808
19585 909 3534 4126 8739 11211
19586 2679 10102 1565 4783 2673 10022 5196
19587 6721 6949 6957 10210 2185
19588 9056 9801 1427 1425 51 3184 2110 1084
19589 8798 6313 3419 6901 1610 793
19590 174 9683 5284 8045 2248
19591 7060 6785 11320 6951 5989 9820 6223 5040 7935
19592 6890 1973 6376 465 7978 2453
19593 3738 403 7734 765
19594 1501 1076 1286 812 1076 1528 980
19595 5522 8133 7128 11681 4423 11520 840 1586 974 1487 1011 10738 971 8120 974 1292
19596 1029 1057 10964 8740 7633 8122
19597 808 3017 823 1568 4510 4202 3102
19598 6697 88 9498 8281
19599 5287 408 10511 2540 5010 4266
19600 627 2457 5932 4181 3026
19601 5404 4504 7837 3981 6126 6804 4253
19602 6439 6943 283 11654 39 10966
19603 10733 920 1136 932 848 946 1553 9328 1645 1396 1311 4908 1433 3040 422 79 1259 811 168 656 816
19604 1602 196 9315 1129 128 6999 9435 1218 1044
19605 4640 1070 2593 9871 2810 4722 2690
19606 10547 7910 10146 6028
