19413 6662 1716 854 6772
19414 6662 1118 7850 1138
19415 8363 3214 4842 311
19416 1124 852 4621 6662 6662 6662 6662 662
19417 6662 8872 1620 9474
19418 1334 4422 6662 2726 6662 6662 1724 6662 6662 6662 6662 1354
19419 5165 8012 161 9915
19420
19421 9296 10074 9068 9294 9298
19422 6662 146 147 148 1946
19423 6662 2742 6662 928 6662
19424 6662 2211 5300
19425 8496 1354 1272 6662 6662 6547 2303
19426 6662 3887 1081 3540
19427 7060 256 4832
19428 656 4215 8809 7349
19429 1530 1775 7312 7188 6662 9709
19430 6662 6662 3011 6662 6662 6662 211 6662 6662 601 3918 3905
19431 6662 10519 8963 6662 6662
19432 11125 9164 3859 3859 787
19433 6662 11374 10909 6662
19434 6662 1015 826 6753 6662 1136 4639 1366 3898 1211
19435 6662 6689 7888 4264
19436 3243 1567 6595 6960
19437 900 74 8823 3847 6662
19438 2737 3670 6662 1451 6662 6662 5144
19439 2442 4572 9556 11710 854 6662 2571
19440 6662 3008 2725 9051
19441 5488 4216 4162 6662 6662 6662
19442 6662 854 832 414
19443 11352 4412 1509 337 1573
19444 6662 1029 6347 1066 1070 785
19445 6662 1676 1336 1511
19446 6704 348 940 6662 1494 6662 10985
19447 6662 6733 6662 1118 1052
19448 6662 7427 552 6662
19449 6662 2780 5417 756 8187
19450 9484 11288 8820 1108 296
19451 1720 3193 3953 3954 7814
19452 6030 8297 9583 658
19453 4408 2834 6376 6849
19454 6662 337 11563 3173 2574
19455 4317 2870 3678 4937 2058
19456 6662 1426 6825
19457 6662 720 6662 6662
19458 6662 3090 7734 5460 6518 1286
19459 6662 7745 961 6662 11627
19460 5007 3790 6143 6662 6662 6662 6662 6662
19461 6662 4908 6662 6662 6662 6662 6662
19462 3115 7604 6723 8120
19463 6662 8640 193 6662 6662 6662 6662 921
19464 185 3953 3954
19465 4278 4694 361 5975
19466 6662 8184 6846 5534 6662 6662 6662 51
19467 1964 6227 2675 161 6086 1488
19468 193 1029 1099 940 3858 1182 969
19469 5492 472 477 367 34
19470 1766 684 7702 2028 6662 1441 4579 2792 6814
19471 123 1543 6084 3052 2870 11167
19472 9192
19473 6662 7937 3736 4810
19474 1271 6733 6662 1484 720 6319
19475 5127 5703 3307 863 1729
19476 6662 2531 6662 1494 6662 6662
19477 6662 9464 266 7922
19478 10719 10166 5097
19479 9239 6662 5805
19480 6662 6662 5703
19481 6662 3858 265
19482 6662 1272 6662 553 6662 6662
19483 452 1183 9887 2428 6662 2239 5517 8700
19484 6662 2784 6662 4854
19485 6662 3050 1950 2917
19486 6662 7143 2780
19487 6662 11506 8986 3984 6662
19488 190 313 1546
19489 2984 8824 2267 5409 6662 6662 552 3321
19490 6662 11605 4622 6662
19491 8509 11441 1840 6662 1351
19492 988 10529 5839 4768
19493 4439 5149 684 6662 11074 6662 806 3160 7502 9241 1137 1615 966 4974
19494 551 27 80 363 5273
19495 444 2437 4810 4695
19496 7016 3483 7958 1354 6662 4925
19497 884 897 467 610 6662 6662 6662 10403 6662 6662 1272 6662
19498 5767 1614 1613 8816
19499 6117 7466 4036 1308 8457
19500 3192 2366 408 1708 1528
19501 6662 853 2612 1178 6662 916
19502 5068 1035 2938 3192
19503 11461 1990 2957 2187 980
19504 5879 1354 1354 4626
19505 8303 1602 623 4657 6662 1245
19506 6662 6960 11867 5411
19507 4890 1124 8113 6662 5067 496 6662 2444
19508 6662 3619 6662
19509 4801 3963 7767 11678 11921
19510 4583 2775 2369 6662 6662
19511 551 361 6261 940 6662
19512 3192 674 2850 185 3315
19513 6662 1001 6662 1001
19514 7423 4934 6662 8180
19515 6662 1376 8931 3080
19516 6662 6662 6351 6662 1751 6662 6662 11042 9913
19517 6662 1124 1632
19518 6662 1393 1621 1621 3963
19519 6662 11554 2649 747 6662
19520 6662 3621 6662 6662 6662
19521 6662 273 6662 6662 6662
19522 409 1621 3825 1715 385 1648 1470 756
19523 6662 348 6662 261 6662 6662
19524 6662 940 6662 6662 6662
19525 6662 6662 9530
19526 7371 8623 8001 2428 9591 6662 6662 6662 8240
19527 46 1107 7191 2378
19528 4244 9968 2209 9908 79
19529 6662 7385 410 6662
19530 6662 51 2211 7763 3382
19531 6662 4863 6662 412 6662 1354
19532 6662 3595 5703 11235
19533 6662 2513 2232 2504
19534 9084 10521 4502 143
19535 530 2303 7605 6662 337
19536 2954 815 258 10822 6662 318
19537 6662 1306 1134 6662 6662 1336 11342
19538 3027 7843 3951 6662 6662
19539 4477 626 2221 10710
19540 7982 851 2415 6662 6662 6662 940 6662 1306
19541 2648 338 6997 1625 953 1354
19542 6662 1393 1621 413 7071
19543 6662 928 1053 7029 6662 6662 51
19544 6662 2189 6662 6662
19545 1124 127 5742 6662 6662
19546 8249 601 5573 6662 6662
19547 5338 308 3964 11538 211 2373
19548 6662 185 1354 6662
19549 6662 3920 6662 6662 6662
19550 6662 1124 6662 1128 3091
19551 6662 10818 1286
19552 6662 5141 6662 6662 6662 6662 3903
19553 6662 363 11343
19554 52 361 1614 5467 6662 1118
19555 4649 5534 5534 7552 4491
19556 1534 6527 2995 6135
19557 6662 4550 7407 6662
19558
19559 6662 6660 2339 6662 3622
19560 6662 1494 1157 7234
19561 2713 5959 9255 3143 2931
19562 10767 6662 6662 6662 6662 2444
19563 2232 51 146 147
19564 6662 1282 6662 7016 6662 807 6662 6662 2543
19565 11219 10008 6899 11779
19566 8042 2084 2162 3329 1221
19567 6662 1040 88 247
19568 1472 187 2586 2784
19569 8288 8113 8815 4421 2404 10794
19570 2835 7030 359 1901 6334
19571 627 3665 1001 10154 6662 6662 5435
19572 1153 11868 374 6001 3797
19573 601 949 6662 8820
19574 3182 1912 371 4841 4841 631 5782
19575 6662 1676 850 854 6316 8220
19576 6662 2444 7264 5759 1285
19577 6662 1677 4108 1207 6662 1118
19578 6662 1723 4088 497
19579 7973 132 2810 8874
19580 6662 1622 6662 4662 1354 1075 1044 530
19581 3152 2658 2504 10591 4383 6897 5196
19582 6076 1242 2870 83 6662 6662 6662 6662 6662 7647
19583 6598 157 337 3157
19584 4788 11164 11627 4060 11277
19585 2742 4934 6346 6662
19586 1954 3262 10818 2870 5519
19587
19588 2353 1069 1133 1245
19589
19590 3730 1257 2086 4532
19591 1060 6439 6571 6662 6791 2203
19592 514 6401 3413 7960 1613 2569 2393 10210
19593 4889 1622 1007 842 5840 231 1712 3338 1635 1229
19594 4698 7096 10375 6662 7322
19595 6662 7093 1825 6662 6662 6662 11042 6662 6662 805
19596 6662 1118 2933 1728 6662 6662 6662 6662 6662 4954
19597 6662 1029 4644 6662 6662 6662 193 4697 673
19598
19599 3001 1203 953 5606 9931 8968
19600 6662 2543 969 3183
19601 6662 3254 3859 381 6662 6662 6662 252 8965
19602 97 4440 7585 4114
19603 440 8113 6662 712
19604 1441 1124 2825 2207
19605 6662 1118 413 1068 4576
19606 1740 4622 10335 6662 1405 6662 8485
