19413 1354 404 5546
19414 6585 8986 702 11875 4210 10836
19415 2567 461 8736 2540 2989 6662 279 647
19416 6662 7568 1602 1203
19417 343 501 11148 6662 6662
19418 3932 51 146 147 8467
19419 2159 5307 5536 966 4985
19420 3026 1570 2932 966 6473
19421 193 7336 3708 6662 6882
19422 6662 3158 6033 4576 50
19423 6662 3920 6662 54
19424 1904 6565 1319 11596 6662 6662 6662 6662 193 1124 1377 198 5880 1035 1660
19425 11648 8113 8118 8827
19426 4696 1055 7970 10899 1333
19427 6662 3643 2606 8986 5540
19428 6939 275 4493 6860 11699 6653 6274
19429 992 7683 4608 2202 969 6662
19430 6662 83 6662 6662 553 1048 23 5211 757
19431 6662 1521 720 8317 5886
19432 273 6568 1319 11885
19433 10705 7179 10671 7607
19434 6565 4832 51 7567 1988
19435 1756 11503 4449 1612 2818 1470 1245
19436 3917 802 395 5028 4630 6274 6662 6662 6662 7942
19437 6185 2531 7553 6662 7001 6499
19438 6662 940 6662 6662
19439 6662 5008 855 4628 1211
19440 6662 9052 1479 2047 718
19441 1695 1483 3902 6662 6662 1494 994 1450 1208 9200 5623
19442 7731 3092 6213 4959
19443 74 5617 2373 8851 2252 674
19444 10164 9815 5646 3062 809
19445 6662 6662 7637 7769
19446 3391 1792 1788 2012 1943 6662
19447 934 6662 193 9902 6662
19448 2516 1518 1048 824 6662
19449 6662 4623 373 375 5716 3858
19450 1817 7124 4159 1450 6662 1118
19451 10505 4578 4464 6662 1707 10580
19452 4282 7185 555 6319
19453 8329 7509 3561 8428
19454 6595 3970 196
19455 6662 5040 10462 6662 7192
19456 6662 10146 3245 6662
19457 8055 9032 3065 413
19458 6662 51 1688 5564 6662 7354
19459 6662 912 6349 7201 6662 6662 7363 6662 2592
19460 5140 4479 10912 7303 6662 2834 6662 1451 6662 5177
19461 6662 7376 1066 1239 1470 5603 4580 1574 6662 279
19462 5730 940 2053 4135 8133
19463 6662 1157 8656 7702 6662 1573
19464 4079 624 3523 6482
19465 6662 5008 6608 8294 764
19466 3960 3970 6469 4299 6662
19467 2292 6662 6662 4177
19468 6662 553 855 1503 1220 1173
19469 4509 6871 4010 6227
19470 8501 2345 445 2887 9502
19471 3511 5526 2867 4458 5274
19472 6662 6056 6662 6662 6346
19473 6662 4302 9936
19474 9401 10204 2393 3993 8572
19475 9597 2326 2664 1295 6662 2057 1516 9176
19476
19477 9796 7976 11883 6572 3522
19478 11371 6377 4990 8534 3860
19479 1515 6704 1239 1001 6662 7238
19480
19481 6351 2 6662 1492
19482 3289 4036 1784 5462
19483 6662 2330 3816 2229 1678 6662
19484 6662 9244 2487 6662 6662 3100
19485 51 146 147 148 149
19486 6662 1118 6662 6662
19487 101 10506 7826
19488 51 146 147 148 2081 1314
19489 6662 2211 431 9274
19490 8126 9931 10365 5014 9444 2427 2212
19491 7375
19492 4398 4464 1799 6927
19493 6662 11129 10818 5062
19494 6662 185 447 65
19495 5445 5236 11290 6662
19496 51 146 1025 1830
19497 6662 940 2389 6662 6662 6662
19498 1419 361 6856 924
19499 6662 1730 517 6662 6743 1231 6662 6662
19500 6662 7568 3963 6662 3886 6662 7171
19501 6662 196 994 1380 1501 5880 1716 1519 1622
19502 4670 10592 1589 1355 174 1779
19503 6886 6891 5198 11216 7110
19504 11358 6662 6662 6662 6662 4175
19505 3960 5284 5291 10578
19506 10396 4948 1620 8991
19507 6662 3625 6662 1118
19508 6662 6274 5502 2428 6662
19509 6662 3262 8768 6662
19510 7350 2515 9356 7293
19511 7637 6662 7523 6662 204 6662
19512 6662 919 6662 6662 6662 2367 6662 6385 6662 2725
19513 6662 7152 10220 8390
19514 5202 2751 11175 9317
19515 6662 11605 8787 1709
19516 2577 1494 6662 6662 1427 6662 6662 5882
19517 6662 9077 10715 8798 966
19518 10004 6743 3902 6662 6662 74
19519 1774 3315 318 3570
19520 507 10589 8347 4309 9629 5918
19521 6662 1061 6662 1766
19522 6662 2211 5505 6662 6605
19523 10637 824 5224 1340
19524 7529 10770 2373 254 7471
19525 193 1517 1450 4686 6662 3295
19526 3749 225 1074 3192 51
19527 6662 3356 3963 6662
19528 2464 10208 11093 6662 80 196 2863
19529 6662 348 3963 6662 6662
19530 6662 363 5448 1600 6662
19531 10069 11751 6910 6892 10565
19532 6864 1738 3009 1645 2933 1037 4528
19533 6439 5534 2408 6662 6662 7820
19534 6662 1124 932 1509 1573
19535 2885 6531 4821 395
19536 2080 1870 51 2950 1830 2095
19537 1508 3964 4295 4646 2017
19538 1812 3703 1409 19
19539 6662 7025 11288 7687 3321
19540 6662 7768 337 6662 6662
19541 1797 4691 3146 2091 1914 6897 4901 9297
19542 7963 5359 10802 3903 10891 3058 11700
19543 6662 51 146 147 148
19544 2379 2229 6662 850 6662 6662 5029 5541
19545 361 8553 4488 11341 6662 4882 6662 9222 2664
19546 6662 8879 7888 6763 6662 4763
19547 2887 3913 3858 3957 46
19548 2513 11122 6088 458
19549 1695 51 4458 2339 2204
19550 5421 2388 3026 1420 10243 6662 6647
19551 174 4918 2457 2786 6471 2188 5394
19552 6662 9257
19553 3858 1182 2231 1937 6951 5427
19554 51 146 147 148 149
19555 4393 5638 9374 127 4253
19556 6835 284 3227 7665
19557 6662 7942 9309 6662
19558 6662 51 7145 6983 1915
19559 4948 2286 854 361
19560 4935 6627 11229 10013
19561 4481 4240 6662 279
19562 6662 1516 2231
19563 6373 4993 5222 58 11523
19564 1376 1718 1445 2040
19565 379 9225 2292 6662 4008
19566 8446 34 4357 5300
19567 6662 2651 3054 3143
19568 7699 3372 4063 2810 10694
19569 111 7359 374 4841 8502
19570 6662 1124 1451 6662 6662 414
19571 2803 4654 4863 6662
19572 10230 2725 11345 4357
19573 6662 5746 6662 6662 3697
19574 558 10228 1336 9046
19575 6662 1272 5820 3720
19576 8038 4999 1334 6662 4060
19577 271 7440 1107 2203 9887
19578 6662 1723 1496 5818
19579 6662 9423 1137 969
19580 6662 792 4088 287
19581 6662 400 1355
19582 6171 2250 2649 2369 570
19583 6662 5780 9312 5660
19584 6662 5703 1418 6662 4269
19585 1766 8673 80 4027 4528 447 8824
19586 6662 9222 9611 3703
19587 3200 818 8199 2065 361
19588 6662 1865 4561 6662 4088 11297
19589 3026 51 2139 256 3177 9321 1836 6075
19590 6662 363 6662 6662 6662
19591 7301 8690 5 2988 8457
19592 361 5610 10793 11167 8653 4893 487
19593 6662 3263 6662 93
19594 942 1137 3249
19595 6662 1235 720 1282 6662 6662 6662 942
19596 6662 4934 10122 6896 6662
19597 6324 5640 6285 6317 236 1112
19598 112 2833 6662 6662 6662 6662 8442
19599 9983 7497 6662 6662
19600 5224 4287 508
19601 6662 51 1272 1792
19602 6662 408 6662 1351
19603 2126 4561 6662 51
19604 6662 5882 6662 2311
19605 6662 7025 2209 4160 3816
19606 6662 1124 11605 5662 4254
