19413 6662 4296 4065 11880 2673
19414 1386 3800 4622 5759 5318 11409
19415 1153 11785 1001 302 7040
19416 10099 8407 3175 6108 1720 9405
19417 2318 3913 5158 51 146
19418 10 11611 81 1909 5232
19419 6662 3964 994 5460 412 684 9833
19420 6662 1252 11909 157 4104 1691 1142 223
19421 10077 8113 7086 8113 5196 8821
19422 6662 731 6775 6662 1612 553 1256 4077
19423 2326 854 1037 945 6662 1279 1232 1742 851 4581 1259
19424 3315 624 9866 7614 10930 11175
19425 6662 1516 6662 10820 6662
19426 6662 1272 7676 1278 1527 8935 9730
19427 6519 11581 2247 3234
19428 4656 6662 1572 7905
19429 1237 6662 1620
19430 6662 1124 5276 6662 2726 4350
19431 5522 3742 2185 10735
19432 6870 9168 11185 5276
19433
19434 1016 1272 1682 11501 10601 4184 361 2569
19435 7100 10148 1072 1442 6662 4141
19436 437 4719 4720 5829 11150 1683
19437 80 7554 7072 1620
19438 3858 3857 4502 1182 8879 6662 6662 6662 5024 552 949 6662 6376 51 1159
19439 333 1130 1154 1030 1324 2929 1573 1066 1573 2664 1551 793 4759
19440 6662 1271 6662 9301
19441 187 16 2388 1450 6662 2211 3917 6662 7011
19442 4 3936 1895 776 4852 6538 5813 3091 4195 27 4214 2961
19443 4763 1676 1097
19444 6662 1073 10213 4415 6662
19445 6662 1723 6775 10978 6662
19446 1751 6566 4873 261 2828 5505 8869
19447 4002 10039 500 6662 2784
19448 6662 6094 1624 8777
19449
19450
19451 6662 1124 691 6731 6662
19452 335 4348 8534 2784 1245
19453 6662 724 1394 1285 964 4456 1061
19454 6775 6768 6731 6662 601
19455 6662 937 854 11868 3168 8099 1279 2539 5649 613 793 1114 826
19456 6662 51 622 1123 7515 10259
19457 9583 1156 835 6662 6662 1927
19458 9571 3695 5309 7343 4726
19459 3934 215 6986 6962 1511
19460 6675 4368 5354
19461 2797 6088 11921
19462 3726 11167 2587
19463 1451 1570 1455 1238 553 4742 1655 128 6662 6737
19464 6662 716 338 4364 1194 6662 8111 4092 3288 1427 3170 4457
19465 6826 3858 4559 2369 570
19466 6662 6915 1728 6662 11462 3018 9912 6662 311
19467 6177 1307 7404 4005 552 2409 4186 5726 3449 3725 4032
19468 2358 363 5465 190 9409
19469 6077 1001 8112 2501 7087 1197 812 223 751 2316 663 1788 1564 1264
19470 6704 837 4646 265 1059 5886
19471
19472
19473 6662 732 11000
19474 5476 1620 273 256 3959
19475 6979 10239 256 518
19476 5818 7632 1483 3725
19477 5421 10459 11218 1214
19478 1695 8260 5880 829 6662 9265 6662
19479 6662 1744 338 6662 1245
19480 174 1320 2816 1001 6662 158 1215
19481 4339 10613 6751 6031 7160 854 410
19482 6662 1424 9989 2217 51
19483 2713 11550 2666 330 7931 246 1646
19484 9770 917 5066 4007 5606
19485 4365 4292 8619 5702 6662 850 10424
19486 6662 1029 1255 3911 937 1715 5888 1283 1039 854 1286 1403
19487 7380 1591 6464 2823
19488 1203 4253 4532 7448
19489 2316 4033 4470 7206 4021
19490 6437 3192 7760 2562 6662 6662 10056 6662 5240
19491 1337 8809 2491 1025 836 971 437 1464 1178 777 1801 2428 3373 1333
19492 7709 4607 9312 6662 1529 6990
19493 6662 89 562 10166 10445 96
19494 7524 11794 2321 1886 6261
19495 4565 7848 51 7764 1886
19496 354 113 364 8378 427 952 11342 10286
19497 3415 1235 1688 265
19498 2797 1808 2370 9837
19499 2417 9713 5818
19500 6662 1568 7228 3897 1286
19501 1944 7237 1799 6775 6662 6662 52 1225
19502 7255 8384 7119 136 1665 1052
19503 11487 2417 2022 11129 4348
19504 6662 6733 1307 5883 941 6662 562 6662 2543
19505 6662 1272 6596 6662
19506 3592 5421 9068 6662 9459
19507 6662 1154 1950 6554 6266
19508 6249 1502 857 3338
19509 2423 1001 3858 2 6662 3216
19510 1399 461 11008 6603 11584
19511 9003 11452 7702 11175 4683 1859 1744
19512 6662 1354 4224 7661
19513 1993 5597 3268 6662 7509
19514 2763 4166 685 2053
19515 6662 2531 7384 6662
19516 9278 2877 969 6849
19517 9412 1731 881 2256
19518 507 4920 7082
19519 5544 1677 1408 6662 1265 3963 1647
19520 6662 1118 2395 9068 6662
19521
19522 2877 2450 3031 4166 2913
19523
19524 8462 3550 10159 6556
19525
19526 6662 9179 7202 1107 11534
19527 1349 668 329 2423 474
19528 4007 158 10859 11803 8514
19529 6662 235 2933 6662 1621
19530 6662 1351 2161 853 1469 813 4355 3249
19531 864 7323 3320 2971 6662
19532 3569 10268 7147 6876 7757
19533 6662 1124 6889 5067 3960
19534 8671 87 6348 4820 6662 93
19535 3026 1130 1131 1572 339
19536 3744 1725 1265 854 6662 211 6520
19537 1766 423 464 684 8871 3855 5996
19538 5257 11161 5430 5747
19539 4007 3278 2444 1770 5198
19540 6662 1351 3684 724 6662 3052 1086
19541 2637 6495 3237 4622 6662
19542 6662 80 11310 448 871 154 1033
19543 6662 1124 1572 1118 6662 6768 2258 1118 4589 38
19544 6706 3318 1770 5947 1393 10312 7842
19545 4546 4927 6333 5678 11858
19546 3192 3359 2373 4398 783
19547 108 4186 2131 472
19548 600 11009 3743 5043 4323
19549 372 4391 5787 10514
19550 6662 8240 1066 1413 361
19551 6663 3037 960 192 3813
19552 10450 5570 6252 6662 6662 4740 6662
19553 6662 7264 9374 8210
19554 6390 1237 10108 11027 477 4541 9387
19555 5008 6581 11576 5048 9275 5834 3953 4771 2754 3361 2440 4447
19556 11117 5789 9632 11370
19557 361 6584 7763 5360 4277
19558 3883 6387 5040 26
19559 1347 5458 3020 8247 486
19560 1762 9458 7385 11636
19561 6831 8442 8707 2228 11235
19562 2484 4242 10249 3849 445
19563 361 4144 1035 9008
19564 2741 2808 940 6662 8655 6662 6662 921
19565 5783 7483 9609 10418
19566 3276 7766 2183 3248 1962
19567 3999 3706 1393 6662 11835
19568 6662 8886 936 1066 6662
19569
19570 6565 1870 1799 1889 7070
19571 6662 11605 9588 11850
19572 6662 3415 1986 6867
19573 4869 1182 11142 2563 4538
19574 9481 8116 7384 372 326
19575 8013 2956 2957 9086 2746 1907 6571 1174
19576 3627 7474 969 7440 11502
19577 11405 530 3858 6182
19578 6662 1029 235 724 6662 7873 1354
19579 1203 4502 8834 2982
19580 5618 348 920 826 1279 997 1231
19581 8408 10683 4855 8157 1953
19582 6662 6652 1272 6662 6662 6662 6662 6662 718
19583 2657 8195 717 359
19584 8931 9499 3797
19585 7592 1545 586 1494 338 1484 3911 928 1232 5880 1595 1738 6662 1287 971 1558
19586 1904 1909 4933 7382 5235
19587 7862 3220 456
19588 9492 4778 1822 6662 51
19589 490 540 1909 8337 28
19590 1944 2844 1939 10373 6043
19591 1337 4686 3858 46
19592 6662 1124 552 11515 5392
19593 6662 408 2115 5225 6662 338 1484 5312
19594 6662 11444 10592 11615 606
19595 5882 2858 724 5875 4578 2549
19596 6682 11464 11129 11465 2570 6346 6662 6662 5244
19597 1335 5832 798 7981 7353 6662 6274
19598 6662 1811 5586 1790
19599 309 2268 27 506 4841
19600 5703 343 7267 4120
19601 8431 5923 2303 9619 6662 6662 1569 928 1572 829 2949 6662 6662
19602 6682 1846 1859 6274 1801 6009 18 3302
19603 9823 3320 6662 6662 4578
19604 6662 51 146 1788
19605 6662 2211 4236 1670 4069
19606 4949 2668 4287 4823 3639
