19413 59 3512 11464 665 11504 2500 9313
19414 6652 2651 1002 1103 804 5883 1230 2202 807 850 1241 8022 8498 762
19415 326 940 5978 8598 4476 1561
19416 7748 6985 3091 8109 8800 1651 792
19417 7449 8870 6723 6116 8980 6827 8816 5757 7348 9062 7191
19418 9649 1822 4937 1792 1956 1912 1912 1798 1788 2341 812 7288
19419 3491 9528 10443 5236 4547
19420 10651 10001 10784 8863 6837 6565
19421 1602 6962 5543 1511 1511
19422 8030 4267 10062 7877 8702 6839 1811
19423 233 9107 2398 622 1620
19424 5586 421 148 3992 5010
19425 9445 7354 9838 596 4338 10348 5196
19426 1235 11318 920 1566 1129 1135 5797 9920 1214 2548 157 1382 1037 1555 2548 1006 1399 1390 3868 1631 1046 3297
19427 2742 9909 1186 936 5664
19428 2066 2373 4867 7690 5536 1575 1429
19429 147 10633 1912 1815 5316 2656 9816
19430 4197 4253 11258 2592 8300 1492
19431 3539 518 155 2569 3052
19432 1823 2286 5165 3610 5040
19433 1471 4738 11274 518 9937 9836
19434 1712 9987 2547 2192 8972 5581
19435 3569 6092 3813 174 1284 5815 4603
19436 335 11911 10261 6138 6969 2784 4265 11408 7428 7429 6397 326
19437 6373 4740 377 10964 8112 11527 7905 5017 11831
19438 363 2816 11419 6723 11722
19439 1209 1233 809 6654 1261 975 265 228 229 1046 842 223 1402
19440 1266 4236 11725 1162 6740 3861 5827
19441 1123 2251 6973 196 3300 3706 1062 1265 6940 2081 7648
19442 308 5624 805 4318 6014 5582 980
19443 4369 717 7668 9523 3216
19444 1180 10139 2457 8815 151
19445 198 4077 4075 6704 1306 2905 1075 1008 756
19446 11730 1569 10991 10255 7188 9028 10594
19447 6776 8384 4221 5580 5213 3339
19448 5374 5601 6962 7327 4993
19449 506 774 2250 5144 329 5042 6048
19450 2581 2764 5221 11764 3591
19451 11590 9788 7996 997 6756 1854 6166
19452 690 11878 2567 4546 7226 7072
19453 4686 5557 4216 2113
19454 3166 30 1505 6030 2503
19455 7543 1577 81 4245 186 9508 4134
19456 1448 6010 5307 8593 2309 1283 8037 2308
19457 3212 9957 731 1354 4972
19458 1028 1267 9027 10606 271
19459 50 3956 3632 3700 8802 5746
19460 2305 6477 10822 2068 6166 1824
19461 5867 3822 10014 7108 7224 193 5875 7201 738 1194 8827 5017
19462 4073 6827 3970 6729 49
19463 2325 2858 4704 4704 5875 11592 2861 1166
19464 2198 3111 2556 11520 4482 6882 9660 8811
19465 6313 2779 4823 3987 11545 11547 6453 2692 1196 8121 2733 7959 3261
19466 2803 4033 9008 6439 5914 179 3264 466 2877
19467 5959 4682 7743 11871 5021 6603 2919
19468 467 3880 11800 731 7754
19469 1418 7116 1236 10664 11553 601
19470 80 4170 4906 550
19471 11844 2829 2784 3165 5435 839
19472 5698 812 7931 11494 6242
19473 9854 10707 2211 1870 4483 8740 1008
19474 7515 5535 3226 10255 6912 2542
19475 5388 876 6157 6439 8056 4654 4251 1589
19476 5718 3949 3905 8720
19477 3752 9152 7238 8650 3039
19478 4263 821 10016 8798 1233 1798
19479 1194 1070 5742 1456 1729 1245 1286 1007 2934 1247
19480 356 1238 4129 6803 1142 3090 7607 7535 4458 6755
19481 1993 1859 1914 2367 1232 2202
19482 7572 16 5845 4716 6444 11016
19483 420 361 6584 9795 2018 5223
19484
19485 7297 11504 1366 4219
19486 11011 6033 4445 8346 553
19487 5421 6431 9195 5880 995 1307
19488
19489 3107 9928 339 7552 7762
19490 9688 8554 4801 11871 5021 5854 1099 2202 2932 1655 1403 224 4424 9130 1292
19491 1475 409 1278 179 5880 8935 1371 156 1169 856 157 8841 4626 1074 2006
19492 7237 11553 854 4080 10413 7905
19493 3598 254 10234 3795 685 1012
19494 3858 949 5536 9638 4220 2400 1712
19495 898 2678 890 8719 7675 1850
19496 10425 4261 6357 3227 10607
19497 1960 10783 6692 11516 1817 6635 1197 11900
19498 9806 8335 1354 380 566 802
19499 147 2016 1947 1889 3939 2558 3938
19500 65 80 6645 9211 960
19501 7100 974 1626 3915 1025 813 2764
19502 6177 11654 10829 4624 2800 412
19503 1252 3987 4657 3147 10445 7905 3281 3800 9855 9821 4725
19504 7801 7982 5914 2231 27
19505 1445 10920 8862 5016 1245
19506 40 4219 5190 6846 966
19507 7798 7855 7270 1113 6536 4295
19508 506 5939 5534 9672 8192 9670 4974
19509 6662 2277 1118 1513 7218 7889 1217 9196 4245
19510 9647 6963 10768 4404 3380 2111
19511 4533 3123 2369 431 1972 4774
19512 4212 9197 8932 571 7905 1429 4325 6721 2250
19513 799 2668 5309 770 11575 9329 10251 11650 7727 2215 6153
19514 8401 632 5635 11853 2095
19515 1014 1015 4644 1238 1018 1527 1209 46 3869 76
19516 5680 1016 8812 6471 8185 1124 5752 6345 2211 1681 4910
19517 2428 10008 1246 6055 10377 1500
19518 905 5153 3972 10536 11841 2590 4384 1307 8829 854 6614 3345 7624 8276 4162 4191 8262
19519 5240 6347 11846 9654 10729 5868
19520 5129 1897 5490 6946 11667
19521 2627 2053 4160 10127 4868
19522 2351 1568 831 1046 5520
19523 5867 10436 103 11770 9185 2673 10241
19524 524 317 6561 1028 1341
19525 2503 8590 10504 4396 6971
19526 3147 3148 10515 2225 5832 2230 4821 6997
19527 11736 11163 656 232 1026 1085 1686 5030 1184 986 1177 988
19528 2140 7907 4501 6227 3953 3954
19529 11078 2633 9142 6630 5136 11581 491 460
19530 417 868 3198 4944 4093 9253 3797 6409 7519 684 10848
19531 8238 411 1553 7702 1004 1210 1283 6654 1178
19532 4143 9216 11527 6852 4732 454
19533 10668 352 5739 3479
19534 3315 4239 10009 1108 11527
19535
19536 6563 11105 2651 3675 11813 4932 5196 11725 956 8227 2934 11846 5125 1333 2142 7171
19537 1819 5279 2267 4060 524 2685 636 1033
19538 862 4093 9741 6928 4669 4609 5581 3295 7579 2521 2640 10296 5932
19539 51 146 147 148
19540 2829 6093 236 630
19541 369 7093 6090 5909 48 9382 179
19542 193 5551 2447 2303 6571 1112 8112 8118 1233 1373 4594 3249 1220 1043 656 982 8021 1026
19543 1089 1537 4919 7697 7420 11293
19544 3122 3892 7742 4810 4012
19545 11762 2593 4342 10325 4661 2685 11759 9271 4781 1085
19546 10917 1426 928 2562 1241 1354 6768 1018 1230 2200 613 6751 1002 613 793 968 1372 9062
19547 8671 5737 8768 610 11853 7346 8801
19548 3193 6531 7476 8800 784 11638 1555 1368 7177 10781 9913 7757 664 7354 24 11706 1586 1488 6774 1488 4276 4954 7265 11199 10480 11202 7708 6727 1260 1011 8660 9212 1564 2936
19549 4912 3858 2877 10058 7440
19550
19551 1252 1010 8117 4663 5628 5904
19552 7637 369 7942 5102 8750
19553 7853 7554 9712 4191 4254 645
19554 2068 1984 2245 5757 4220 2764
19555 7142 2691 4126 1572 6830 6740 665 8788 1234
19556 1052 1281 1354 7154 158 6166 961 11043 2462
19557 3755 3510 284 7544 724 5759
19558 10149 1064 3858 10805 6647 10258 842
19559 1956 2024 11877 1684 1526 2823 1285
19560 6541 904 412 4108 210
19561 6226 10613 5196 8817 6697
19562 8402 943 8112 719 4119 9306 524 799 8982 361
19563 2140 7637 1049 8418
19564 364 10073 8930 2592 3569 3813 755
19565 6541 3315 2037 10056 6969 9778
19566 2445 10678 11342 11550 43 6016 4635 879 1935 6543 1677 9342 2183 3248 1703
19567 10142 2967 8100 1414
19568 10767 7422 2198 637 186 7956
19569 111 5057 635 9521 6031 6032 6034 9229
19570 5964 9642 9500 5960 9548 4472
19571
19572 2516 936 1470 7646 752 1655
19573 1808 1853 2428 632 7268
19574 4889 2367 1394 38 1287 1233 1362
19575
19576 2513 1532 6045 1370 1374 1645
19577 9982 3953 3954 3955 5266 6819 8851 9791
19578 880 8456 8932 11543 11795 8942 854 8022 8824 6088
19579 9734 6704 9907 848 1000 5512
19580 470 10734 1639 8606 5536 5656 10269
19581 1727 9062 10185 3416 11860 9762 1492
19582 2347 8462 10298 37 656 11741 974 984
19583 3237 1001 2452 9968 11545
19584 6370 7021 3926 8976 8909 3140 6304 3803 11150 5528 5423 4088 9329 7614 7434 8704
19585 3322 9065 5484 361 10793 9698 11229 260 296 6116
19586 1808 1790 2651 1725 6694
19587 3495 8920 4622 9184 8952
19588 2351 3062 6820 4697 231
19589 8524 2543 3725 5891 4919 6970 5709 5196 8817 5877 9857
19590 5277 93 9954 6196 7669
19591 3960 1448 7539 524 10344 119 4816 624
19592 6123 4418 2446 3356 9698 10013 11130
19593 1276 294 3077 6962 1874 6029
19594 5726 10515 8383 2741 3557 447 10310
19595 8568 6142 8174 9083 8525 8862 7 1467 4588 1316 2062
19596 6662 562 11599 1070 1553 6751 4315 809 1744 816 223 7094
19597 6177 813 5364 3315 4663 5599
19598 10737 452 3136 6892 1881 6885 8999 11061
19599 2723 7206 5810 4187 327 6043 726
19600 1792 7764 1899 940 1590 2930
19601 2530 8909 8656 5023 4159 777
19602 485 1602 8348 11352 7976 9465 3253
19603 1534 2651 6566 7080 373 1333
19604 7950 5190 2567 50 8951 631
19605 2366 2428 9031 7702 1286 3052
19606 10174 5780 4472 8828 8695 6015 9226 5984 11897 2884 5470 2041 3914
