19413 6662 1136 995 6662 937 1501 809 2729
19414 6662 2742 6662 6662 6662 6662 6662
19415 6662 6332 6662 6662 6662
19416 6662 850 2128 1207 1001
19417 6662 1569 6662 6662
19418 6662 7568 2834 1245
19419 506 7323 6662 6662 6386 6662 6662 4356
19420 6662 1579
19421 6598 408 2595 2691 1183 6662
19422 1954 2877 5700 6662
19423 6662 4422 6662 6662 6662 6662 6662 6662
19424 863 821 1062 1018 6828 849 949 6662 828 6662 6662 958 5880 1151 1360 415
19425 7985 2111 6790 768 2976
19426 6662 2569
19427 6662 440 5175 1230 6662 2691 3905 6769 6662 4067
19428 3858 9000 6662 265
19429 4059 4446 9444 8180 6159
19430 6662 1553 6662 6662 4407
19431 6662 1452 7208 6662 6662 6662
19432 6662 6662 854 6662 6662 4091
19433 6662 6662 51 1886
19434 6662 3976 1134 6662 6662 6662
19435 4132 6727 4216 1909 6896
19436 11464 11465 1860 7731 8048 2148
19437 6662 3245 1308 2574 6662 6662 6662 11699
19438 6662 854 8841 6662 6662 1766
19439 6662 9737 850 4578 9884
19440 1268 1731 79 6662 940 6662 6662 6662 6662 4088
19441 3749 601 6662 6662
19442 6662 940 1255 6662 81 6662 6662 6662 6662 6662
19443 6662 9723 1341 6662 6662
19444 6662 3953 3954 3955 7027
19445 100 1737 8185 398 10594
19446 82 93 3049 409 5862 5656 6662 848 6662 807 1613 2727 1055
19447 6662 8288 1068 850 1884
19448 9952 4682 2299 10430 6807 11471 838 1317
19449 6662 3594 283 3879
19450 4383 3932 146 147 148
19451 852 5537 2781 6662
19452 6662 27 6662 6662 6662 6662 10333 6662 3968
19453 6662 684 7093 6662 6662 6662 6662 6662 6662 6662
19454 6662 1719 5040
19455 731 1003 1788 1912 6662 5043 9056 6662 6662 1427 6662 8720
19456 6662 1516 6662 6662 2818
19457 5988 8916 2795 5746
19458 6662 1006 3864 3356
19459 3957 1808 9756
19460 6662 51 256 936
19461 6662 7072 342 6662 6662
19462 3730 3983 7128 6873 2321 8869
19463 5202 1272 942 942 1385 419 6662
19464 6662 6571 940 6662 6662 6662
19465 1850 1808 1830 3106 1802
19466 6662 3150 7001 6662 6662 6662 6662
19467 1569 1394 3062 6603 10030 933
19468 6662 1124 2726 128 6662 6662 6662 6662 20 10979
19469 6662 5149 1518 6662 6662 6662 6662
19470 6662 7768 279 6662 4269
19471 6662 333 3175 3716 3116 545
19472 9777 11169 2252 1452 8027 6662 6662 1427
19473 6662 6571 6662 6662 6662
19474 6662 1621 3245 6662 6662
19475 6662 1124 333 4118
19476 3026 7693 1511 6888 2393 5795 221
19477 6662 3011 7404
19478 1405 4656 1724 2859 2664
19479 6662 2771 6662 6662 5240
19480 8999 1354 1629 4626 11903 9046 11717 1992 2798 981 265
19481 6662 3897 9068 6662
19482 5715 10450 5165 8235 1926 10056 6662 11743 10839 11887 1626 1841
19483 1808 1853 6662 2007 2468 1324
19484 6151 7932 7702 6662
19485 6662 413 2377 1107
19486 3001 534 8678 464
19487 6662 936 1660 4350 1041 979 6662 10964 1685 3828
19488 360 7049 11419 3918 6662 6662 5703
19489 6662 822 6662 806 6662 6662 6662
19490 10140 3149 2863 1591
19491 10818 10819 2673 8972
19492 6662 5707 5276 3000
19493 6662 6571 4966 6662 6662 6662 6662 6662 6662
19494 6662 1117 6662 6662 1062
19495 5103 11794 2860 1142 6662 1660 8822 6016 1607
19496 119 7011 5864 7633
19497 2248 2989 3019 6277 6662
19498 6662 6662 6662 6662 6662
19499 5516 6662 4191
19500 6662 1118 6662 6662
19501 3886 3617 4690 5367
19502 6662 3730 3356
19503 6662 2444 10095 1242 3829 6662
19504 3420 2509 4117 6662 6662 2444
19505 6662 5854 853 2664 6662 6662 1573
19506 511 10001 7888 6724 228
19507 6662 1910 4488 6662 6662 2776 6662
19508 1823 943 7191
19509 7681 1232 1232 1070
19510 6662 6662 2211
19511 6662 1235 410 6662 6662 413 1367 2202
19512 2877 10562 7935 5221 1770 8193
19513 6662 10519 10268 6662 252
19514 4341 6985 5970 9180 11372 6662 247
19515 6662 5240 5742
19516 318 11021 10837 10754
19517 5648 814 9591 6662 5814 6662
19518 1028 1271 363 4517 997 4594
19519 6662 4916 562 3168 6662 6662 51
19520 6662 1321 1738 6662 6662 2690 1443
19521 7697 969 8418 2046 1677
19522 6662 1646 6662 6662 6662 6662 2696
19523 6662 348 6662 6662 1723 2988 2817
19524 7923 8113 5196 5195 437
19525 6662 1831 4581 6662
19526 9272 2562 10086
19527 6662 2833 6662 911
19528 3279 3280 1009 5017 4875
19529 3068 10013 7989 5661 2207
19530 6662 4916 524 6662 6662 6662
19531 11894 8766 6185 7726
19532 6662 2742 6662 1484 6662 6662 6662
19533 6662 6274 6662 2778
19534 2140 5990 202
19535 9036 1104 3825 1069 1370 1245
19536 3026 3175 1309 2567 6662 6662
19537 6662 1235 8946
19538 51 146 147 149
19539 2241 1995 3931 11858 3816
19540 2267 10402 3999 6201 6662
19541 6662 1124 3032
19542 3862 5186 4112 11785 1628 7614
19543 361 9728 5945 3463
19544 3579 2877 4573 413 6662 1194 6662 1002 961 963 415 7687 1683
19545 6662 413 11209 6662
19546 4348 6899 6882 6886 9727 1841
19547 573 9784 1203 6223 6662 6662
19548 6662 10964 6662 6662 6662 6662 3356
19549 7078 5259 8083 2913 6662
19550 6662 1118 247
19551 6662 1118 6662 6662 6662
19552 7250 3679 4325 6662 5479
19553 6662 4145 6662 6662 6662 4367
19554 6662 6662 6662 6662 6662
19555 6519 3107 4778 9164 6622
19556 8731 731 1191 6662 6662
19557 115 8509 7613 14
19558 4228 4140 1002 8965
19559 1204 2567 2369 4251 9211
19560 6662 2733 6662 1451 6662 6662
19561 5697 5829 5017 51 146 51
19562 7140 6090 8345 9020
19563 6662 11535 2742 502 1164
19564 10955 11721 414 1341 6662 6662
19565 6662 1124 3246 6662
19566 10587 9815 4607 5839 826 5010 2570 5710
19567 6305 1182 2389 3957 3858
19568 6560 253 8601 6662 914
19569 1515 1431 4464 11184
19570 6662 3858 3857 6662 435
19571 2292 2922 552 6662 6662
19572 4738
19573 9844 3915 4646 4452
19574 2629 470 6662 7419 6662
19575 6662 6662 850 213
19576 1495 5040 4046 6662
19577 6662 1029 1378 6662 6662 6662 4674
19578 506 1738 51 3183 1865
19579 4388 6627 3858 265
19580 9987 2938 9296 9294 1108
19581 7187 8485 9077 427
19582 11684 6662 8886 6662 7490
19583
19584 1995 9179 6126 3891 6662 2189 6662
19585 1570 2367 1393 1738 1162 3828
19586 6662 10166 6662 6662 6662 6662 6662 7025
19587 3670 997 5880 1624
19588 108 6662 9564
19589 6662 6662 6662 6662 6662 6662 6662 6662
19590 9024 5715 2663 3058
19591 6662 940 6662 6662
19592 6662 1136 5797 8237 932
19593 6662 485 7663 256
19594 3858 1182 46 506 6828
19595 6489 10257 10154 6240
19596 6662 6464 6662 6662 6662
19597 6662 1426 7336 566
19598 7850 8113 6728 6662 4467 6945
19599 907 10684 5864 3992 1197
19600 6662 822 6662 6662 4391
19601 2742 11882 6581 2863 6284
19602 6662 3905 4501 6565 6662 6274
19603 9535 6151 2682 9883 10977
19604 6662 51 74 4886 11754
19605 4387 2823 2094 3416 4384 3864
19606 438 6940 1897 1947 6592
