19413 7139 1546 4028 5007 6662 4170
19414 6662 1151 1104 7954
19415 6325 2470 11372 1095 4574 10426
19416
19417 9948 6662 6662 6662 6662 6662 3226
19418 2903 196 1488 628
19419
19420 6662 5274 4739 1185
19421 6662 1118 2203
19422 8788 5312 3103 2276
19423 10020 7055 610 5251 1901 4996
19424 3755 8388 7150 4004
19425 1027 1998 337 9294 6924
19426 6662 38 2303 3708 6662 3913
19427 25 6677 5073 4387
19428 10661 2247 2747 6662 7242 2408 11155
19429 10872 6662 9108
19430 6662 4572 5505 6033 1691
19431 6662 51 146 147 148
19432 1600 7345 4060 6662 3105
19433 6662 5460 5883 6013
19434 6662 3180 11261 8018
19435 2616 1784 2711 4262 8105
19436 6662 1245 7672 6662 1594 6662 6662 193 811 4523 932 1005 4889 5869
19437 6662 1272 1354 6662 6662 279 6662 6662 6662 6662 6662 4394 6605
19438 2447 2140 4028
19439 6752 8163 9583 196
19440 6662 6700 490 1727
19441 6662 1029 2367 1030 201 946 1736 7565 1659 4016 1627 1370 838
19442 3533 932 2590 686
19443 208 4889 1367 1256 4579 3897 1461 1082 7266
19444 7317 3540 5654 4472 8816
19445 3170 4152 519 2720 4337 6662 6662 4638 6662 1135
19446 5054 9759 6986 464 8501
19447 10911 6459 3337 6662 363 6261
19448 11341 2922 7053 6662 6662 10011
19449 760 1214 11527 8827 5196 8822 8821
19450 1602 7676 5822 510
19451 48 131 2844 2212 7070
19452 6662 10426 669 6662 4394
19453
19454 2251 5536 854 6897 6662 1469 9251
19455 6662 4916 196 3245 6662
19456 5279 4348 3558 3941 11476 38
19457 6662 256 1469 437
19458 2698 6662 6571 6662 2932
19459 3177 6386 1182 7278 8925
19460 5425 6932 6223 11607 10022 5831
19461 868 467 2834 342
19462 6662 7152 1502 6662 6662 491
19463 6662 854 6662 6662
19464 4456 8485 2897 2897 7317
19465 4744 5631 2190 1761 1339 210
19466 6662 2513 8872 8986
19467 6662 1548 1135 1016 946 1137 1623 1178
19468 6662 1330 1845 6048 1527
19469 1409 687 6213 10964
19470 7361 5452 2188 2054
19471 3383 6662 2059 6662 6662 205
19472 3561 2553 3245 6662 6571 6662 6662 1272 1366 1182 6662 1124 2444
19473 674 3897 4801 7162
19474 7100 8108 9608 10520 10966
19475 6662 11283 1160 6662 4242
19476 5813 11573 11829 2649 1715 6664 2061
19477 747 4045 562 6021 7264
19478 6662 1427 6662 6662 1164
19479 2225 6662 3693 3623
19480 4790 1188 5879 2459 1133 210 856 5839
19481 6662 8442 5234
19482 6662 3050 5021 1254 2859 6662 2145 4627 9491
19483 6662 1766 2595 5276
19484 3201 9190 2678 339 2008
19485 587 7873 11149 1393 6662 6662
19486 4017 5474 6662
19487 6662 5054 6662 7568 6662 6662 2444
19488 863 4094 10153 2356 5453 865
19489 10200 8881 10777
19490
19491 910 4963 3040 10578 6926
19492 28 718 6662 622
19493 3154 8743 9662 616
19494 6662 1354 854 11288 6662
19495 8610 4166 11564 10782
19496 11303 2611 4330 5434 6662 1062
19497 6662 8886 9217 151
19498 1237 3902 2540 1039 6662 832
19499 11374 2403 9399 6662 1432
19500 6662 2531 1351 4704 4639 6662 1378 6662 51
19501 3600 5814 8102 6662 6662 992 5268 6662
19502 5592 4166 3950 11547 6506 5785 1364 1184
19503 5399 5206 217 3957 78 838
19504 6662 4814 11444 398
19505 6662 6187 11104 2248 8187
19506 9646 806 6662 6647 1716
19507 8054 9898 3795 215 10645
19508 6662 940 6662 6662 6662 9623
19509 6662 1118 1265 6662 1033 129
19510 2350 2706 456 3409 3256 6662 4144
19511 2301 3632 1131 552 553 2563
19512 5007 9968 2209 9459 2897
19513 6662 1494 1018 1306 6662
19514 9579 3848 656 261
19515 6662 10426 4030 1575
19516 6662 1156 51 146 9000
19517 3461 2649 210 5907 6970 1734 6662 1118 4016
19518 6662 2395 2114 1513 6662 1354 1393 5570 4061
19519 7626 3604 3155 6333
19520 6662 3905 10741 6662 1062 6662
19521 7039 4081 3184 6650
19522 2337 51 146 147 148
19523 671 6662 9205 5496 1517
19524 1602 11756 9979 4419 9968
19525 113 7644 5534 2753 189 1782
19526 869 4504 6662 6662 3999
19527 2588 685 1602 6482 6662 2444
19528 514 7853 1320 5191
19529 6662 1766 11825 247
19530 6662 447 102 6662
19531 2803 3999 515 6662 1277 1351 2200 4665 6662 1006 850 330 1019
19532 6662 352 4820 195 9667
19533 11157 7931 3931 4220 6662 6226 48
19534 9387 4163 10172 1278 6662 6662
19535 1237 7553 6662 6751 928 1278 4740 1330 3151
19536 1565 6083 1974 1941
19537 3212 7466 1067 6662
19538 318 3439 5890 5812 260 1018 3964 208 1485 5609
19539 1813 3552 4591 4711 588 6662
19540 6662 724 1235 1548 1236 2365 932 6694
19541 5281 2075 7728 1862 2122 11754
19542 269 5983 2504 854 4325
19543 4607 407 1615 1018 1367 1394 1138 1744 1373
19544 6662 1154 1676 338 997 8182
19545 6662 11535 6594 1150 6662 9798
19546 9027 7685 8322 1118 805
19547 6662 8260 3670 630 4359
19548 361 4719 6662 1431 2726 793 5759 150 1487 6636
19549 2090 4088 146 5978 8418
19550 10666 9443 4624 2877
19551 6662 363 7353 6662 6662 6662 992 932 8575
19552 5806 6324 7579 6301 1589 10927 6662 7376 11833
19553 384 7509 8384 7799 6725 2228
19554 4808 9423 9426 1393 1098 6662 1072
19555 5926 829 5543 361
19556 4022 6662 3904 6662 51
19557 1905 6397 1366 597 3184
19558 6662 4422 7648 3371 4219
19559 949 1494 6662 1354 6662 2140
19560 6662 2742 6662 1426 6662 6662 1048
19561 65 4088 2487 2558
19562 6662 1124 2783 6662 6662 6662 6237 6662
19563 6843 309 11422 321
19564 3567 10538 1350 1819 737 6662 5789 6662 65
19565 553 3931 127 6016
19566 3588 3279 88 7889 6662 6662
19567 6662 1118 1319 6662
19568 6662 1124 5648 1273 6662 2414 6204
19569 6662 1742 6856 6900
19570 6662 1494 3150 5862 6662 6662 6662 1210
19571 823 992 7934 5460
19572 1480 4227 719 7080 10532
19573 10728 1182 1533 6662 6662 1883 6097 6662 1154 9484 11516
19574 10021 1801 4704 1075 382
19575 6662 7873 3957 969
19576 4003 10097 3342 1716 468
19577 6662 1613 1066 1070 966
19578 3183 1471 5042 9328 7348 3345
19579 1268 1156 5460 4572 6662 848 1613 6454 415
19580 10800 1599 2922 11598 7155
19581 10020 1621 8800 6134
19582 6231 7529 9297 9143 375 4832
19583 4650 10481 2445 6662 2087 3330
19584 181 6743 11719 2940 756
19585 254 8365 9295 960 2816 4083
19586 1905 1183 7317 7427
19587 7996 6114 6662 395 6662 10315
19588 1153 3282 2690 2230
19589 6662 1306 994 998 1209 1367 330 756 1460 1110 1122 1561
19590 53 3902 3944 305
19591 6791 678 4068 8167
19592 4565 7181 4778 5040
19593 5818 7979 6940 149 1187 1369
19594 1695 2658 1002 6164 330 6662 156 1709 6662 414
19595 969 4236 961 5537 6662 949 6662 4129
19596 6662 1137 2612 6900
19597 6662 1050 198 1138
19598 3858 146 147 9475
19599 10291 3800 9306 6116
19600 9952 4682 11771 11772 11773 2807
19601 639 11204 5698 5006
19602 6662 552 3619 4191 3040
19603 6662 5638 2817 11782
19604 6662 5629 9304 633 9491
19605 2700 5534 7401 1242 1589
19606 6662 8771 6892 7097 6960
