19413 10343 7113 2459 6662 6662 6662 6662 6102
19414 6662 1118 4016 6274
19415 6662 2563 1001 6662 6662 6662 6662 6662 1494 6662 1725 6662 413
19416 1324 4350 219 1487 1017 969 502 2059 762
19417 7850 127 812 1019
19418 7543 3953 3954 3955 9531
19419 9134 5502 10151 8439
19420 3315 5195 6662 1124 2513 2571
19421 3027 7907 5537 6662 1494 6662 6662 2211
19422 6662 3999 381 6662 6662 6662 6662 3905 6662 6662 203 4442
19423 3591 1576 1367 8332 4810
19424 6662 2810 1137 3278
19425 65 794 11046 10351 2766 4247 9943 9062 8618 6227
19426 1344 9801 5627 1338 4322 9910 6662 6662 3225 5510 1107
19427 6040 6571 7926
19428 2530 916 6662 6662 5265
19429 6662 6571 480 795 528 9776
19430 2779 1124 8946 2204
19431 2066 6938 851 7113 6662 1680
19432 6662 1106 279 3001 3414
19433 6662 363 822 6662 6662
19434 447 10294 5418 1472
19435 10142 506 8446 6662
19436 3182 1792 1437 1956 5018
19437 866 6241 4482 11288 6729 250
19438 5421 4244 439 11012 6662 6662 5537 5535 6662 6662 2211 1492
19439 3108 11627 6662 6662 11901
19440 3166 6226 9535 7553 6662
19441 5143 2231 7488 9465 8666 969
19442 1808 3107 1794 7498
19443 6662 2773 2891
19444 6662 3972 430 11627
19445 6662 5717 7726 2335
19446 6662 1272 51
19447 10825 1804 1944 10839 2421 11779
19448 916 5875 6696 4663 6454 6319 7702
19449 4192 10984 11842 298 8815 5017
19450 1449 1448 969 4005
19451 6662 928 1066 1241 1476 1307 1016 1573
19452 6714 3155 7014 2567 2411
19453 1028 4046 5746 4537 2081
19454 9270 3040 4518 1025 945
19455 6662 7553 2905 6662 6662
19456 8531 1029 921 6662 418
19457 44 6725 5276 1118 562
19458 2388 51 146 147 2095
19459 2851 2492 628 1048
19460 7474 4568 6662 850 3011
19461 5514 11219 11305 6278 464
19462 10716 6662 11068 6662 6662 6662 6662 6662 6662 9079 6662 6662 4700 10108
19463 2705 6314 1197 1784 6662
19464 6662 6970 2459 6771 1212
19465 5818 1629 1108 11185 6662 4728 1138
19466 6662 10592 6697 6662 11751
19467 6662 3192 932 1163
19468 485 2459 4620 51 51
19469 651 4415 3515 718 5054
19470 11756 6940 3934 4928
19471 6662 4814 7380 4477
19472 6662 51 51 3061 4835
19473 561 193 3619 4251 11874
19474 6662 2641 4607 1192 1580
19475 6662 1029 8102 6662 2326
19476 6662 553 5191 6662
19477 6662 1351 4578 4191 1040
19478 6662 1645 3976 1808
19479 6662 1029 805 8831
19480 3806 10217 2298 1792 1885 6662 11224 1855 1932
19481 4000 2440 1646 5010 4266
19482 3875 206 476 7982 6662
19483 2140 172 692 4026
19484 8040 2303 8952 6353 6662 6662 193 2648 601 6662 6662 7074 518
19485 6662 497 6662 6764 6662 1060 6662 3011
19486 5793 2369 431 7349 7227
19487 6662 6662 10519 8111
19488 6662 1966 363 6662
19489 6662 1124 502 6662 5843
19490 458 2417 5475 663 3371 9720
19491 3664 2161 1725 6662 4584 6662 8716
19492 9411 6704 806 10784 1041
19493 440 3999 8553 624
19494 799 5759 4228
19495 9054 11054 6885 1203 5774
19496 743 5474 9834 6662
19497 6662 4814 11446 502
19498 5663 4889 1239 849 2933 1040 1020 6722 6662 5840 6653 1163
19499 6662 7041 128
19500 6662 9828 5268 5113
19501 2513 1238 4154 1033
19502 7680 348 6662 6662 5054
19503 10077 5309 4302 3395 3040
19504 6662 8108 6897 6603
19505 8627 6662 4219 6662 6662 1451 333 1644 920 6662 167 6662
19506 1808 1912 2124 1802 1855 1886
19507 7915 993 2938 8384 4832
19508 6662 966 8972 50
19509 65 1865 2452 858
19510 5465 1569 1489 6662
19511 1406 1366 1053 1076 6662 1035
19512 2268 7509 1595 5040 9728
19513 3879 8384 3631 1808 8232
19514 1908 1203 6885 142 4901 8805
19515 7634 4749 8301 11432 6087
19516 2219 11796 1339 2202 755 1107 1023 8297 1259
19517 6662 51 397 7292 8817
19518 1129 338 938 10771 971 1065 1069 6662 1573 940 1053 76 2284 10830 3897 9062 7191 1110
19519 191 854 6721 5842 6662 1118 6603 10043
19520 6662 5190 6662 2932
19521 6662 1015 829 4579
19522 4260 8932 9238 3537 2778
19523 6662 1272 6662 6662 6662 6662
19524 6662 783 8871 2786 6662 825 6662
19525 59 799 4027 5524 1589
19526 4797 7016 281 6662 497 4007
19527 6662 1157 1304 1494 6662
19528 6662 5629 4422 6662 369
19529 11389 3059 2146 2050 1936
19530 8173 9699 4786 2099 4254
19531 5252 5445 8736
19532 1031 624 3440 4470 1511 1589
19533 3193 5680 6038 6662
19534 183 361 2215 6662
19535 6662 1351 1134 6662 6662 6662 51
19536 3976 3902 6662 6662 6662
19537 507 4165 6946
19538 5343 51 2992 2673
19539 6662 5637 2877 6646
19540 6662 745 7352 7338 2240 11141 3019
19541 588 5407
19542 624 74 2743
19543 9207 6662 940 6662 5882
19544 7187 4509
19545 7350 5343 6434 1214 9956
19546 6662 1307 4843 5536 1053 2269 5820 5660
19547 6828 10256 261 1972 2821
19548 5131 6414 9068 7232 6662 1495
19549 6662 2211 1207 1185 6398 5010 6662 905 6662 6662 11042
19550 6466 5934 7902 4935 1518 6662
19551 6662 1429 6662 6662 6662 2742 6662 1118
19552 6327 11658 608 10256 1462
19553 6662 23 7988 6662 6662 6662
19554 6662 10616 1484 2262 6662 2059
19555 3096 1118 4159 5709
19556 6662 100 4578 562
19557 10407 9840 2742 11263 6662
19558 6662 337 10059 7094
19559 512 1612 1520 1103 1527 398
19560 1566 5879 8863 812 809
19561 147 9166 1890 1791 1830 1883 2916
19562 6662 1606 11077 5925
19563 6662 4889 945 951 1555 1283 6662 1322 415 843
19564 8043 6042 1169 4907
19565 3089 2340 3931 9437
19566 6662 65 6786 6940
19567 361 548 4720 5200 9855 9821 5285
19568 6086 2870 3678 4240 6662 3981
19569 7920 6847 4398 4470 9704 5029 256
19570 796 9537 2406 3931
19571 6662 940 6662 6662 8347
19572 8632 9154 9638 5177 3019 6740 3184 5864
19573 6662 1351 1451 11741
19574 3728 1064 1573 1551 4643
19575 6662 6353 4740 6662 6662 4256
19576 6662 1321 2202 1033 6033 1370
19577 6662 1124 8112 1311
19578 6662 1272 6662 6662 6662
19579 6662 7684 9627 8314
19580 4573 1548 1181 857 1217
19581 4122 6662 1650 6662 6662 6662 1118
19582 549 9646 10477 5191 7659
19583 8351 10209 6334 4597
19584 6084 4163 1109 4403 1120 6693
19585 7411 11863 6732 6946 4254
19586 2187 2938 8384 4221 4178
19587 408 4305 1062 1611 1292
19588 9056 6156 9325 1891 1891 1494 6662 6662 2853
19589 3865 7848 8052 2742 6662
19590 3600 7631 8046 1212
19591 6662 2531 809 166 1886
19592 6662 8841 128
19593 6662 7025 6464 151
19594 3903 6877 631 5949 6662 5034 2101
19595 3329 5862 11288 11617 4925
19596 4993 3140 9155 2876
19597 5416 3000 10806 1035
19598 6305 7996 7747 5191 1807
19599 3533 1182 969
19600 6662 5240 6662 10300
19601 10099 6469 9667 11345 3905 6399
19602 6662 1723 151 3918
19603 6662 7768 7319 2818
19604 6662 8594 7509 1447
19605 11521 4240 9417 921 6940
19606 520 1791 2192 2825
19607 348 6756 1708 1586 1197 6699
19608 1061 847 10459 1719 391
19609 6662 1015 6662 8220
19610 6662 1351 4578 2548 6662 6662 1278 6662 3285 5041 5882
19611 8587 2218 4900 272 6660 5727
19612 10097 6620 6202 10225 9934 252
19613 4718 410 6662 951 996 1068 1000 348 6662 1002 1194 6662 5026 1214 4717
19614 3264 1495 1516 1158 1337 6662 1118 2736 6662
19615 6662 1124 6662 562 6662 6662 6662 6662
19616 608 808 3220 8650 11515
19617 6662 8274 1028 1462
19618 6662 383 11583 2058 918 6662
19619 2825 2373 4727 6662 5703
19620 8211 5536 6274 5561
19621 2369 22 6424 5911
19622 8512 2615 6662 2649
19623 6662 4338 10591 6662 6201
19624 6662 1321 1208
19625 2742 4686 3118 4823
19626 1812 531 11129 5543 1203
19627 6662 1494 6662 6662 6662 1351 1718 4638 6662 6662 928 6662
19628 6662 1613 1134 4228 6662
19629 8207 3594 1159 1142 569
19630 720 963 3165 9936
19631 4808 1028 5544 1334 856 652 6721 6565 6721 2408 5864 601 4415 1364 1214 265
19632 6662 940 822 6662 622
19633 1341 8131 74 3390 1953
19634 6662 1568 195 1716 1018
19635 6662 10426 3761 854
19636 1600 9928 5025 9000 6662 6662
19637 1620 4501 7552 3816
19638 6662 1736 3963 6662
19639 6775 6662 1029 850 6662 2932 2543 1354
19640 803 5689 5160 6662 6662
19641 6662 562 1319 410 6662
19642 2012 11842 381 6662 6662 6662
19643 8603 6721 2408 7632
19644 6662 256 91 5196
19645 34 4493 8534 1203
19646 6662 1239 8920 997 947 5542
19647 6662 3009 506 1895 854
19648 8678 3199 4971 4538
19649 4770 6055 2919 4827 416
19650 4419 9345 447 65 470
19651 6662 1016 1353 4642 1325 1853 6662 6662 51
19652 8726 1231 1129 1723 5843
19653 6662 1450 6662 395 6662 6662 9645 6662 6662
19654 6662 408 3336 6662 5042
19655 10852 9490 6662 8501
19656 6662 51 51 146 3540
19657 4081 7742 470 6662 6662
19658 6662 7264 3296 6662
19659 6662 329 1031 6662 6662 5448
19660 6662 918 1570 1133
19661 6662 2553 4008 6662 6662
19662 3398 10369 2587 2444
19663 6662 7219 6662 6662 8332 9846
19664 3680 5136 2189 4415 51
19665 82 5234 10793 4106 6662 9671
19666 6662 4656 6662 6662 6662 6662
19667 1389 1389 928 1501 1393
19668 6662 1239 2016
19669 6662 5560 5949 6353 6662
19670 700 5279 1453 1030 994 601
19671 6662 11691 3356 4019
19672 6662 185 447 6662
19673 8671 9921 1847 2204 1086
19674 1727 799 3979 2972 4295
19675 6662 3011 2 1355 6662
19676 6662 3643 8677 6662 6662
19677 1506 3902 1548 1231 6662 6662 6662 2933 6662 7568 6662 7960 1356 1738 2393 1233 2060
19678 9401 1782 6126 256
19679 30 7820 2870 9459 8914 4216
19680 6662 1060 6662 6662 407 6662 994 4608 1450 7442 1628 969 1370 421 1011 5876
19681 10077 11062 11175 3219 2508 1418 843
19682 6662 1731 801 6662 1272 6662
19683 7016 1252 7534 1108 1586 8805 6662 6662 1405 6662 2664
19684 6662 2859 6662 6662 6662 6662 6662 1277 1209 1594 6662
19685 6662 51 3356 146 4922
19686 11314 11677 8223 2504
19687 6662 11731 6662 6662 6662 6662
19688 1808 6662 1516 1117 333 1525 6662
19689 4132 5933 5 4957 1471 8199 464
19690 6662 185 7408
19691 1790 1806 1786 6755 6662 1494 6662 6662 6731 655
19692 6662 11275 1282
19693 2419 404 4063 3692 2215 4227
19694 2737 8148 8920
19695 3372 687 6256 11501 2535
19696 3242 7966 3372 6957 6662 6662 10229
19697 6662 2733 1307 4843 6896 6662 134 5262
19698 11894 726 2105 842 273 6662 10229 1061
19699 6662 146 6143 1890 6662 1830
19700 9952 11915 11920 11924 4849 11834
19701 6662 856 10034 1574 1162
19702 1695 51 1859 1914 6262
19703 6662 2566 5603 854
19704 6662 3008 1118 6662 5049
19705 8646 6090 3713 6662 279
19706 1963 3064 151 11115
19707 1347 6662 6662 5848 2650
19708 561 10575 6871 196
19709 1405 6662 6662 9251
19710 6662 1124 4955 4065
19711 10185 4900 6709 9668
19712 863 5036 11688
19713 174 490 827 757
19714 8541 8276 1449 6662 6662 6662 1138
19715 6662 1245 1281 2469 4161
19716 6662 11319 11432 8818
19717 6662 7025 4812 2212 6662 6662 6630 6662
19718 6662 11042 6691 9687 6662 6662 2211
19719 6662 1351 6662 4737 6662 6662 6662 1494 1280 997 6662 1448 6662 6662 6662 7319
19720 2588 5501 51 1118 9182
19721 491 2593 11644 5838 2773 582 7161 3400
19722 6662 5703 281 2545
19723 196 1452 1208 803 1310 1056 812 838 6662 1360
19724 6662 1182 6662 6662 6662
19725 9952 3902 1395 1002 1195 1442 1004 1208 4589 1201
19726 2444 5222 3253 5740 1864 1860 1790 2230 5737 8000 6943
19727 6662 10928 1385 2818
19728 8031 11032 4069 5034
19729 2110 11089 3858 265 969
19730 8931 6033 8820 10012
19731 6662 1124 4573 6662 562
19732 6662 7568 6662 2469
19733 6662 7401 6662 1770
19734 131 774 601 6662 6662
19735 6556 940 11536 11540 6662 1219 2430 6777
19736 6662 1595 795
19737 6662 8986 9365 6662
19738 9782 3816 3983 9020
19739 6662 4920 1511
19740 6662 1644 2928
19741 2392 1342 5537 5535 6662 6662
19742 6662 363 410 6662 1742 805 4604 7689 812 1086
19743 531 326 64 8800 6662 9710 6662
19744 6662 409 562 1254
19745 6786 4415 9949 11020 1585
19746 386 395 1193 2362 6662 1612 724 419
19747 10686 6254 5975 6692
19748 6662 940 6662 6662 6662 8272
19749 6662 72 6029 6662
19750 2508 943 5557 6662 1099
19751 1270 8445 4642 4579 5744 1197 2061 1177
19752 549 7105 3244 630 10224 2414 6575
19753 6662 6515 11711 6662 10229
19754 6662 8485 943 6662 5519
19755 8002 9854 7396 6662 3011 6662 6662 1327 6662 6662 2468
19756 3830 8567 61 9854 1182 6662
19757 7379 4657 7509 11352 8815 5901
19758 6662 783 4916 1841
19759 6662 1272 413 11840 762
19760 1191 11566 323 6662 6662 9460
19761 3579 2562 3858 1182
19762 6662 2531 51 1859
19763 7078 6695 4890 6662 6662
19764 11188 5034 6001 6946 1766
19765 6662 9200 416 6353
19766 6662 2303 7292 5556
19767 6662 5217 10040 6995
19768 11627 51 146 147
19769 6662 3167 2928 11743
19770 6662 423 10259 8271
19771 6662 1321 2933 951 1226
19772 6662 1452 348 333 1278 1137 155 7767 613 1655 1120 1728 5861
19773 1695 1354 11787 10787
19774 6056 74 8060 308
19775 6662 1351 3963 6662 1162 1631 7266
19776 3171 3315 3115 4928
19777 1063 8800 4324
19778 6662 8425 198 348 348 1501 6662 6662 601
19779 2883 2251 629 4523 82 5987
19780 6662 4240 6662 6226
19781 6662 4191 2453 1107 1681 1790 3991 6474 1627 2790 6615 10984 422 4393 6865 8919
19782 4207 3594 5609 3897 4314 6662
19783 6662 5470 2665 6662
19784 6662 363 720 363
19785 6662 10120 337 2833
19786 8191 3092 1602 1511 6108
19787 6662 1517 6662 6662 1351 6662 6662 1245
19788 245 11449 4088 4273 6662
19789 3026 6323 5543 7982 2727
19790 4050 8885 5668 5609
