19413 1625 8749 6509 1903 8869
19414 9056 2789 2976 7981 1018 1104 5742 1553 1367 562 1659 8390 6662 1073
19415 10537 821 6127 10784 11122 304 1438
19416 9757 2696 8136 6662
19417 270 622 3315 943 4900
19418 1584 4401 11141 2802 11888 5586 5775 4646
19419 10548 6607 5547 16 2448 11112
19420 5457 1336 1319 1016 2736 1615 1287
19421 107 338 7097 128 809
19422 5054 1497 2643 1285
19423 6662 928 939 11811 5254
19424 1337 6662 1315 1550 7702
19425 5120 2037 51 146 1187
19426 467 8376 10878 4611 633 9592
19427 1236 1278 1242 1550
19428
19429 9218 8107 1182 337
19430 8268 3792 7728 4297 11763 1369
19431 9571 4398 5654 2736 8914 796 1795 4956
19432 2348 284 4990 10333 5198
19433 7920 20 1123 4233 2833
19434 9264 7763 4593 7690
19435 7791 6620 7179 4060 8830
19436 7718 8152 9727 3440 11553
19437 3931 3932 7588 3500
19438 7848 10818 6464 7209 6662
19439 3574 6874 11071 10579 10584 11749
19440 11176 1455 2932 929 994 963 372 1631 5198 4731
19441 3315 1354 3266 4540 3320 1556
19442 7274 11590 10082 897 1272 552
19443 3095 9979 10521 1845
19444 6806 1795 8384 11830 4122 11805 2188
19445 92 3456 10020 4288 10115 4333
19446 307 2403 852 1808 1790 1137
19447 5203 969 3226 6821 3253 10846 9710
19448 1094 8787 5610 11749 10956 6227 1589
19449 343 3895 3946 9736
19450 1015 2251 6828 4482 8117 1627 1285 562 10738 1563 11780 6759
19451 2417 7831 3986 5042 6643 8741
19452 39 4944 6045 8553 128
19453 8674 10033 5603 5527 3915 147
19454 7637 9497 6990 3854 4280
19455 7634 26 5383 10105 1650
19456
19457 5813 6733 1319 969 1741
19458 4305 93 128 7924 552 754 3939
19459 9653 7534 11868 3919 265
19460 58 2448 2059 11369 9496 177
19461 5586 8105 7590 10210
19462 4585 2444 1770 8341 5143
19463 3404 262 2086 3343 4324
19464 1146 10126 9576 2369 4810 6727 6662 2444 1770 9992
19465 2270 10946 2027 1807
19466 1090 6692 11655 3011
19467 1016 3445 11599 5537
19468 1983 6568 1804 1991
19469
19470 6393 3252 9693 260 2140
19471 6148 4883 2706 7821
19472 2940 4384 9808 10661 5276
19473 4813 2663 8390 11432 8819
19474 4237 1118 4826 832 1573 8323
19475 4438 10797 1153 6662 6662 2956 994 6662 275 4673 8120 8828 5826
19476 4392 3003 10083 11346 6885 2571
19477 9952 4682 11915 11772 11771 11773
19478 6515 6838 799 4169 10199
19479 9987 11584 969 8804 8738 1748
19480 8396 9861 11077 2561 2540 1074 3
19481 1081 363 1452 5537
19482 4958 1646 9624 128 6662 9940
19483 11792 6274 6721 10430 5411 4901
19484 5148 51 146 148 1903
19485 1813 6565 6135 7118 961 1615 1679 5622 1016 8986
19486 6534 5470 829 11501 11527
19487 9366 6562 5276 40 6729 54
19488 26 8017 6380 952 5525 2398 463 552 3245
19489 8234 4536 7470 417 431
19490 6503 6543 2923 1839 9906 5038 11834
19491 2295 3421 1315 5992 2525
19492 1930 11121 2706 11871 11148 318 7144
19493 4431 2595 1484 3183
19494 3374 10617 4532 23 5534 6580
19495 5252 236 9340 9013 8501 11890
19496 4428 11857 10555 412 7016 11886 9984 1855
19497 6470 9556 8744 54 1784
19498 4126 562 9500 1582 127 640 1313 975 6662 4524
19499 1548 4320 3870 5756 11755
19500 6733 1281 3963 7086 4115 7344 10928 842
19501 4983 275 8410 6014 9736
19502 7351 745 8629 4863 626
19503 3875 5586 7978 6892 7097 361 10793
19504 4564 3603 7404 7663 6548
19505 2651 9662 8863 7817 4911
19506 6461 6662 1804 1988 3177
19507 3026 2459 2905 9909 8629 850 2202
19508 1270 5349 9312 809
19509
19510 7064 7996 281 4986 1311 793
19511 529 502 9528 339
19512 6662 9222 1272 928 4608 2202 958 6846 7767 212 1217 1220 814
19513 131 1081 9546 5140
19514 7601 2981 2033 3355 3283 256 3108
19515 507 3580 4251 768 4312 3107
19516 4569 1062 734 562
19517 1998 1032 10255 7362 7346
19518 6662 1029 6571 6721 2408 8800
19519 118 2047 9098 4019 778 2736
19520 6662 2426 5987 8001 3829
19521 11381 8102 8757 4327 3080
19522 3463 1855 1856 7292 7293
19523 3633 1898 51 6256 1912
19524 3315 3293 6553 2292 6662 9687
19525
19526 6709 3316 4320 5152 899
19527 2128 10537 10680 10952
19528 5487 409 5862 8813 613 3040 1033
19529 5812 1573 3903 953 1620
19530 485 10094 3369 4034 5571
19531 11873 627 11869 4523 6662 1413
19532 1539 3315 4340 3040 11665 1054 4247 5561
19533 551 5054 8277 3736
19534 2803 9107 8803 5796 348
19535 3496 1728 6662 731
19536 3050 1166 421 818 148
19537 4609 4615 8704 515
19538 4419 6466 10223 4244 5842 622
19539 4388 3752 7207 671 8999 3806
19540 9375 5779 5460 210 3963
19541 6786 151 2823 2212
19542 7770 11419 942 6662 11292
19543 2977 2706 2901 2835 2169 5910
19544 8354 2651 1137 5570
19545 1853 4419 16 2810 6189
19546 3730 3912 6662 1723 7568 4121
19547 1342 1965 4512 6983 4217 8119 3253
19548 6662 193 2726 755 415 720 656
19549 8087 36 5109 683 7534
19550 448 3540 774 3955 1367 154 1210 3406 6729 1023 1747 988
19551 854 8099 4276 11467 8819 2571 6863
19552 5130 9513 11729 10532 6662 2444
19553 6662 10606 5317 2823
19554 8300 7994 6857 261 6662 9181
19555 1248 2292 8831 6351 2758 3251 11831
19556 111 604 1700 7926 3440 9508 3514 6073 11167
19557 8216 291 4079 7062 11254
19558 3461 10902 2445 5254 9040 10118 9507
19559 6662 3167 413 5977 157 1679 1404 158 1119 1109 807 1105 2844 1655 4594 1083 11715 816 7237 1146
19560 179 7768 1182 8758 969
19561 6362 6855 9621 9840 11683 10041
19562 10097 10307 11845 2556 4302 4813 7188 10620
19563 9107 3303 4423 11668 5343
19564 8558 480 8784 7098 3356
19565 9407 3151 6074 7937 10021
19566 6662 1124 4900 11527 1371
19567 5145 6061 1533 6074
19568 6468 10039 448 7761 3984
19569
19570 7716 1306 937 1728 6662 1351 9160
19571 6598 853 4908 1740
19572 308 5440 6417 6662
19573 6662 1272 1048 1501 849 939 613 969 1307 1075 1458
19574 6662 11287 6848 1809 9062
19575 2948 6579 637 132
19576 8704 10643 1859 323 5971
19577 9432 2593 2325 1194 6662 11009 1987
19578 2742 8108 11288 11548 9062 8828
19579 11157 6090 8544 5156 361
19580 3043 1808 1981 1802
19581 38 1427 6758 7702 3967
19582 6662 755 8738 11527
19583 3116 279 4060 397
19584 3726 7975 8841 3296 9820 6662 6043
19585 4797 2299 6858
19586 2459 2297 260 2373 1989 1050
19587 1099 8841 853 10223
19588 601 9889 5535 5931 1341
19589 1061 1015 1181 1297
19590 4204 7361 275 3167 1574
19591 6384 603 3858 7070 2215
19592 5127 2775 910 4788 2428 1122
19593 3110 1808 1949 1988 1680 6968 11479 6662 1124 196 553 2362 1550 5190 1033 1660
19594 1061 103 853 1320 2982 1083
19595 5238 10755 9295 9296 2939 3292
19596 2459 521 10962 3798 9035
19597 193 1650 337 7145 1516 4704 1287
19598 5383 9364 2423 11866 3569
19599 9002 10253 6870 1203
19600 8155 51 146 147 1801 2852 1850
19601 8580 8414 1380 1381 1064 1550
19602 477 5074 3153 3153 7349
19603 233 5975 7552 7405
19604 1890 272 5609 5263
19605 3356 3181 5971 854
19606 11078 8561 6321 608 3340
