19413 4244 6605 6662 6662 940 6662 6662 6662
19414 4779 4239 4438 361 502
19415 6662 1307 1483 6662 3167
19416 10059 809 3 3163
19417 6662 1429 6662
19418 3930 1272 6662 6662 590
19419 6662 1256 6662 854 6662
19420 6662 6662 6647 8815 966
19421 51 146 147 148 149
19422 5162 6106 6979 7463 222
19423 6626 1173 6662 413 6662 6662 6662 6662 6662 850 6751 3897 1162 1082
19424 4868 5514 861
19425 6662 51 1602 4303 1842 2825 5844
19426 3207 11491 3858 9168 4532
19427 2877 3074 2501 2149
19428 6662 1124 1351 1320 6662 6662
19429 6662 4934 9712 6662
19430 2159 3905 51 1846 1859
19431 6662 1336 3904 6662 6662 6662
19432 6283 2667 5914 6078 4307
19433 6704 8614 8920 1048
19434 4410 2504 6584 6860 9514
19435 8020 5537 5535 6662 6662 6662
19436 6662 1062 1018 809 3248
19437 3009 4519 759 851 4993
19438 6662 485 1808 6662 6662 1272
19439 3199 89 6662 6662 6662 5838 1354 6662 1737 6662 3285 6662 1060 2742 3561 102 9741 1443
19440 2521 5457 6662 6662 6662 6662 2242
19441 8162 7905 1420 2589
19442 6662 822 1306 724 793
19443 6662 1235 6105 74
19444 3026 5432 1351 1353 5392 7702
19445 64 5431 8113 156 4194 3279
19446 6662 1271 6662 6662 51
19447 6662 1060 6662 2757 6662
19448 2970 4523 1679 6662 1062
19449 603 1677 6662 6662 6662 1283
19450 6662 1124 720 6662 553 851
19451 4935 6572 7150 5663 809
19452 6673 2086 6662 1272 6662 6662 6662 9168
19453 822 731 691 2764 6662 6662
19454 884 510 4769 6662 6662 6662 6662
19455 4408 5474 1845 6986 6662
19456 6662 4665 969
19457 6662 3177 9501 6491
19458 8868 11482 11341 6662 7979
19459 9983 11289 2488 1914
19460 7734 2570 11585 11150 9329 7558 3083 7333 7931 1679 7262 3982 265
19461 6662 774 949 6662 6662 209 1573 1739 945 1353 1283 3718 79 6662 4780 1209 812
19462 6662 2509 4859 6662 3153
19463 6662 1621 1418 6662 6662
19464 6662 1272 928 6662 6662 877 1537 2742 6662
19465 6662 6662 7568 6662 9079 6662 6662 5040
19466 4940 2388 204 6662 2766 552 6397 6662 11419 10808 5917
19467 1898 2527 6837 11113
19468 2982 2219 7793
19469 315 193 7000 1125 5263
19470 6175 8567 4727 6662 2790
19471 8642 807 1004 1553 6662
19472 1355 1825 467 2981 1492
19473 6662 1451 1235 6662 6662
19474 2649 4254 6181
19475 6662 7368 1449 6662 6662
19476 4230 2956 9724 5797 1004
19477 7363 5557 6662 8661
19478 674 6926 3858 1182
19479 10547 3903 341 11674 6662 6956
19480 6662 413 969 838
19481 6662 277 6662 8134
19482 5418 1066 3244 6662 9208
19483 9622 9850 10679 464 1100
19484 11298 1182 969 5782
19485 6134 9316 5543 7320 2209 6662
19486 3945 7720 10043 9521 6524
19487 6662 2211
19488 10669 6702 5533 4117 6662 6662 11857 7160 10990 6662 562
19489 506 5914 5274 6387
19490 6662 2326 6733 1392 395 6662 1277 2200 1256 1553 410 6662 850 4589 2726 4140 1211
19491 6865 11599 2395 6662 6662
19492 6662 5388 6662 6662 6662
19493 5047 8418 5889
19494 10077 4280 420 450 9374
19495 3029 3372 5934 4499 1347
19496 936 1232 1193 1678 850 221 1037 1299 1045 1026 1174 1177 4843 1938
19497 6277 329 10967 6662 6662
19498 6662 10532 8871 7389 6662
19499 6662 3091 1282 6662 1062
19500 6662 2326 10519 4417
19501 6662 940 6662 6662
19502 6662 1231 6662 6662 414 6662
19503 5379 2416 10565 5250
19504 6662 1124 5460 6654
19505 363 3440 2959 5598 809 6662
19506 2866 2806 5465 7084 2969
19507 5878 2749 2196 1733 4339 3091
19508 6662 2780 9482 6662
19509 6662 8184 6846 854 413
19510 6662 4119 6916
19511 6662 348 6662 6662 691 5535 6662 6662
19512 3511 34 5035 1203
19513 6662 562 1118 9869
19514 3095 5149 1000 558
19515 4282 724 1615 2976 2393 571 1366 1069
19516 6662 1235 1352 6662 7104
19517 111 3510 4684 3195 5201
19518 2715 333 5537 6662 3905
19519 6662 1676 1051 1238 8572 1283
19520 6662 4607 6662 6662
19521 6662 1029 822 6662 2531 1725 941 1573
19522 6662 7568 11078 1307 3379
19523 6662 11664 2764 6662 6662 6662 6662 6662 6662
19524 6662 4387 8818 10842
19525 1156 1157 1304 395 3905 10718
19526 6662 942 4584 6662 6662 6662 6662
19527 6662 3913 3150 6758 757
19528 522 8711 3032 497
19529 429 9058 10396 2565 6316 2764
19530 2877 2497 2590 2702 6662 6662 11042 10185
19531 6662 51 6775 2997 6662 6662 3175 8833
19532 1447 2409 5010 10016 8047
19533 6662 1494 6662 6662 1830
19534 1166 8788 11658 11902 4337 6662 8131 8116
19535 356 6565 5150 5518 6662 572 6662 6662
19536 8310 3521 2819 4899
19537 1252 3591 2389 6662 6662 6662 1129 2366 1065 6662 412 6743 6662 6662 5557
19538 6662 684 2725 6662
19539 9958 467 2247 6662
19540 3035 11699 10364 247
19541 6662 4934 4299 236
19542 6662 4592 4254 6662 6662 6662 6662
19543 3122 1028 6134 1341 1307
19544 1276 2949 1352 1595 1209
19545 1845 323 11857 10710 9915 4346 1341 6662
19546 6662 496 1238 553 6662
19547 9749 679 5537 552
19548 6662 11310 535
19549 6662 7072 9469 6662 6662 6662
19550 4095 2266 1203 6428 6787
19551 6439 11800 6662 708
19552 5196 7910 11464
19553 1099 969 5864 6662 11681 5961 6662
19554 6662 1368 938 6662 6662 6662 2778 1846
19555 1451 4439 9466 8900 7920 5835
19556 2527 6983 877 4646 6863
19557 3302 3701 6696 80 783
19558 6662 691 792 128
19559 7861 434 28 4529 6662 1062
19560 6662 1118 361 2293
19561 6662 3074 6662 6662 4550
19562 6662 1494 1064 6662
19563 1182 6662 2814
19564 1494 6662 6662 6662 2647
19565 6662 5735 8942 4820 3177
19566 2449 5211 1062 9693 1194
19567 51 1991 3072
19568 2109 1949 1990 1912 6662 1891
19569 7254 1718 1377 7684 1912
19570 1693 3953 8160 343 404
19571 3500 6885 1203 6001 6890
19572 1696 6662 955 3028
19573 6662 4889 2844 9456 6662 6662 6662 7942 198 724 684 828 6662 10404
19574 7636 5418 329 2938 5497 361
19575 6743 10979 4350 3040
19576 2169 368 812 2495
19577 1334 1157 9030
19578 6662 1118 9423 966
19579 6662 11893 1738 6662 9077 6662
19580 6888 7553 3675 8800 11476 6662 6662 3911 1016
19581 2549 969 5873 504
19582 6662 1483 6662 6662 1484 6662 6662
19583 256 2834 464 759 5110 1182
19584 4948 1719 5500 2423 6662 4656 6662 1321 3915
19585 5696 5418 1629 7190
19586 6662 1516 6662 7939 6662 2592 6646
19587 9873 8484 1502 5884 6662 10820 6662 4120
19588 6662 7568 2854 6786 6662 7568 6662
19589 10767 1185 743 8717 6662 8131
19590 5008 2165 10283 4383
19591 1659 11891 6531 3137 3072 3597
19592 6662 337 1265 1723
19593 3716 4030 6518 3411 1018
19594 6662 1029 1424 6530
19595 1797 1846 1792 1889 1610 8270
19596 2898 4398 2916 6662
19597 4565 10389 628 3870 3974
19598 8635 5336 1909 6662
19599 3562 9620 10727 9137 6015 6662 6662 7568 1825 6662 3216 4184 1613
19600 4477 880 2859 1880 5987
19601 6662 51 3679 6546 6608 671
