19413 1529 7410 6491 5344 6662
19414
19415 6662 3997 6662 6662 6662 2444 833
19416 3101 7940 11689 6662
19417 2762 1624 5826 5190 6662
19418 2242 8384 10532
19419 6662 941 6662 6662
19420 25 9374 7466 4036 4593
19421 6662 720 220 6662
19422 5287 1766 8766 8240 677
19423 6662 7354 6329 10034
19424 10077 6058 5565
19425 4269 5275 6100 2355 8518 5361
19426 6662 4814 6662 931 6662
19427 146 2305 9102 2164
19428 5230 7203 9148 6651
19429 8421 7296 413 2695
19430
19431 3026 7101 3151 6462 6662 6662 6662 236
19432 6662 6044 261 586
19433 3197 2509 4216 6662 6662
19434 1600 1797 3377 1969 6662 2191
19435 4572 1015 1001 6662 4189
19436 6662 10426 724 1728 6662
19437 7273 3151 1016 4937 1830
19438 6662 1354 1255 2367 1367 1509 1678 1325 945 6662 1427 963 968 1311 11562 3040 1197 1234 986 1713 1686
19439 6662 9642 6662 6662 2444
19440 6662 2649 5623 4627
19441 6662 4578 1719 6310
19442 6662 2742 6662 6662 1677
19443 3875 215 7022 6662 6662
19444 8386 11331 5158 5191 4694 7081
19445 11809 3285 2976 1321 1004 156 963 1330 1491 841 1259 5198 1561
19446 6864 11012 552 7098 256
19447 4595 6662 7568 6662 3944
19448 6662 4415 6662 6662 4269
19449 3752 485 6037 6662 5882 921
19450 6662 3999 6662 6662 6662 6662
19451 470 9536 935 1182 6662
19452 2292 6662 1716
19453 1677 1612 3897 10381
19454 6565 6662 1118 6662 6662 7065 6662
19455 2765 9779 8881 7363 491
19456 7350 9187 11418 7408 2570
19457 6561 1511 3184 1203 3090
19458 6662 6564 211 2833
19459 6661 6013 6014 6196 1812
19460 6662 1235 1354 464 6662
19461 6662 2211
19462 6662 1014 1351 936 3897
19463 3858 46 969 11435 6662
19464 6662 1808 6559 1830
19465 143 5536 5537 5535 6662 6662 7553 6662 3977 1118 10529
19466 534 9209 1359 3979 3163
19467 6662 155 3897 2393
19468 4688 1172 718 6662 6662 2989 6662 6662 4740 1972
19469 8409 4669 9062 8618
19470 9058 6790 4299 7430 10294 8133
19471 4204 7330 3984
19472 3013 4682 5109 1214
19473 6662 1124 6662 3192
19474 6662 7553 6662 6662
19475 81 3968 1822 5680
19476 6662 51 11683 3183
19477 10 10986 9823 4067 1066 1726
19478 9706 9241 2811 6662
19479 1417 6662 7969 26
19480 3275 1271 994 2462 1445
19481 6662 464 6662 6662 6662 1742
19482 6662 1427 6662 6662 6662 6662 6662 6662
19483 6662 3999 6662 3175
19484 9899 9492 10181 8316 5759
19485 10547 329 10417 1203 2095
19486 6662 3971 39 497
19487 485 4564 7455 4326 3440
19488
19489 6662 994 1064 6662
19490 1270 4477 1272 6662
19491 867 48 4637 4237 6662
19492 10215 2211 8455
19493 1546 6970 6883 1511
19494 6662 2742 10331
19495 6662 5654 6662 2188 362
19496 1379 5780 6662 275 6662 1486
19497 4790 419 6662 6662 6662 854 6662
19498 940 7555 5978 5006 6662
19499 6662 4665 6662 1033
19500 6662 2784 6662 6662 6662 1033
19501 6662 51 5190
19502 827 938 853 1001 6662 1245 1159 1329 3788 11811
19503 193 1389 1138 3974 7689
19504 3807 5559 8667 6662 6662 6662 6662
19505 1727 3858 46 969 3111
19506 863 1736 4608 1065 7077 1393 6662 1062 1040
19507
19508 6662 7072 11064 9057
19509 6662 5312 6662 6662 1516 6662 10969
19510 7458 3920 6662 6647
19511 1989 1890 236 684 1725 6662 311 22 6662 6662 5741
19512 6662 903 6662 6662 6662 3150
19513 6662 1062 275 1142 1299 1176 4974
19514 461 2562 8986 1011
19515 2030 1484 2712 2548
19516 6662 3970 6662 5570
19517 6662 6490 159 1185
19518 6662 1156 1118 6662 6662
19519 6662 1051 1548 1282 6662 6662 2444
19520 346 6444 11522 6662 252
19521 6662 1382 806 6662 1033 414 1038
19522 693 10504 7921 2426 2219 4161
19523 6662 3415 10964 8821 5017 6887
19524 9786 2926 1731 6662 6662 961 2877
19525 6662 6039 4100 6662 7568 6615
19526 6090 7417 274 11638 7935
19527 9706 969 4392 959 5198 8701
19528 6941 3810 6662 5875 6662 1613
19529 3441 8669 8384 10818 1369
19530 6662 1723 6646 2398
19531 6662 2789 1910 6662 4069
19532 11816 7813 10818 10820 11696
19533 5367 5401 3276 6662 1065 6662 7150
19534 3361 4481 8158 9369 48 461 5431 1742 11352 5232 6480 8818
19535 5415 264 5281 11821 4630 4247
19536 6662 7458 6662 6944
19537 6662 363 6662 6662 6662
19538 10376 363 6662 6662 6662
19539 6662 1569 6662 1484 6662 928 337 6662 6662 6662
19540 2140 6577 969 410 6662 3173
19541 6662 2383 6423 6611 6662 6662 6662
19542
19543 3862 2696 5845 9887 6662 6662 6662
19544 877 8610 8197 6662 4820 5645
19545 6662 193 5043 1377
19546 4119 4812 1625 2569 536 2821
19547 6662 2531 6662 6662 6662 6662 6662 6662 6662 6662 3034 1066
19548 11343 222 7273 1986
19549 4903 6498 1494 6662 6662 6662 6662 252 10415 6662 6662 6662 6662 6662 2778
19550 1887 5738 196 1235 1295 6662 1351 4889 1320 998 2728 1492 1744
19551 6662 7715 572 645
19552 6662 3905 1956 1808 1912 6662 1351 6662 6662 1427 6662
19553 6995 4422 1546
19554 1376 9296 613 4646
19555 6715 1695 994 1406 6662 1352
19556 9850 1315 6912 5040 5042 1146
19557 6662 363 6662 6662 6662
19558 6662 2209 4462 10710 9145
19559 6662 5814 1511
19560 395 6197 497
19561 6662 3752 5463 6226 6431 940 6662 6662 1516 6662 6662 6662 5654 3468
19562
19563 9940 1453 2926 1495 6835
19564 2292 6662 11040 446 5882
19565 6662 1731 6662 6662 3750 1118 6662 6662 10532
19566 6662 1808 128 3897
19567 6401 2161 2842 1166
19568 10209 448 5882 156 4393
19569 6662 7942 3858
19570 6662 1336 1075 4781 1108
19571 6662 7152 854 6662 6662 10643
19572 6662 637 6662 6662 6662 6662
19573 6734 3440 2389 6662 6389
19574 6662 1418 256 4088
19575 1153 811 5980 8331 6662 8768 1569 10268 5658 6662 6662 1118
19576 6662 2173 9710 9499
19577 11408 4166 413 1071 8614
19578 6662 550 6662 6662 794
19579 6662 2209 9846 11741
19580 6662 1118 3830 6662 193 6662 329
19581 6662 6662 196 2770
19582 7785 11878 2892 1126 2229 6662 6662 337 1723 8355 1354 1366 10013
19583
19584 1475 8384 2562 1724 11515
19585 2088 8726 5292 6662 6662
19586 6662 1613 1552
19587 9952 4682 11771 11772 11773 11920
19588 11231 9452 1061 6662 3175
19589 409 6347 361 2215
19590 6662 3845 5034 222 633
19591 1376 910 10706 224 6662 1742 5855
19592 10073 1853 8108 6662 6662 6662 6662 6662 6662 119
19593 10856 3001 7381 8157 868 5161 718
19594 6662 1117 6662 6662 6662 6917
19595 5566 6721 7734 9712 414 9493 414
19596 2961 51 146 147 148
19597 8847 127 6518 4253
19598 6639 547 318 327
19599 10814 4423 4329 3061 10836
19600 1252 4621 5879 128 2817 5609
19601 1064 6662 9710 6662
19602 6662 2031 4629 6662 6662 1451 6662 10679 5879
19603 3349 1944 11716 11577 7630 5772
19604 3310 2293 5439 256
19605 4394 8829 4523 11413 8758 2367 11229 4364 6662 684 6662 4269 1097 10969 8576 1575 1511 11602
19606 6662 3905 4501 1182 1035
