19413 627 3001 1159 1299
19414 327 3245 10880 452 909
19415 48 3154 4823 9887 6662 157 459 9897 10286 3092 216 663
19416 1792 1855 2023 5570 1834
19417 278 6662 6662 397
19418 876 475 8701
19419 6662 496 6731 6662
19420 6090 4503 2053 854 6662 6662 11061 4593
19421 3700 4523 6735 686 6662 1408 6662 6662 10047
19422 6377 497
19423 3511 6617 11617 11423 11699
19424 8363 10053 10768 258
19425 10079 440 9235 9238 11530
19426 5318 9005 9168
19427 6662 1494 6662 1304 1430
19428 3648 6896 1624 11446 1686
19429 7241 1715 1707 6319
19430 11256 1203 6885 3356 1203
19431 4561 8766 6662 279
19432 6662 7152 539 10365
19433 6662 6731 218 7702
19434 1276 1232 2393 1399
19435 3431 6010 9959 6662 6662 1276 6662
19436 128 8815 9137 1108 11759 8801
19437 2840 6495 3590 11636 11352
19438 6662 940 11873
19439 5133 6044 7900 2303
19440 6662 1061 1062 6662 409
19441 6662 10519 2797 6662 6662 8871
19442 6639 8024 6662 6248
19443 6662 3999 2339 6662 6662 6662
19444 3377 4088 1371 2412
19445 11268 7781 2101 6623
19446 2482 8479
19447 5505 1716 3866
19448 6662 1118 6662 3336 6662
19449 6662 1134 3345 4059 6662 6662 8442
19450 6662 413 5282 6662 6662
19451 6662 355 7219
19452 6662 8131 8782 7637
19453 6662 4316 6662 6571 6662
19454 4938 1728 6662 6055
19455 7968 3320 6662 6662 7025
19456 3204 1804 5409 6662 4198 8180
19457 6662 7873 9135
19458 4835 6926 9633 6662 6662 6662
19459 6662 994 1339 562 7018
19460 3204 8403 1048 27 6662
19461 1496 1134 613 5711 4684 601
19462 6662 10710 2047 412
19463 5740 6662 1351 1741 1496 1382 855 1018 850 1073 793 6454 1017 11670 970
19464
19465 6662 2810 1709 2161 6662
19466 6662 4930 110 1030 1525 2173 1371 7668 793
19467 9096 4077 9921 1667 1144 4860
19468 4948 4374 8805 5017 4681
19469 9669 5241 9959 6662 2022
19470 6662 1029 2534 6662
19471 2553 6885 5899 10304
19472 11459 5501 6976 548 7521
19473 5447 5120 7035
19474 6662 7025 6893 6653
19475 2413 4458 3931 7182 6572
19476 3730 1203 3355 10392 174
19477 6662 1407 1322 1558 5567 6662
19478 2110 6566 6883 1511 5010
19479 6662 284 6662 6662 363 824 7837
19480 6662 7568 6662 11419
19481 2378 851 5276 7887
19482 5054 1272 1449 8355 958 6848 11527
19483 1495 1100 1018 2200 1265 3684 945
19484
19485 1825 7965 2902 1855 6353 543 5385
19486 875 3904 6662 2645
19487 718 2690 419
19488 6662 5872 9965 1442 1728 6662 1455 1132 6662 9222
19489 6662 209 938 941 5880 1368 1208
19490 6995 6662 6274 6662
19491 6662 4740 5040 940 6662
19492 4228 6662 5240 4591 8229
19493 6662 11310 1129 3630
19494 1731 552 7106 553 1338 1647
19495 6662 10519 11545 3356
19496 789 3858 4986 1655 6138
19497 6662 1124 1740 6662 5198
19498 3431 2199 1131 1457 2349 5889
19499 6662 408 6662 2192 1406 6662 1030 6662 1594 1038 5741 4076
19500 409 3950 2 7224
19501 1117 1155 1450 1449 656 703 1124
19502 6662 1124 6662 6662 720
19503 6662 208 1570 2858 6662 1129 1051 1100 1740 9314 1572 5741
19504 1667 7752 8574 5997
19505 2063 5685 2452 10985 2906 6662
19506 2742 1426 6662 8428 400
19507 189 10884 3039 6662 6108 3832
19508 6662 5355 1653 7311 1371 2778 755 1017 1018 1648 1176
19509 6662 10320 7160 7163 6134 2248 9591
19510 3669 311 6621 10998
19511 5803 3514 8717 942 7948 9694 4266
19512 6662 236 339 6662
19513 8772 1237 8108 853 997 1526 10122 2202 2726 5881 9145 1079 1184 4730 1403 1226 1635
19514 6817 1695 6662 1354 6662 6662 6662 6662 6662
19515 308 1092 3353 365 6662 1569 1140 11305
19516 10040 8694 572 4646
19517 6662 940 1450 6662 6662 6662 10151
19518 3234 6662 940 6662 6662
19519 9445 8932 11499 1493 6803 1309
19520 6662 337 1550 256
19521 381 1496 1208 1149
19522 1341 4165 10629 6469 3140
19523 7996 3893 6662 6662 6662 6662 1118
19524 4086 3520 2860 555 6126
19525 6071 6551 10090 2444
19526 27 647 10027 3690 2434
19527 4944 40 5133 6306 186 1901 448
19528 6662 1954 1550 6662 601
19529 6662 1354 2211 1511
19530 6662 1118 7189 6662 6662 6662
19531 6662 1677 928 829 6662 6662
19532 6662 11792 6662 6662 6662 6662
19533 6662 7765 5129 7570 6651
19534 459 3954 3955 11733 6097
19535 11710 3165 4947 10314
19536 1235 1209 1006 7448 1135 1359 1210 5855 850 968 1286 1658
19537 6662 3009 3422 93 6662 6662
19538 9271 10778 1056 278 6138 1725 6662 2207
19539 1727 960 863 6662 6274
19540 1944 6595 11785 10944 2369
19541 6662 7768 1062 6662 805 6662 9862
19542 6662 9222 7623 10978
19543 6662 4175 4135 7318 6235
19544 2232 1502 5649 1614 330 4641
19545 1252 961 8418 854
19546 7942 5555 6662 4646
19547 6662 1731 1099 6662 6662 6662 1451 6662 6662 1118 6662
19548 6662 413 413 10772
19549 4863 6662 1808
19550 6439 649 5930 3391 7905
19551
19552 6662 5318 6576
19553 7816 4217 47 7 6398
19554 3857 6662 1676 51
19555 6662 4060 11152 6662 6662 4823 4646
19556 1543 274 6662 11419 8879 11722
19557 6662 1050 1070 1282
19558 6662 2780 1688 552 8813 6662 3456
19559 8868 2870 3931 7687 720
19560 6662 1124 1029 128 6662 6662 4832
19561 6662 7568 9490 11711 6662 10819
19562 6652 6722 6828 4766 221
19563 8531 6266 7 6310
19564 3830 10895 4325 8163 1394 1309
19565 6662 498 10701 1033
19566 11372 2938 3092 1683
19567 3862 1470 11872 7436
19568
19569 6662 3679 3520 6662 1272 1573 1645
19570 11079 613 965 5581
19571 6662 2648 4860
19572
19573 11571 188 3184 2492
19574 7241 932 411 826 8112 4519 1358
19575 6662 4089 8280
19576 6662 2230 3101 6662 6662
19577 4690 10855 726 10110 4334 2504
19578 4994 1569 1569 6662 6691
19579 5471 2743 6546 6662 6662 6662
19580 6942 5157 7382 1792 1912
19581 1425 3175 2093 5460 6662 361 2303
19582 5126 2443 8027 4394
19583 6662 5242 4089 4693
19584 4517 377 10984 8879 2503
19585 9016 2376 3183 1488
19586 866 474 10549 166 6662 6662 9168 6662 4175 3011 151
19587 11551 10426 6662 6662 1516 6662 1141 969
19588 6662 1029 1030 1306 6743 3911 1277 942 6705 12 1285 9576 156 3897 1307 969 9112 1320 856 8237 1648 2047 829 265 1178
19589
19590 6766 2838 3540 128 4863 6662
19591 6662 3619 6185 9034
19592 6662 51 146 147
19593 3652 3291 4720 7129
19594 3008 9243 969 1366 3019
19595 2419 1901 8440 1095
19596 558 2106 9144 224
19597 8431 3147 3638 4088 1624
19598 6662 4684 11155 6556 6662 3643 6662 1304 1306 949 6662 2592 7820 3905 5892 8062
19599 910 1306 412 939 474
19600 1180 1060 920 1191 1018 1351 2666 6662
19601 6662 822 4340 6662 896
19602 6474 3372 1738 1546 4161 1511
19603 6662 208 994 1241 1738 6662 6662 1157 1351 1328 1298 1612 999 1660
19604 8786 7093 4340 2907 684 6662 414 1488
19605 1268 1157 8575 724 3
19606 115 111 2839 7391
