19413 6662 8240 440 10001
19414 7260 6662 4088 9829
19415 3794 865 11239 4393
19416 6662 8442 5700 6662 6247
19417 799 1182 7207 3148
19418 6662 9164 3858
19419 9952 4682 11771 11772 11773
19420 7297 6311 4531 3245 2870 4377
19421 6662 1407 9555 548
19422 6066 1625 9965
19423 2442 866 6805 11181
19424 6662 3786 3858 630 10224 3535 5435
19425 6662 1351 637
19426 969 4422 4684 1113
19427 7325 2053 1502 6827 6662 8220
19428 1450 8601 2409 932 6013 2161
19429 5424 5342 8757 10411 6977
19430 2417 7376 3866 1546
19431 6598 1381 1596 3964
19432 6662 7826 554 173 6662 211
19433 662 940 6662 1426 6662 4686 6662
19434 6662 1157 2531 601 6662 6662 6662 6662 1354 6662 1067 6662 6662
19435 6662 3170 942 822 6662
19436 283 9863 10739 6662 6274
19437 3357 9979 6102
19438 6662 8240 5759
19439 1377 1335 850 5866 809 1214 1214 971
19440 1830 3099 1959 6662 2149
19441 6662 2173 2807 5990
19442 9940 6662 51
19443 3900 2663 2557 6662 5170 2413
19444 9225 5478 3614 6886 11072 11621
19445 1405 6662 6731 166
19446 6662 7941 6138 2272 2234 7443 1449 302 7075 2270 474 11477
19447 5879 3576 2250 11813
19448 2110 2111 3859 2925 6553 3539
19449 196 5607 4253
19450 6662 5814 1546 7889
19451 9600 1514 1912 2418 5284 3191
19452 3307 38 940 2241
19453 7612 9591 6886 11305 1995
19454 6662 1001 9108 6662 10429
19455 4369 3787 6662 7352 9196
19456 6362 2816 2397 456
19457 4529 6846 1766 3543 6341
19458 273 6568 6662 2242 6775 6662 3305
19459 283 7535 260 4646
19460 4214 1252 7925 97 1882 6662 1455 11072 6547
19461 3557 6662 6033 1272 6662
19462 6662 11535 5928 6662 6662
19463 5098 1252 8577 6731 6351 6662 2557 1956
19464 6662 51 147 148
19465 1766 3543 2717 9608 4476
19466 10669 6521 4559 2809 3981 9633
19467 3679 10962 7894 3023 6662 6912 6662
19468 6662 1366 5561 6885
19469 6662 513 7038 11448
19470 179 969 3905 3857 4502 1182
19471 8673 1602 1511 5460 6662
19472 6662 1124 4103 6662 6662 333 6662 4077 851
19473 6717 9680 5590 3963 684 6662 1118
19474 2538 3275 7604 601 10931 6151
19475 4181 7336 3214 5313 3865 803 23 338 918 7611
19476 6662 1517 236
19477 361 453 3559 8281
19478 3216 11240 1572 5820 8226 5582 1627 1285
19479 10414 7171 9583 1102
19480 368 1238 3009 1067 1518 6662 6662 8720 6662
19481 6662 279 6662 2789 6662
19482 3950 3532 6662 6662 72
19483 2833 9756 6655 5811 6662 6662 6662 3175
19484 6662 6662 3415 1494 6662 6662 2326
19485 3245 7093 1953 944 6662 6662 6662 6662 6662 6662 3409
19486 6662 10697 3296
19487 8143 8113 6885 6882
19488 5142 1834 5418 5535 6662 6662 1098 6662 1337 6662 8237 6026 1770
19489 2736 524 7381 1354 6662 6662
19490 334 6807 256 2820
19491 5082 11919 11848 3040
19492 6662 7651 4578 6694
19493 5814 2825 2040 2558 5196
19494 1812 1602 507 4684
19495 6662 11258 4769 6662
19496 438 1846 9020 3192 4862
19497 4462 5014 7349 10287
19498 6662 3905 91 2513
19499 4393 6692 6614 6662 6662
19500 6662 3091 34 7436
19501 6662 1124 1173
19502 1235 3868 5839 645
19503 682 627 1067 1550 6662
19504 7019 8455 6662 6662 8442
19505 4929 27 5716 10439 6881 741 2503
19506 6662 214 4695 1355
19507 2459 4704 1484 4889 1107 1622 1396 1372
19508 6332 4548 3241 309 467 6662
19509 3568 998 1384 850 8935 2666
19510 6662 1157 5312 8392 6662 11435 6662 6662 4118
19511 6662 235 6662 6662 6662 6662 1321 6662
19512 11919 11848 3033 11441 7165 5141 6662 4472
19513 1790 3164 11543 261 831 1843 6662 8657 6662 309 1725
19514 6662 4916 413 2712
19515 2428 6662 4175 1157 7155 6662 1124
19516 6662 1272 4630
19517 3606 462 6385 6518 6662 6662 8131 8132 2589
19518 9952 4682 11919 11848 11772 11773
19519 6662 1718 7605 793
19520 2825 7831 4081 4731 3521 6662
19521 6662 1516 438 6735 6662 6662 6662 6662 6662 940 6662 6662
19522 448 10373 10783 10783 5010 8113 11130
19523 6662 8878 72 939 3178
19524 6662 2926 7264 65
19525 6662 1418 1031 400
19526 6828 4482 5010 10411 6662 6662 6662
19527 6863 3026 5393 3318 1909 2293
19528 1066 4578 1614 4 1597
19529 179 40 544 10126 4029
19530 8994 2905 7367 6662 1644 6662
19531 6662 256 3976 6875
19532 4787 8606 2172 1973
19533 26 52 7466 3320 6662 6662
19534 6662 6571 10223 1800
19535 6662 2742 1001 6662
19536 6662 7553 932 2412
19537 6662 2595 6352 1214 6662 196
19538 6662 2926 4646
19539 4145 5884 7564 2540 8112 5010 361 51 2565 10056
19540 3984 6662 372 1784 6662 928 6662
19541 173 1766 1231 385 1797 3146
19542 6662 2742 7769 627
19543 3204 6662 2833 1272
19544 142 4081 625 423
19545 514 196 940 6662
19546 5989 3904 6662 4693
19547 4215 2341 148 149
19548 6662 4934 1716 9728
19549 6662 1570 6775 6662 4777 2939 5706
19550 6556 3903 205 3092 5153
19551 10810 3798 1917 6957
19552 2957 4328 11920 3001 9721
19553 2423 6662 5006 6662 6662 6662
19554 10718 3210 1182 361 8660
19555 4821 7333 3278 6662 5156 6662
19556 3216 11444 5810 8490 5413
19557 6546 5250 4699 9692 520
19558 11852 5603 5603 2693 8317
19559 6662 51 148
19560 6662 731 2899 11763
19561 112 6465 913 7571 6662 3001
19562 6662 11535 997 6662 1060 822 2161 848 724 941 1573 6662 1433 1195
19563 1766 3953 3954 3955 1055
19564 935 1270 4312 2232
19565 872 81 497 2941
19566 6662 3858 3857 6662 6662 6662 1449 6662 6662 6662 5786
19567 2390 11483 3135 3094 3315 6553 72 1518 6662 4638 4325 6662 6662 6335 10013
19568 6662 1613 1307 1257 6662 1351 4016
19569 7770 9379 6662 8886
19570 8772 2318 10581 497 8112 10784 5901
19571 6662 1306 949 6662 6662
19572 7069 3908 3960 653
19573 181 1406 848 1240 1659 221 1683 1747
19574 8671 9744 2578 7448 586
19575 6662 2211 4088 175 178 5428
19576 9315 8841 1157 6213
19577 6662 7796 10909 6885
19578 4302 440 3643 5218 3723
19579 872 311 5088 9992
19580 5838 3957 3970
19581 6662 8240 3285 6662
19582 1783 10952 5992 4726 7235
19583 2542 2758 256 51
19584 6662 1124 1516 6662 6662 5848 1351 826 2395 6662 6662 6662 1784 11572 4269
19585 5520 2140 4832 279
19586 10390 196 11873 6662 6662 5707
19587 6662 3858 46 6662 349
19588 1988 458 11806 9036 1060 2679 6530
19589 6662 1029 1718 1235 8743
19590 4437 10 4246 11066 11621 195
19591 4872 5534 7799 6828
19592 6071 204 1424 6662 320 1525 6662 1424 6662 2789
19593 2398 3226 9896 4810
19594 7422 8966 3009 189 413 2948
19595 1061 72 1784 5570 6662 2041
19596 6662 10426 1132 757 6662 6039 1621 6662 912 6662 6662 8806 6634 724 1001
19597 1406 6662 928 954
19598 2986 5044 1581 1569 3135
19599 6662 1568 4626 2729 1299
19600 6662 2459 3170 2198 179
19601 3686 5860 4812 6662 6662 2326
19602 6662 1124 1192 3027
19603 8674 7703 3440 6940 11600
19604 601 3150 7413 1282 6662
19605 6662 6252 6662 6662
19606 6455 3183 2625 3859 6662
19607 2087 6859 3665 6885 6957 6662 1908
19608 5954 921 552 745 6662 2764 6662 6662 6662 6662 6662 6662 6662 5983
19609 6662 7497 1731 1236 6662
19610 6662 2211 8719 11594 6836
19611 1067 942 1394 4078 2059 3246
19612 2875 1727 994 1351 1525 6662 6662 6662 6662 1718 338 1295 6662 1573
19613 6662 1029 553 1741 4430 6662 11419
19614 6662 1118 6662 6662 6662
19615 6662 1124 967 2906 2932 2666 1286 777
19616 9307 3381 506 7102 9111
19617 6662 2677 6662 6526
19618 3391 1953 2471 381
19619 2140 51 8134 256 8122
19620 6662 211 4029 8473 11557
19621 10598 6662 4697 8445 3086 5718 1178
19622 6662 1118 3665 9494
19623 6662 6662 1131 1688 5883 6662 6662
19624 6662 2691 4621 1280 994 1551 932
19625 6662 1646 1792 287
19626 11871 5717 8598 1574 10533 959 6662 6662
19627 1958 1918 6075 2790
19628 3619 10420 6044 4858 3972 9298
19629 4116 11234 6662 6662 5882 3983
19630 6662 5836 6662 6662 9164
19631 6662 1129 720 1033 210
19632 6662 1351 1180 6662 6662 6662 363 329
19633 5132 7186 4081 5748
19634 6662 1337 6662 6662 6662 8388 361
19635 3204 4333 1804 6662
19636 209 10470 8109 2027 1022 1113
19637 6662 7474 268 6662 6662 6662
19638 10408 9031 6662 6662 6662 6662 711 6662 1271
19639 3226 10623 274 9710 9934 4127
19640 6662 363 6662 6662
19641 525 185 1354 4790
19642 6662 8198 262 3330
19643 2110 1597 4762 5894 8103 6662 769 954
19644 6662 10722 7921 11372
19645 6662 5152 3142 6662 6523
19646 2140 3415 1907 3507
19647 427 7566 1909 495 81 8802
19648 847 936 1688 1367 1509 10338 1159 1159 968 1701 275 1373
19649 6662 1280 5914 5715 5825
19650 6662 7568 4210
19651 10554 7720 4673 373 1931
19652 6662 51 3676 747 868
19653 2280 2459 1295 2202 1280 6739 155 10022 11038
19654 2901 262 5732 8581 185
19655 4025 1688 4254 1744
19656 4987 10383 127 10842 6153 10601
19657 9952 4682 11771 11772 11773 11921
19658 826 620 5541 4244
19659 6662 196 2426 287
19660 6662 4223 6662 6662 4815 6662 6662 485
19661 9952 4682 11923 11922 11209 11921
19662 6314 552 11838 156 1709 8925
19663 4687 5140 1473 5125 7608 37 598 6319 5857
19664 6662 940 6662 7474
19665 4919 307 2212 6048
19666 6662 1418 8640 11266
19667 8501 6957 7138 5306
19668 3901 1472 3183 4829
19669 6662 1239 2468 936 3914
19670 6662 51 10004 542
19671 7704 7706 7509 5258
19672 1812 1807 1859 1855
19673 7595 506 671 6662 7568 9791
19674 6662 7025 1589
19675 7297 3870 6953 80
19676 6662 1351 6914 6662 6662
19677 11046 6192 774 659
19678 6662 2230 4191 731
19679 6735 10425 2041 10016 8805
19680 7016 1406 201 1339 832 1017 4576 971 1010 842
19681 6704 6662 4620 6662 1366 4638 6662 10091
19682 918 9609 5927 3011 8932 7817 6662 5276 8800
19683 6662 1351 1502 832 6662 1368 158 1655
19684 847 7303 9923 1395 1193 1037 1213 437 4488
19685 6662 6662 1695 1100 6662
19686 6662 83 8841 1060 6662 693 6704 6662 6662 5875 4684 10431
19687 6662 693 6662 5889
19688 674 3858 8418 4506 6662 1992
19689 9640 7828 4046 469 1067 6662 6662 6969
19690 6662 2678 10056 4921 279 2504 3184
19691 4384 718 1511 2410
19692 8874 1573 10112 7448 11352 1740 6662 5000 1629 2041 4266
19693 6662 1897 4467 3955 4565
19694 1503 1460 1560 10023 1802
19695 6662 6571 969 6884 6662
19696 8063 3921 8350 2482 3400
19697 6662 7415 1492 6227
19698 6662 3315 4088
19699 74 4913 35
19700 3792 1602 1505 1630 4466 6662 6662 6444
19701 673 1203 11746 149 9066
19702 3017 9449 3896 9900 2394
19703 3664 7439 7296 6662 8134
19704 6662 1502 6726 1325
19705 6662 940 363 5868
19706 6662 1494 1366 1182 6319
19707 8648 9169 4262 8673 787
19708 6662 2211 11073 6662 359
19709 3724 608 571 6662 6662
19710 4686 1344 337 3963 4340 5156 5752 10075
19711 5306 6337 2410 10559 812
19712 6662 1170 363 6662 51
19713 530 3802 5826 6662 6662 6662 3904 6662 2087
19714 6662 338 5862 1061
19715 5008 8944 8114 1690 7165 11837 11485 1208 1209 1034 2933 3963 9912 2494 1687
19716 6662 4060 7689 2719 3904 6873 3550
19717 3100 468 7467 3559 9804 318
19718 6662 407 720 941 6662 4603 2270
19719 1341 939 10434
19720 2047 2905 5419 2369
19721 10772 4481 4778 6662 1033
19722 6662 7941 5759 4140
19723 1693 3322 9687 953 6357
19724 5202 6834 2081
19725 9982 5240 2504 9145
19726 5845 8174 5759 2444
19727 8268 6151 6021 1203 1511
19728 3461 10221 9764 6102 4699 6662
19729 6662 7873 11354 7565
19730 6542 3192 4046 2589 6662 6662
19731 3862 3161 472
19732 6662 2834 2199 6662 6662 6662
19733 6275 1272 1718 6662 992 804 154 5194 2303
19734 6662 2905 6662 807 4527
19735 11643 9473 11059 10477 1071
19736 10658 6725 4826 2442 637
19737 6662 11395 6638 6662 8442
19738 7386 51 1381 6332
19739 2242 1505 6662 1354 6662
19740 688 3214 940 1405 1235 1324 1476 5191
19741 3192 936 855 850 1371 2462
19742 523 2663 1481 2858 2562 553 3857 2662 6662
19743 6662 4623 5312 8969 530 6662 6662 8102 464
19744 585 3637 39 361 10457
19745 7636 530 1050 672
19746 7374 3092 464 2283 4159
19747 5666 3983 4843 5591 8112 2095
19748 8075 7429 7431 6058 6662 5128
19749 9985 10660 994 1494
19750 7558 2712 1607 11210 8062
19751 80 8195 3953 3954
19752 6662 51 1471 261 6662
19753 2565 339 5242 3897
19754 6626 1326 6662 7568
19755 6662 2138 570 678 1808 1850 1816
19756 8654 3175 5768 4922 6662
19757 10391 9652 969 261 6662 8419
19758 6662 11394 6490 1184
19759 6662 2531 11770 6662 10454
19760 1695 5141 5535 6662 6662 6662
19761 6662 1209 7896 1579 1007 1018
19762 6662 1688 3192 2658
19763 2758 5988 352 5584 9061
19764 7549 6608 10601
19765 3679 544 1878 6860 5989 7401
19766 6662 997 408 337 6662 949
19767 6351 5700 6662 6662 4254
19768 7273 5001 1944 7788 6662 632
19769 1340 11057 51 146 148
19770 4913 9803 7448 6353
19771 3862 6662 7568 6662 6662 2933 6662 6662 6662 5596
19772 3858 1182 969 4338 2668
19773 2441 792 9314 6662
19774 6662 2417 5274 6775 6662 6662 645
19775 9154 6406 3075 7362 9731
19776 1447 2882 5463 10358 2393 6000 6662
19777 6662 2025 2101 2457 2457 11464
19778 6662 1118 1741 5839 6662 6662 2145
19779 9652 1548 720 1070 1743
19780 6662 51 322 6662 1455 992 1272 6662 1573
19781 3461 5008 11709 11710 2870
19782 6966 2251 6662 6523 544
19783 1180 6662 1131 5854 936 847 4639 5863 2095
19784 6662 6733 6662 5629 6662 6662
19785 2835 2742 2834 22 8073 6662
19786 440 412 6662 1118 6662 5191
19787 4419 202 10890 2527
19788 402 2853 354 3031 4166 8192
19789 4934 3905 329 4446
19790 3708 348 409 4116
19791 6662 6385 3858 6662 6662 6662
19792 6662 185 5307 726 877
19793 3115 6662 413 1488 7480
19794 7365 1341 280 6662 6662 601 6662
19795 6662 61 348 1677 6662
19796 8931 1716 260 3447
19797 1808 903 6662 9679 544 2398 4238
19798 6662 5460 5742
19799 5287 5485 6327 459 4431
19800 1731 2455 6893 2185
19801 6662 235 1337 6662 6662
19802 6662 51 51 7353
19803 740 1250 5039 7139 9145 9169
19804 3730 3913 8117 5010 8113 511
19805 4966 6565 5480 7694 6662
19806 3116 6692 9583 6662 6662 279
19807 6662 3905 10013 6164 6662 1106 222
19808 6662 7352 11909 9201
19809 9445 10964 4363 6907 6662 4114 2814
19810 6662 208 1484 6662 6662 6662 2095
19811 6961 51 8355 4517 259
19812 6174 3017 9499 2734 2573
19813 884 2913 6662 355
19814 6662 193 1124 2789 480
19815 6662 3011 8965 9693 4427
19816 6439 6537 6330 9642
19817 6662 1550 6662 6662
19818 6662 6662 6647 755
19819 531 1518 1189 6662 6662 6662 2326 4054
19820 6662 10425 3857 6662 6662 1351 363 6662 6662
19821 3461 10902 11317 2433 11665
19822 6662 1725 1427 10504 6662
19823 6662 6044 58 2653 5608
19824 2600 6888 6977 1766 4763
19825 1405 1238 1519 1353 1367 829 1470 942 613 2906 6547 210 1036 1554 5869 964 2935 4628 819
19826 4790 8716 3762 4144
19827 6662 1180 196 1427 6662 6662 1648
19828 6662 940 6662 6662 5557
19829 6662 6944 7075 5034
19830 6606 3913 6825 3945 7841
19831 1909 4479 11584 765
19832 11838 1368 9904 359 6662
19833 9668 7659 1449 1449 6498
19834 6662 2128 4191 4701
19835 6662 1001 854 6662 6662 1016 6662 6662 1451 1358 613 684 1048
19836 10053 10725 5961 2330 6662
19837 6662 1351 1550 6662 1245
19838 3943 905 4126 6091 7771
19839 6662 51 397 4690
19840 6662 3410 10296 8403
19841 6662 5240 8157 6662 6662 6662
19842 6662 10146 10662
19843 6662 1304 3904 6662 391
19844 6662 6590 6283 3218
19845 582 8446 4866 11336
19846 6662 994 6751 996 1553 1068 1068 967 8501
19847 9107 6763 1736 1430 6662 1529
19848 1765 4511 3083 2231 5447 2589 2004
19849 6662 1028 1341 7264 6662
19850 627 5768 504 10952 10953
19851 5186 51 318 147 3315 6662 1923
19852 6662 5703 1470 1382 6662 10086
19853 6662 51 74 2967 6662 2303
19854 7683 6921 4318 6662 6662
19855 6662 4175 1499 961 9507 7820
19856 11826 1257 6912 6048
19857 6123 7991 260 8803 3569 6662 6662
19858 1276 5232 10430 6469 997 6662 49
19859 6724 8112 1022 2479 7043
19860 11858 11584 1354 163 1403
19861 2028 9219 7386 6142
19862 2651 3913 1067 6662 6662
19863 7658 6662 5797 6725 6662 11485 10120 256 3143
19864 5007 3196 348 6662
19865 6662 1723 7150 1855 8815 6662
19866 9952 11915 4682 11771 11772 11921
19867 7664 2271 1783 4733
19868 332 2408 1435 4958 4922
19869 3950 4464 3262 4514 6662 6662
19870 6662 1792 1827 1524 6662 407 6662 2531 6571 6662 8762 6662 827 6662 1106
19871 6662 6237 6523 2766 4740
19872 5091 5990 1988 628
19873 6662 1272 6662 6662 6662 5649 6662
19874 6662 5222 2939 642
19875 3028 11294 8287 2840 3919 265 275
19876 5103 2053 9057 10977 571
19877 6662 920 938 6662 6662 1660
19878 4258 160 8879 1627 6662 811 11170
19879 6662 327 5534 793
19880 6662 710 6728 1586
19881 5055 5286 5437 5575
19882 771
19883 4235 9823 1075 1199 6662 5276
19884 2743 1082 1808 6662 1831
19885 6662 1351 1723 9989
19886 6662 1280 3858 265
19887 6662 279 5842 1850
19888 8763 1481 262 1001 1888 2140
19889 6662 4008 2247 10075 4034 6662
19890 2291 32 5987 2245
19891 6662 1272 6662 6662 6662 6662 6662 6662 6662 1572 6662 5882
19892 5436 3980 1259 1746 5860
19893 6662 6605 6662 6662 363 6662
19894 3289 11060 348 3011 6662 2211 9937 9745 8189 6662
19895 6305 11419 3957
19896 731 338 8746 720 1648
19897 6662 9 3118 919 1631 812 2204 4130 8278
19898 6662 4394 632 6464 4295
19899 65 80 3204 4149 5251 3001
19900 6662 3117 5040 9541 5040
19901 6662 928 1620 5041
19902 8749 8198 6662 3356
19903 6662 11720 348 6662 6662 6662 1351 1354 6662 552 2726
19904 5623 5413 7216 1791 10462 1184 4600 2934 5865
19905 6662 1366 548 2878
19906 1696 5027 8201 5775
19907 5145 5230 1982 550 1740
19908 7902 5210 7501 8270 1815
19909 361 5610 11501 11448 9917
19910 6662 51 1602 8117 1261
19911 6326 6509 4546 8122 719
19912 6662 544 6662 8109
19913 674 8530 1203 10596 4654
19914 6662 193 8414 2447 2303
19915 1060 6662 7702 1646
19916 4343 11330 4598 8661
19917 5945 9419 135 6477 5945 709
19918 3083 11351 11098 2736 6662 3979
19919 6662 3968 7234 9465 2999
19920 6662 10643 1620
19921 3278 912 4262 4254 160
19922 6662 2209 448 6912
19923 6662 3011 1961 2767 6662 553 969
19924 5238 6885 3 7648
19925 9104 6794 3061 4698 1064 4504 6662 6662 932
19926 6662 1407 4548 9901 645
19927 10151 8439 5713 542 4460 1307
19928 6662 6226 1784 6662 1427 9168 6662 1572 6662 1850
19929 5720 4219 5914 9999 6662
19930 6662 662 5537 6662 10274
19931 6662 5054 5500 510 6662
19932 6662 10996 1002
19933 6662 2562 1031 6662
19934 6662 3341 5040 6638 9290
19935 5803 3953 3954 3955 6885
19936 6662 10047 6662 372 866
19937 1355 495 3949 9309
19938 11632 6448 7221 3632 1591
19939 6662 1621 1053 1617 6662
19940 6662 9164 10710 1615
19941 799 4406 3150 4438
19942 6662 6848 6138
19943 6662 2211 2810
19944 3932 97 3104 54 284 6433
19945 2837 6041 7448 2428 3226
19946 6439 9994 3092 11871 5021
19947 1787 1256 2504 7713 4113
19948 6662 363 7827
19949 1424 1255 209 1065 413 8596
19950 5343 11149 3942 2576 1163
19951 174 176 4521 799 5240
19952 10706 410 6736 1008 2204
19953 3904 51 7607 2911
19954 6662 1124 3974 5598 1350
19955 1404 1725 1481 1257 1648 851 1646
19956 8647 51 146 2100 9909 3273 275
19957 6167 5780 10706 11583 395 1380 4639 1723 283 5824
19958 6662 1157 7035 912 1351 9943 6662 5191
19959 6045 11652 552 8103 3391 6662 6662 363 10348
19960 6662 363 562 1068
19961 6662 1252 5028 363 6662
19962 477 7640 6051 11524 9614
19963 6662 1118 1159 3879
19964 4763 4999 7764 9611 2239
19965 6662 1124 6662 4269 6662 6662 1157 6662 951
19966 940 195 11330 5978
19967 1790 2480 2886
19968 6662 11374 7814 361
19969 189 4417 255 8874
19970 6662 6751 613 1197 6662 6662 4467
19971 552 3833 4184 9913 9648
19972 6662 2082 1092 2095
19973 6263 2684 624 5310 11099 9577 1659 5884 502 6646 1077
19974 1751 2195 3068 8458
19975 5945 3153 3858 2140 9535 5276
19976 6662 51 6582 148 842
19977 9728 3216 11342 9108
19978 3964 1451 3908 483 4415
19979 3602 4758 273 9652 8333 10506 4470 4532
19980 6662 8879 283 1622 6662 4814
19981 6662 2789 7048 6662 6662
19982 8118 51 5721 6662
