19413 6662 3905 3860 3037 3019
19414 6662 822 6662 6662 6662 6662 2468 978
19415 4525 700 6245 1738 10540
19416 65 3212 334 1357 9587
19417 6662 308 51 4949
19418 6662 51 6287 5281 8021 4438
19419 6662 256 373 6662 6662
19420 2243 553 2230 6662 693 9168 6662 3964
19421 9406 63 7097 8196
19422 799 6824 10063 6897 2789 6662 4269
19423 6662 1124 5884 1242 6662 932
19424 1341 8313 1118 6662 279
19425 4595 185 4077 5598
19426 3654 1719 7842 127 8046 1626 1286
19427 6662 5541 1678 1353
19428 34 4122 6662 6274 6662
19429 6662 7351 1449 1272 6662
19430 6662 6352 6353 6662 6662 659
19431 2553 1275 4502 412 6662
19432 1874 2886 8294 6284 5826 6662 6662 946
19433 6662 128 11410 6662 1354 6252 6662 6662 6662 7568 6662 1351 4832 6662
19434 6662 1272 6662 1158 5560
19435 5959 6874 6662 8886
19436 6662 1358 1525 6662 6662 6662 6662 6662 6662 6662 4740 6820 6662 5740
19437 6662 994 1503 6751 2907 1680 1214 953 265 6573 4590 3921 1467 2062
19438 799 2835 5302 1550 6662 7568
19439 6662 10426 5703 6662 1118
19440 1817 1853 6368 7610
19441 7555 10179 9190 853 1959 6662 1645 8180
19442 3920
19443 6662 822 1237 6662 1427 6662 580
19444 101 1192 5623 6008
19445 9952 4682 11771 11772 11773
19446 6662 5240 6662 6662
19447 3653 6662 928 4740 6662 1118 6129
19448 9413 4889 4889 124 4247
19449 6662 3999 51
19450 4657 1182 969
19451 3769 2834 5214 10151 10582
19452 6662 727 2188 799
19453 6662 1723 4916 6662 6662 6662
19454 6662 1404 1449
19455 6662 1049 1235 6662 1321 1622
19456 2351 220 11836 6662 6662 6073
19457 6662 1351 1855 6940 6662 6662 1212
19458 6662 8871 1418 6662 1367 2699
19459 6662 5880 5245 9438 8109
19460 2858 545 6142 1266 6662 9911 6662
19461 2710 1354 9196 6662 6662
19462 2417 5111 5203 25 3830
19463 9653 4622 5881
19464 6662 3905 1307 3857
19465 4198 9488 3210 4603 8447 741
19466 6662 4398 9465 318
19467 6662 1817 8533 9734 2764 6662 6662
19468 9952 4682 11923 11922 11209 9111
19469 5516 1707 11073 2800
19470 6662 6662 2784 6662
19471 6662 156 10058
19472 6662 1158 6662 6662 1427 6662 1427 6662
19473 477 7351 684 6662 6662
19474 8199 544 3538 2175 211 1123 1997
19475 2457 7994 8208 7503 7054
19476 6662 8635 3670 6662 9672
19477 4378 4102 11342 10324
19478 3768 5885 11258 11504
19479 327 6346 6662 1099 6662 6662 3150 337
19480 6662 693 5025 2940
19481 6662 51 147 148 149
19482 5343 1377 10707 11764
19483 4656 3902 1395 1736 154 1070 939 1715 155 613 810 10853 2570 10029
19484 6662 687 6662 6662 7424 6662 6662 1047
19485 6662 185 1620
19486 940 6662 7763 464 11673
19487 5770 372 1846 10208 6516
19488 2638 6661 4934 6747 361
19489 2239 3433 8143 6662 359
19490 2682 3322 9846 3726
19491 6662 330 156 11895 3401 304
19492 4681 6755 6662 1427
19493 6662 9164 2647 2664 6662
19494 6662 2454 11431 11794 6662 2200 1194
19495 5803 3953 3954 3955 627
19496 3830 5302 4691 11301
19497 2897 2159 1792 1809 2167 6662 6662 1117 1124 6662 6662 1272 6662 3051
19498 6662 51 1506 6662 1340
19499 4066 1569 3169 1709 6662
19500 8152 602 1365 11688
19501 6662 1118 1513 6662 6662
19502 6662 10105 6983 9583 6662 799 10439 6573 10210
19503 6662 849 4350 337 1039 5029 10179 1369
19504 3588 4204 4190 10999 6469
19505 6662 1157 994 1379 1353 1519 613 855 1215 7979 1163
19506 11424 11871 5021 178 1014 2119 1015 4889 2059 1390
19507 1718 1101 4583 6662 6662 11736
19508 6662 10399 2685 622 2584
19509 3792 531 881 7684 3190
19510 8977 7703 1001 2786
19511 6662 5690 687
19512 6662 279 6662 6662 72
19513 6662 1272 6662 6662
19514 2920 5109 9303 10265 8684
19515 81 3968 1602 93 6662 11141
19516 1270 2170 6662 1141 4628
19517 461 8490 4475 9871 211 4665
19518 6662 1351 1100 6662 6662 6662
19519 994 348 3910 4711
19520 6662 4735 6857 6662 9679 6662
19521 2380 464 2789 6274 1502 2369
19522 863 6314 5551 4154 6662 7553 6662 2203
19523 3461 9077 5356 10268 6662
19524 9993 147 5366 9298
19525 475 2495 6973 8468 2553
19526 6662 363 1031 3693
19527 404 4398 1494 6662 6662 6662 6662 7695
19528 6662 2303 4088 275
19529 6662 4814 9998 209 1064 724 1574 1650 3330 1322
19530 6662 51 4398 2569
19531 6662 1430 9931 2240
19532 6662 7887 3904 6662
19533 1903 4295 11163 5433 76
19534 4789 2247 5309 8836 6078 4815 5153
19535 1718 5457 5947
19536 8170 8108 5787 1969
19537 3089 9670 7125 2844 10031
19538 6662 1770 361 10056
19539 3874 3391 439 5116
19540 4646 1199 3857 6662 6751 1572 1066 1393 1307 46 265
19541 6662 1182 6662 6662 6662 7702
19542 6662 1124 1352 412 6662 6662 1451 6662 1117 562 6662 912 6662 6662 6662 6662 854 6662 6662 81 6662
19543 8745 5536 8818 8457
19544 6662 1594 946 1352 6662 1164
19545 6662 1503 1210 1278 6662 1484 6662 1240 7553 4254 1747
19546 6662 6608 2810 7605 3994
19547 2984 11793 2816 5037 51 984
19548 6662 1707 7378 10532
19549 6662 1029 552 994 998 1487
19550 7699 10564 11005 10447 768
19551 6662 805 514 6662 6662 1660 5040
19552 6662 2531 4471 29 1114
19553 6662 2016 2766 1156 6662 1676 9204
19554 73 4460 6308 6662 279
19555 6662 6261 1033 2531 6940 6662
19556 6084 260 2200 2025
19557 1525 3903 1135 1573 4907 6701 1359 1373 6662 1677 1036 11184 3249 5710
19558 6252 6662 1676 1676 9223
19559 10600 10168 1308 5286 2407 4342
19560 6662 329 27 1450 6662
19561 494 6662 1118 6662 4175 7078
19562 6662 10215 6026 6662
19563 1808 2901 8185 2470 532
19564 6171 5354 5029 1282 1307 1569 6662 1016 6696 1726
19565 5535 5536 5150 854 6662 6662 6662 4582
19566 73 407 363 6662 4579
19567 6662 1366 256
19568 6662 5109 5054 586
19569 6662 1790 2858 6662 51 1182 283 6662 4740
19570 11082 3963 851 1175 4628
19571 2803 2789 4578 7017
19572 6662 5860 7524 2665
19573 1063 7189 9246 2286 1354
19574 2130 8648 6825 1164 686
19575 6662 1029 1378 470
19576 48 244 630 5901
19577 6662 1676 1235 1180 6662 6662
19578 6662 9312 1459 6630 7032
19579 6662 3356 1158 3400 6662
19580 901 3733 11273
19581 1331 6726 7381 11233
19582 9346 3092 8669 1591 5034 7690 3023
19583 6662 2531 6506 4651 5570 6662 6662 1529
19584 6662 1124 553 1569 6662 5029 6662 6662
19585 2086 6855 3092 174
19586 6662 2691 6662 6662 51
19587 6662 1273 1947 1336 1511
19588 6662 363 2444 6662 6662
19589 3792 467 969 309 1272
19590 3322 6738 6662 552 6662 6662
19591 6142 1916 1187 4060
19592 4173 440 5266 10270 6040 1873
19593 9090 6853 3844 1768 7077 1393 6662 1741
19594 6662 4288 4210 3409 3336
19595 2442 9458 5143
19596 6662 5217 381 6662 6662
19597 1798 1790 3615
19598 2825 6167 11498 6724 6725
19599 6662 5217 506 627
19600 514 1029 1306 1570 5978
19601 361 5610 9728 1142 10072 6319
19602 5127 4369 7620 687
19603 6662 5862 6850 1770
19604 6455 9360 11371 6695 392 6662 4088
19605 4709 3376 3116 9022 8829
19606 6662 6385 5759 4140
19607 6662 204 6753 5028 1001 38
19608 11017 3150 2664 6662 6662 6662 6662 5882
19609 9759 3904 6662 3301 5182
19610 2495 1784 48 5686 5622 6662 6662 1517 6662 6957 6362
19611 6662 364 123 6662 3035
19612 6662 1272 6662 6662 5043 2999 6662 1118
19613 1731 1350 226 9762 8952
19614 6662 2562 6662 3964
19615 5 1965 8861 2020 4738
19616 884 1197 1895 11130 136 4721 4722
19617 6662 3999 6662 6662 2444
19618 6662 940 6662 513 262
19619 620 6662 5552 6662 1451 2160 6662 6662 3347
19620 6662 3180 1245 1210 6662 6662 10224 6662 128
19621 6662 1517 6048 6662 6662
19622 6662 10426 2764 2982
19623 7458 5506 2101 6956 785
19624 6662 724 3931 4077
19625 487 1543 940 6662 6662 3101 6662 6662
19626 6662 3920 3296
19627 6662 1230 2167 6662 6662 6662 6074 1679
19628 6662 4727 7672 1615 6662 412 1596 8863 955
19629 7599 2705 6351 6662
19630 6941 3886 2997 10848 9480 11761 1722
19631 11199 6662 10966 9062
19632 6662 2248 8502 6803 6662 6048
19633 6662 3820 6662 6662 193 2651 6662
19634 4287 8159 9687 5042 6662
19635 672 31 8787 554 686
19636 1274 4323 1602 9077 6890
19637 6662 51 1620 2733 984
19638 6662 1695 5700 6662
19639 1248 1548 6449 1330 840 166
19640 6662 2161 1526 6662 941 6662 382 1044 1162 2877 4254
19641 6662 1351 1134 6662 6662 4639 1455 911
19642 7550 1101 3817 223 6662
19643 6662 7873 961 1393 6662
19644 6662 1124 6662 6662 11141
19645 6437 6662 5149 6662 6662 6662 1050 8599
19646 51 146 7822 148 5749
19647 5728 5603 6546 3153
19648 6662 793 1573 7001
19649 8866 4421 812 2231
19650 9674 937 853 412 562 4665 6662 1572 1503
19651 7431 2351 10953 4047
19652 30 7495 4244 4934
19653 2481 7365 4622 994 3040
19654 2903 6632 5010 8117
19655 6662 1751 1804 1830 2095
19656 6540 6662 1646
19657 7406 1447 6786 3679 6651
19658 6662 940 9490 6662 1358
19659 514 1393 961 11192 7348
19660 3091 5586 50 8265 2818
19661 6662 363 6847 5042
19662 6662 1124 969 250
19663 7275 495 3192
19664 10767 6662 4965 936 5460 1287 2729
19665 6662 5109 9887 6662 6662 4516
19666 718 5123 2212
19667 2755 947 6751 1002 1395 158 5900 1311 811 1373 986 1177
19668 6662 5885 6662 6662 6896 6662 940 6662 6329
19669 6662 1516 7734 1354 6662 6792
19670 1048 236 684 6662 4307
19671 6662 4060 11761
19672 1268 6762 7440 9712
19673 1447 172 128 3037 3127
19674 9775 10591 309 9776
19675 3679 6329 11465 6885 3356
19676 4383 7921 809 756
19677 6662 7715 1272 262
19678 6662 940 6662 6662 6662 6662 4814
19679 6662 5788 1000 1740 6662
19680 2681 1870 7994 9825 2706 7869
19681 11614 4107 4595 2128 6662
19682 4448 4889 4464 1496 1066 6662 1068 4665 11638 5875 1500 2726 212 1261 1560 1748 6161 167 816
19683 6662 11310 5127 6662
19684 4820 6662 8283 6662 6662 4088
19685 6662 7568 6274 463 6662
19686 7683 3300 8647 1354 51
19687 11622 7606 11825 8668 4630 6016 5265
19688 5879 4398 994 6662 6662 6662 6662 6662 2242
19689 1124 1449 918 994 998 807 7702 3050 9731 1935 4600 1360 1042 9663 777 1654 1313 250 1080
19690 6662 1337 6662 431
19691 2041 8757 5829 9062 818
19692 2988 938
19693 6662 1351 2562 6662 6662 6662 2219
19694 1556 2870 8628 9620
19695 2811 9236 6860 749 6812
19696 6505 6662 128 6662 4470 7106 813 7450
19697 6662 3175 4069 7456 3759
19698 3726 112 3566 3661
19699 6662 2592 361 4890 2231
19700 5107 680 7885
19701 6785 909 3083 5382
19702 6662 4814 7882 6201
19703 10237 9364 11597 5685 3938 11665 6671 4909 2154 8913 4491 1264 7465
19704 530 4502 1182 969 7633
19705 2858 827 3825 1457 2200 1018 1572 949 1331 9884
19706 3860 6886 6932 9811 381
19707 674 2248 3405 6907 1728 6662 7011
19708 2616 9103 7972 3542 6662 1700 5657
19709 6662 5356 4836 6134
19710 6095
19711 9464 1307 4804 10508 6662
19712 25 1909 5145 5949
19713 6662 1351 2718 6662 1136 6662 994
19714 6017 9207 6662 6662 6662 2865
19715 2197 4328 6662 1245
19716 8018 2506 11356 5492 1625
19717 6662 1871 8973 6662
19718 1266 687 658 2834
19719 6439 1099 1203 4733
19720 6662 185 9207 6662 8442
19721 11521 799 9728 5759 1770 1709 6662
19722 6662 3034 2818
19723 11449 1203 3356
19724 6817 9904 4723 6662 6662 2569
19725 6662 408 6590 6662 1347
19726 1274 1516 1029 23 9736 6662 1286 498
19727 6662 3690 7872 5502 6516
19728 5127 2513 4826 6662
19729 3557 6662 1825
19730 440 4608 1365 1620 3827 3828
19731 6662 355 6464 6662 1723 992 273 6662 6284
19732 1525 928 2858 5742 849 1413 4326 969 966 2573 966 165 1082
19733 10051 6662 1613 4579
19734 190 6904 3026 5497
19735 10429 6850 8113 6662 1150 6662
19736 6662 3167 2664 337
19737 6662 9060 214 6662 4523
19738 3858 46 4502 2419 2510
19739 9199 10053 1738 1164 6662 6662 3163
19740 6662 3170 5862 2726 1707 158 1002 851
19741 536 10718 816 6662 37
19742 6662 10529 4206 6662 6662 9754
19743 8622 4429
19744 420 1057 4423 11627
19745 1341 4166 1070 413 413 3748
19746 5643 1855 2049 6871
19747 6662 51 3341 4922
19748 5528 5219 2977 7155 2332 11465
19749 1066 7993 5658 1360
19750 5703 3963 6316 10210
19751 3013 2211 317 918 6662 6743 8724
19752 283 5536 8102 6850 6662 6662 2388
19753 6662 9164 9309 829 6662 707
19754 3738 11605 11375 361
19755 4620 4889 5541 5028 2664 2393
19756 4247 4240 6662 1449
19757 1546 7126 1203 8329
19758 8353 1427 6662 6662 6662 6662 6662 6662 6662 6662
19759 5867 7739 9727 7049 4460 6662 413 10772
19760 6662 6662 7568 9968 4140
19761 6662 562 9710 6662
19762 8035 8882 3026 3953 9374 9145
19763 1909 4249 7818 381
19764 2885 4068 1475 6662 1068 1455 1408 1231 6662 279 6662 1337 1442 6662 850
19765 3083 318 6398 8834
19766 11924 8768 4776 7827
19767 2532 1393 1727 5703
19768 2111 4418 7098 262 10861
19769 6662 363 8092 6662
19770 6662 936 1133 966
19771 2971 2860 5842 632 945 4170 337 3012
19772 6662 7826 673 2901 9549
19773 3089 10263 8347 2215 11669
19774 6662 1124 196 1846
19775 6662 3083 3915 7535
19776 9230 3017 1912 1823 2895 1840
19777 6662 4295 6662 10405
19778 6662 940 6662 6662
19779 11837 11838 11839 11893 4633 10462 6662 8815 8811 1841
19780 6662 1124 5814 6662 2664
19781 6695 3461 72 8759
19782 2288 2266 23 7408 5147
19783 6662 10592 6504
19784 2542 146 147 148 149
19785 6386 146 147 148 1912
19786 6662 1716 5143
19787 6115 8553 1286
19788 6662 9723 6662 6662 1612 1432 6662 848 1715 5556 6773
19789 6662 8485 582 372
19790 6662 11407 4786 6662 6662
19791 283 1426 9684 2419
19792 3347 4244 2742 6483 151
19793 9952 4682 11771 11772 11773
19794 2736 5150 8108 1008 9728 810
19795 8999 6662 6274 419
19796 518 7143 5174 9980 10105 6940
19797 9492 3968 275 51 3356
19798 8737 2734 10349 8952
19799 5145 1129 198 256
19800 6662 4550 6848 4683
19801 6662 1124 6662 720
19802 65 867 8837 7476 4912 7931 6662 1661
19803 2369 6594 4254 1145
19804 5593 2229 2303 11049 6662
19805 5358 1355 2256 316 4020
19806 4359 8799 11217 6662 6662 6662
19807 6662 363 1118 1132 1306 1550 6662 6662 1325 857
19808 8157 6662 6662 6662 4578 2006
19809 6662 48 3170 6662 970 6662 6387 6662
19810 6662 2981 6912 6662 6662 6074
19811 8783 6592 5289 793 8711
19812 6662 1137 27 6662 1118
19813 6662 198 6662 6662
19814 6662 1378 63 72
19815 6662 2879 8108 3963 6662 6751 413 9200 967
19816 6662 6274 3931 3858 1371
19817 5415 6048 11130 1399
19818 6662 1620 404 174
19819 4587 7044 456 8736 11319
19820 6662 6042 5258 6662
19821 4247 3457 3151 734 11647
19822 9262 8534 1284 2171 3315 7842
19823 1809 7653 7988 7235
19824 1061 624 8719 7442 928 1552
19825 7856 3451 9168 6662 6662 6662 11699
19826 10282 2593 9816 4307 4726 3389 253 3711 5875 6070 74
19827 11487 3837 7072
19828 6662 1494 6662 3011 6662 6662 6662 1354 6662 6662 6662 1870 6662 3150 1550
19829 6662 1621 128 6662 1423
19830 1492 10952 10953 4060 986
19831 6151 7537 5895 4285 3330 6869
19832 2241 4523 4695 3330
19833 531 4906 684 6662 6662 279
19834 6662 1118 1513 6662 7568
19835 6662 2035 1993 1061
19836 6662 2211 11913 3010 6316
19837 6662 1516 6662 1194 6662 6662
19838 2159 5783 10976 5746 6662 6662 10519 2465 2564 2156
19839 6662 685 5447 5090
19840 9233 7632 5534 6828 2764
19841 6662 7025 415 4140 2444
19842 4927 2140 3794 475
19843 6736 11155 3540 6891
19844 6662 4509 2195 6662
19845 6662 553 6662 2345 6662 6662 7568 6662
19846 132 1448 5142 6073
19847 459 3415 1570 3218
19848 6662 456 3591 7790 6646
19849 821 1515 1239 1306 1418 6662 1450 6662 3295 1110
19850 6662 1124 6662 6662 1451 6662 6662 11324
19851 4413 5938 6592 9979
19852 6662 1015 1365 3963 6662 1366 6662 1678 1442
19853 5495 10686 6260 6944
19854 3167 6662 6274 6662
19855 414 9946 409 8765
19856 2325 1450 8762 6662 6662 6662 622
19857 1573 5849 1103 1032 2949 1432 2046 8727 1425 1231 8008 2982
19858 6662 2189 6662 6662
19859 6662 196 1450 6662 1645 6662
19860 3192 4243 4088
19861 3029 361 7285 685 265
19862 6662 1351 1610 10894
19863 11332 10643 6763 6202 10225 4726
19864 7474 51 147 148 149
19865 1495 5040 1286 1617
19866 4213 51 146 1889
19867 698 4494 3404 103 6662 786
19868 6662 1613 851 1551 1370
19869 6662 413 1658 9787
19870 6662 9168 7931 6662
19871 6662 4823 8092 8952 48
19872 2002 6274 5412 8757 4327
19873 9379 5601 3070 9902 2202
19874 3500 7485 5472
19875 1354 6571 5077 6662
19876 1800 4686 4523 3915 1182
19877 698 8574 8798 7948
19878 6447 4703 3889 322
19879 756 5217 9849 6662 2833
19880 6662 6662 1118 6662 6662
19881 6662 6385 6662 1516 6662 1309
19882 6662 9423 11699 437 7715 4852
19883 7784 525 11310 6361 3678
19884 6662 1029 8301 51 146 1995 5598 6662 3992 6858 9592
19885 193 1495 1715 210 813 4662 1000 953 1282 2666 8237 152 4630 1622 6662 5885 4047 1218 1220 1184
19886 5076 9716 1602 51
19887 395 826 1030 930 6662 6662 51
19888 4922 3918 5191 6662 6662 6662 6662 6662 6662
19889 6662 10818 936 937
19890 1978 5746 283 2095 6662 980
19891 2370 5561 6662 6662 6662 6662 7025 262
19892 6662 7702 11598 1814
19893 1401 1424 805 5875 937 998 1527 1103 851 1460
19894 6662 1742 6662
19895 3942 7404 6662 2258 4384 6662 6662
19896 5382 5262 6771 8975 866
19897 1965 1405 156 11434 2326 7142 1075 4599 4594
19898 1191 1134 1709 966 1489
19899 6662 7501 10332 2248
19900 1334 3017 1133 5519 6662 6662 1272
19901 4192 6566 3332 10952 627 2870 1357 1283 1715 310 9108
19902 5959 9926 6662 3019
19903 1406 5268 10527 4644 1570 1574 2270 6385 1070 413
19904 3785 724 1724 1137 6879
19905 6662 1570 1282 6662 6662 338
19906 7113 9324 8456 9062
19907 55 3378 6191 1474
19908 3904 3229 637 6662 2173 10754
19909 1155 2926 1804 1944
19910 6662 1097 11720 6662 6662 7176
19911 8947 9006 1553 10778 6662 1443
19912 6497 3743 9204 3904 4862 6001
19913 6662 2948 544 51 146 1834
19914 2956 2967 4315 4981
19915 6662 936 2867 6662 337
19916 5488 7268 1602 7514 817
19917 2379 74 208 6662 10818
19918 6662 1731 3083 6662 6662 6662
19919 6662 2531 5875 6662 4608 1382 2202 1133 6705 1105 1292
19920 3198 5657 10358 11817 7042 6662
19921 6662 8920 1501 724 811
19922 5448 11753 6914 6837 6662
19923 6662 4638 6662 6662 6662 6662 6662 6662 3173
19924 7910 1393 812
19925 453 561 3993 2547
19926 11721 8113 6662 8118
19927 9626 6704 1238 6828 8113 6662 6662 2161 1647
19928 6662 2932 337 586
19929 5724 4193 4252 3175 3035
19930 7140 8118 185 6494 1489
19931 1602 2321 1546 1886
19932 1792 2027 1804 3283 1993 1830
19933 2197 6662 413 957
19934 6662 4170 11781 2844
19935 7916 9733 11672 310 854
19936 351 9696 5306 6662 6662 6662 5696
19937 6662 3017 2356
19938 6662 3595 1620 4252 6662 2765
19939 6662 7529 7887 8924 6662 1405 11190 6234 5809
19940 1650 1232 720 2367 2488 1065 6662 1033
19941 9736 10146 430 3356
19942 9404 9984 3829 1000
19943 6662 3153 4663 4754
19944 6662 279 6662 1766
19945 6662 6033 10818 6662 1855
19946 6662 3415 9168 6662 6662
19947 6662 2326 1131 6662 1072
19948 5080 10070 671 234
19949 6662 2531 6523 684 6662 1124 942 6662 8501
19950 6662 6848 6107 965 3897
19951 10435 11699 5609 7042 6048 5042
19952 5126 3145 1276 3857 6662 6662 2181
19953 1751 2899 8313 6138
19954 2162 5534 11795 8582 6971
19955 6662 4089 10105 4472
19956 6662 4407 196 24 4579 810
19957 6662 1124 1620 6662
19958 7331 8112 5010 502
19959 1341 1128 1590 4075 4154 6662 3885 10179
19960 2739 6368 2870 3678 2569
19961 6662 363 2798 6662
19962 6662 497 8109 6662 11665
19963 11148 3011 6464 1331 146 6662 5006
19964 206 5567 5438 343
19965 6662 1351 8265 1067
19966 5271 8719 1392 7150 6662 6662
19967 1650 4934 234 11881 124
19968 6662 3858 2718 256
19969 5263 1725 5190 6662 6662 7458 731
19970 6662 1516 1029 920 949 6662 558 1728 6662 9079 2932 1138
19971 6662 1546 6444 3265
19972 2245 470 7157 10672 6662 414
19973 6662 1015 3117 5994 8419
19974 6662 2645 6662 6662 6662 6662
19975 10758 7812 9082 7814 8442 5040
19976 8763 9893 11625 6662
19977 6662 360 6353 6662 6662 9687 6662 6662 8442 2685 6662 1601 6662
19978 1324 1261 6662
19979 6662 1851 10151 1235
19980 8815 8048 7905 6001 6662 4656 6662 1136 1621
