19413 1903 3567 501 2940 2938 4711
19414 5415 264 7401 3640
19415 3499 2753 5818 4325
19416 6662 5054 928 1431 1319
19417 477 2513 6388 3382 7009 64
19418 9519 8291 3193 4862 10528 6739
19419 3904 7420 6603 6662
19420 2742 24 1159 4186 8281
19421 65 729 7058 7236
19422 2594 2790 491 6662 2067
19423 7785 10636 236 1160
19424 3539 7126 1995 1513 6662 1992 831
19425 1336 852 3911 1612 1518 2933 9576
19426 3026 10533 8809 10484 1254 5021 6662 4189 5821 994 10112
19427 453 11068 565 6523
19428 7365 1792 2108 2095 7966 1262
19429 6662 2926 1964 2414 329
19430 6662 2211 511 9706 9389
19431 6433 1707 1555 166 6662 166
19432 6662 1124 196 5856
19433 497 4216 6662 9576 6662
19434 3381 720 4502 3181
19435 6662 51 146 147 148
19436 6662 7568 8247 4088
19437 3101 3140 3309 1197 838 974
19438 7685 930 6285 6662 1408 6662 1194 1068 1443 219 4681 1217 6772 656 222 762 819 984 1656 1225 1229
19439 11736 4255 5827 5010 961
19440 6662 6698 8001
19441 680 3759 6048 1231 1653 6662 6662 1298 720 1184
19442 892 371 11359 5436 4681
19443 3166 4509 8802 8815 7905
19444 6662 9756 4283 9211 395
19445 10761 9831 2046 2802 815
19446 11852 10819 9412 2140 1830
19447 6662 1354 7405 6662
19448 3726 3858 969 4154 1295 5683 1001 6662 6662 3992 835 502 812 11696 161 168 1161 5888 2671 6732 1437 1085
19449 601 7842 11161
19450 4697 5034 6516 3059 2146
19451 4912 1377 7365 1725 1001
19452 3703 1279 1246 966
19453 4073 5535 9000 1394 6662 1621
19454 6662 1129 1193 6480 928 2860 11559 4600
19455 4289 80 4217 8112
19456 1099 1552 6662 1953
19457 2140 8879 2870 3935 3963
19458 118 7590 4778 5040
19459 4791 11593 10966 3145 1944 8390 7905 11727 6486
19460 8767 1730 6454 11043 7979
19461 4190 5803 3953 3954
19462 6662 1118 9028 6662 6662
19463 6662 204 1494 6662 6662 2199 6662 1018 2366 5658
19464 6662 11843 6662 6662 1496 6662
19465 2969 9364 1678 8418
19466 1450 6722 9412 5829 6662 1062 6662
19467 4552 4748 11259 4945 115
19468 612 4415 6662 10405
19469 6662 1272 1050 6662
19470 10861 6260 627 7015
19471 2599 7902 2674 1891 3109 3564 1953 1891 2230 6662 11760
19472 2119 7699 6600 919 7820 6389
19473 4146 11022 6837 2267
19474 10524 1912 149 2016 1859 1943
19475 6662 4088 51 9000 6662 912 6662 6076 6662 6518
19476 6950 8117 8113 4266 8827 8815 5017
19477
19478 601 8810 4368 51 172 3951
19479 2657 6346 6828 1681 1359
19480 3379 10987 3690 256 381
19481 6326 1074 1567 1233 1008
19482
19483 6662 7568 7368 3999 3296
19484 481 4069 8041 9456 4522
19485 6662 4562 630 4219
19486 6662 1029 3118 11314 937 4823 3864 9092
19487 309 2509 1654 3597 4088
19488 11838 11839 10809 7234 2574 6662 1766 10820 9062
19489 1447 5575 7448 2267
19490 5000 969 3983 952
19491 6662 3009 2492 2369 11704
19492 3169 3953 3955 8194 11257 9341
19493 889 3457 454 11218 1602
19494 3317 5654 11311 4740
19495 6662 1231 6662 6662 3262 6662 6662
19496 1342 7812 7813 9082
19497 6662 1517 731 1443
19498 6662 1272 361 9795
19499 5155 1009 10336 5481 5017 3232
19500
19501 1546 7139 10535
19502 6831 269 7083 9148 10413 9771
19503 7517 4959 506 1371 3434 1161
19504 512 2318 1666 3647
19505 6662 1118 1597 413 1145
19506 5345 1137 8345 671
19507 6662 3625 10511 1366 10966 6662 3011
19508 5443 236 1432 4319
19509 2920 1599 2922 5873 10292
19510 3888 3632 8392 3981 1744
19511 6662 1158 1956 6662 262 4893
19512 1809 1864 1798 2178
19513 1115 4911 3639 6051 1186 6134 1220
19514 8681 10425 854 6662 4377 6662 6662 5882 6662
19515 6662 1427 7352 4140
19516 1237 283 920 6696 1792
19517 2663 1118 7191 10058
19518 6662 995 3296 1313 1160
19519 514 903 2567 2427 1182 3919
19520 9127 4575 6846 8108 6662 3964
19521 6662 1427 4621 10803
19522 82 80 2695 792 5406 6662
19523 2920 5528 4260 899 10955
19524 6662 5763 3613 115 1127 5609
19525 7880 3988 2736 7264
19526 6662 11258 2828 6662
19527
19528 2195 1878 4559 2457
19529 2455 9930 3864 7524
19530 3599 5536 11462 4589 1075 5561
19531 6662 8485 10 8937 6139
19532 8729 943 260 5040
19533 6322 1909 9536 793
19534 470 11680 10998 363 4470 2297 6949 1210
19535 1334 1275 1117 5560 2161
19536 6662 6187 8368 303
19537 4640 1246 1104 1685 1286 1561
19538 7537 11354 6647 3849 6662
19539 6662 4665 3145 6603 4484
19540 9318 932 10431 1367 857 1383 6756 3539 5196 8048 7979 3966
19541 6662 1570 1265 4907 3163
19542 6662 7734 6571 6662 601 1296
19543 6662 51 8590 1927
19544 6662 822 6662 1516 1272
19545 7942 6866 9738
19546 234 3736 4791 2778 4458 258
19547 3468 1082 6662 7887
19548 6459 539 4665 1245 4925 1703
19549 6662 7025 6072 7453 3315 7526
19550 8382 2938 8384 4220 4221
19551 6662 7873 343 7449
19552 573 2834 4117 5535 6662 10722 7132 10996
19553 7369 11120 4422 7982
19554 2500 511 2919 1807
19555 5783 3664 5514 3199 497
19556 1589 4451 1137 6662 1492
19557 7920 5067 348 1309
19558 6662 407 1135 1381 5029 1404 248
19559 6662 1156 2932 6662 4607 6662 198 920 1442 8093
19560 2597 1586 5484 11562 8187
19561 3293 943 3870 6385 465 2894
19562 6662 4088 1498 51 146
19563
19564 8805 3915 3036 969
19565 174 2857 6115 953
19566 6662 9523 2395 4369 6662 847 6662 1495 278 3905 8611 6662 1307
19567 342 6786 1048 9824
19568 1679 1066 4546 51 8185 2012 2096 8819
19569 193 552 1319 4608 1240 1369 21 1036 10086 1075 1285 4581 6664
19570 6662 1124 613 1865 9216
19571 2901 1272 11488 6662 10928
19572 2926 1337 850 5623 2204
19573 6662 6988 4608 1240 1527 546 805
19574 3903 601 5936 2081 6897 51 5865
19575 854 949 6828 11759 1354
19576 6662 8485 5534 7757 3922
19577 6662 7568 6662 3950 1383
19578 206 11842 854 8740 1488
19579 6187 8445 827 1341
19580 6662 5340 6912 9343 11545
19581 4922 1932 7463 2373 1330 7058 6662
19582 6373 10822 7143 1070 8118 11759 5623 224
19583 1853 5703 11836 11211 2543
19584 3336 6498 2540
19585 6662 2562 8986 11274
19586 1801 1855 1856 2147 4673 2156
19587 6662 5109 9459 11344 10606
19588 6662 128 1368 2726 686
19589 6662 1766 2461 256 817
19590 3026 4081 5475 749 910 6662 1660
19591 4309 1124 10016 10964 11527 10964 6337
19592 6662 11150 9329 10413
19593 2818 3058 8601 11186 1920 2417 3057 6662 11742 1299 818 983 1687
19594 6662 2612 4921 6662 2562
19595 3297 1227 6519 2021
19596 1763 7810 3192 72
19597 6662 1568 2368 1715 418
19598 1355 6662 3177 6662 4934
19599 1885 2029 5175 100 3812
19600 7599 2742 5480 4108
19601 6662 4417 1681 1076 8225 2491
19602 3424 3720 2246 10966 1684 1033
19603
19604 6662 4916 3730 3999
19605
19606 3334 8136 3905 5903 9311 6662 9025 10663 6735 828
