19413 6662 4843 6662 6662 6662 6662 6662 6662 6662 6662 6662 6662 6662 6662 6662 6662 6662 6662 6662 6662 6662 6662 6662 6662 6662 6662 6662
19414 731 6662 6662 6662 6662 6662 6662 6662 6662 6662 6662 6662 6662 6662 6662 6662 6662 6662 6662 6662 6662
19415 6662 6662 6662 6662 6662 6662 6662 6662 6662 6662 6662 6662 6662 6662 6662 6662 6662 6662
19416 6662 6662 6662 6662 6662 6662 6662 6662 6662 6662 6662 6662
19417 6662 6662 6662 6662 6662 6662 6662 6662 6662 6662 6662 6662 6662 6662 6662 6662 6662 6662 6662 6662 6662 6662 6662 6662 6662 6662 6662 6662
19418 6662 6662 6662 6662 6662 6662 6662 6662 6662 6662 6662 6662 6662 6662 6662 6662 6662
19419 6662 6662 6662 6662 6662 6662 6662 6662 6662 6662 6662 6662 6662 6662 6662 6662 6662 6662 6662 6662 6662 6662 6662
19420 2247 4852 544 6662 6662 6662 6662 6662 6662 6662 6662 6662 6662 6662 6662 6662 6662 6662 6662 601 6662 6662 6662 6662 6662 6662 6662 6662 6662 6662
19421 6662 6662 6662 6662 6662 6662 6662 6662 6662 6662 6662 6662 6662 6662 6662 6662 6662 6662
19422 9003 1035 7490 6584
19423 6662 6662 6662 6662 6662 6662 6662 6662 6662 6662 6662
19424 2021 6662 6662 6662 6662 6662 6662 6662 6662 6662 6662 6662 6662 6662 6662 6662 6662 6662 6662
19425 6662 2078 6662 6662 6662 6662 6662 6662 6662 6662 6662 6662 6662 6662 6662 6662 6662 6662 6662 6662 6662 6662 6662 6662 6662 6662 6662 6662 6662 6662 6662
19426 6662 6662 6662 6662 6662 6662 6662 6662 6662 6662 6662 6662 6662 6662 6662 6662 6662 6662 6662 6662 6662 6662 6662 6662 6662 6662 6662 6662 6662 6662 6662
19427 6662 6662 6662 6662 6662 6662 6662 6662 6662 6662 6662
19428 6662 6662 6662 6662 6662 6662 6662 6662 6662 6662 6662 6662 6662 6662 6662 6662 6662 6662 6662 6662 6662 6662 6662 6662 6662 6662 6662 6662 6662 6662 6662 6662 6662 6662 6662 6662 6662
19429 2458 951 6357 9341
19430 6662 6662 6662 6662 6662 6662 6662 6662 6662 6662 6662 6662 6662 6662 6662 6662 6662 6662 6662 6662 6662 6662 6662 6662 6662 6662
19431 6662 6662 6662 6662 6662 6662 6662 6662 6662 6662 6662 6662 6662 6662 6662 6662 6662 6662 6662 6662 6662 6662 6662 6662 6662 6662 6662 6662 6662 6662 6662 6662 6662 6662 6662 6662 6662 6662 6662 6662 6662 6662 6662 6662 6662 6662 6662 6662 6662 6662
19432 531 2834 6662 6662 6662 6662 6662 6662 6662
19433 10373 7838 6662 6662 6662 6662
19434 905 6662 6662 6662 6662 6662 6662 6662 6662 6662 6662 6662 6662 6662 6662 6662 6662 6662 6662 6662 6662 6662 6662 6662 6662 6662 6662 6662 6662 6662 6662 6662 6662 6662 6662 6662 6662 6662 6662 6662 6662 6662 6662 6662 6662 6662 6662 6662 6662 6662
19435 6662 6662 6662 6662 6662 6662 6662 6662 6662 6662
19436 6662 6662 6662 6662 6662 6662 6662 6662 6662 6662 6662 6662 6662 6662 6662 6662 6662 6662 6662 6662 6662 6662 6662 6662 6662 6662 6662 6662 6662 6662 6662 6662 6662 6662 6662 6662 6662 6662 6662 6662
19437 6662 6662 6662 6662 6662 6662 6662 6662 6662 6662 6662 6662 6662 6662 6662 6662 6662 6662 6662 6662 6662 6662 6662
19438 6662 6662 6662 6662 6662 6662 6662 6662 6662 6662 6662 6662 6662 6662 6662 6662 6662 6662 6662 6662 6662 6662 6662 6662 6662 6662 6662 6662 6662 6662 6662 6662
19439 9863 854 4482 1203 1511 6662 6662 850 6662 6662 1404
19440 6662 6662 6662 6662 6662 6662 6662 6662 6662 6662 6662 6662 6662 6662 6662 6662 6662 6662 6662 6662 6662 6662 6662 6662 6662 6662 6662 6662 6662 6662 6662 6662 6662 6662 6662 6662 6662
19441 6662 6662 6662 6662 6662 6662 6662 6662 6662 6662 6662 6662 6662 6662 6662 6662 6662 6662 6662 6662 6662 6662 6662 6662 6662 6662 6662 6662 6662 6662 10814
19442 6662 6662 6662 6662 6662 6662 6662 6662 6662 6662 6662 6662 6662 6662 6662 6662 6662 6662 6662 6662 6662 6662 6662 6662
19443 11178 1159 1629 8118
19444 6662 6662 6662 6662 6662 6662 6662 6662 6662 6662 6662 6662 6662 6662 6662 6662 6662 6662 6662 6662 6662 6662 6662 6662 6662 6662 6662 6662 6662 6662 6662 6662 6662 6662 6662 6662 6662 6662 6662 6662 6662 6662 6662 6662 6662 6662 6662 6662 6662 6662
19445 514 10077 4475 9828 1654
19446 6662 928 6662 994 6662 6662 6662 6662 6662 6662 6662 6662 6662 6662 6662 6662 6662 6662 6662 6662 6662 6662 6662 6662 6662
19447 6662 6662 6662 6662 6662 6662 6662 6662 6662 6662 6662 6662 6662 6662 6662 6662 6662 6662 6662 6662 6662 6662 6662 6662 6662 6662 6662 6662 6662 6662 6662 6662 6662 6662 6662 6662 6662 6662 6662 6662 6662 6662 6662 6662 6662 6662 6662 6662 6662 6662
19448 6662 6662 6662 6662 6662 6662 6662 6662 6662 6662 6662 6662 6662 6662 6662 6662
19449 3326 8103 6662 6662 6662 6662 6662 6662 6662 6662 6662 6662 6662 6662 6662 6662 6662 6662 6662 6662 6662 6662 6662 6662 6662 6662 6662 6662 6662 6662 6662 6662 6662 6662 6662 6662 6662 6662 6662 6662 6662 6662 6662 6662 6662 6662 6662 6662 6662 6662
19450 8050 1159 11534 7935 958
19451 8204 8768 6662 6662 6662 601
19452 142 330 2321 6662 6662 6662 6662 6662 6662 6662 6662 6662 6662 6662 6662 6662 6662 6662 6662 6662 6662 6662 6662 6662 6662 6662 6662 6662 6662 6662 6662 6662 6662 6662 6662 6662 6662 6662 6662 6662 6662 6662 6662 6662 6662 6662 6662 6662 6662 6662
19453 6662 65 1909
19454 6662 1235 6662 6662 6662 6662 6662 6662 6662 6662 6662 6662 6662 6662 6662 6662 6662 6662 6662 6662 6662 6662 6662 6662 6662 6662 6662 6662 6662 6662 6662 6662 6662 6662 6662 6662 6662 6662 6662 6662 6662 6662 6662 6662 6662 6662 6662 6662 6662 6662
19455 498 11211 5839 2678
19456 6662 6662 6662 6662 6662 6662 6662 6662 6662 6662 6662 6662 6662 6662 6662 6662 6662 6662 6662 6662 6662 6662 6662 6662 6662 6662 6662 6662 6662
19457 6662 6662 6662 6662 6662 6662 6662
19458 6662 6662 6662 6662 6662 6662 6662 6662 6662 6662 6662 1620
19459 2155 2919 9556 1366 4641
19460 6662 6662 6662 6662 6662 6662 6662 6662 6662 6662 6662 6662 6662 6662 6662 6662 6662 6662 6662 6662 6662 6662 6662 6662 6662 6662
19461 4999 8236 6186 6662 6662 6662 6662 6662 6662 6662 6662 6662 6662
19462 6662 6662 6662 6662 6662 6662 6662 6662 6662 6662 6662 6662 6662 6662 6662
19463 6662 6696 6662 6662 6662
19464 6662 6662 6662 6662 6662 6662 6662 6662 6662 6662 6662 6662 6662 6662 6662 6662 6662 6662 6662 6662 6662 6662 6662 6662 6662 6662 6662
19465 3193 6662 6662 6662 6662
19466 6662 1964 6662 6662 6662 6662 6662 6662 6662 6662 6662 6662 6662 6662 6662 6662 6662 6662 6662 6662 6662 6662 6662 6662 6662 6662 6662 6662
19467 6662 6662 6662 6662 6662 6662 6662 6662 6662 6662 6662 6662 6662 6662 6662 6662 6662 6662 6662 6662 6662 6662 6662 6662 6662 6662 6662 6662 6662 6662 6662 6662 6662 6662 6662 6662 6662 6662 6662 6662 6662 6662 6662 6662 6662 6662 6662 6662 6662
19468 6662 6662 6662 6662 6662 6662 6662 6662 6662 6662 6662 6662 6662
19469 6662 6662 6662 6662 6662 6662 6662 6662 6662 6662 6662 6662 6662 6662 6662 6662 6662 6662 6662 6662 6662 6662 6662 6662 6662 6662 6662 6662 6662 6662 6662 6662 6662 6662 6662 6662 6662 6662 6662 6662 6662 6662 6662 6662 6662 6662 6662 6662 6662 6662
19470 6662 6662 6662 6662 6662 6662 6662 6662 6662 6662 6662 6662 6662 6662 6662 6662 6662 6662 6662 6662 6662 6662 6662 6662 6662 6662 6662 6662 6662 6662 6662 6662 6662 6662 6662
19471 943 7817 6662 6662 6662 6662 6662 6662 6662 6662 6662 6662 6662 6662
19472 6662 6662 6662 6662 6662 6662 6662 6662 6662 6662 6662 6662 6662 6662 6662 6662 6662 6662 6662 6662 6662 6662 6662 6662
19473 9456 9968 329 7534 6662
19474 48 7562 6662 6662 6662 6662 6662 6662 6662 6662 6662 6662 6662 6662 6662 6662 6662 6662 6662 6662 6662 6662 6662 6662 6662 6662 6662 6662 6662 6662 6662 6662 6662 6662 6662 6662 6662 6662
19475 6662 6662 6662 6662 6662 6662 6662 6662 6662 6662 6662 6662 6662 6662 6662 6662 6662 6662
19476 6662 6662 6662 6662 6662 6662 6662 6662 6662 6662 6662 6662 6662 6662 6662 6662 6662 6662 6662 6662 6662 6662 6662 6662 6662 6662 6662 6662 6662 6662 6662 6662 6662 6662 6662 6662 6662 6662 6662 6662 6662 6662 6662 6662 6662 6662 6662 6662
19477 6662 6662 6662 6662 6662 6662 6662 6662 6662
19478 6662 928 6662 6662 6662 6662 6662 6662 6662 6662 6662 6662 6662 6662 6662 6662 6662 6662 6662 6662 6662 6662 6662 6662 6662 6662 6662 6662 6662 6662 6662 6662 6662 6662 6662 6662 6662 6662 6662
19479 6662 6662 6662 6662 6662 6662 6662 6662 6662 6662 6662 6662 6662 6662 6662 6662 6662 6662 6662 6662 6662 6662 6662 6662 6662 6662 6662 6662 6662 6662 6662 6662 6662 6662 6662 6662
19480 10510 4373 9231 262 1808 6662 1855
19481 6662 6662 6662 6662 6662 6662 6662 6662 6662 6662 6662 6662 6662 6662 6662 6662 6662 6662 6662 6662 6662 6662 6662
19482 6662 6662 6662 6662 6662 6662 6662 6662 6662 6662 6662 6662 6662 6662 6662 6662 6662 6662 6662 6662 6662 6662 6662 6662 6662 6662 6662 6662 6662 6662 6662 6662 6662 6662 6662 6662 6662 6662 6662 6662 6662 6662 6662 6662 6662 6662 6662 6662 6662 6662
19483 6662 6662 6662 6662 6662 6662 6662 6662 6662 6662 6662 6662
19484 6662 6662 6662 6662 6662 6662 6662 6662 6662 6662 6662 6662 6662 6662 6662 6662 6662 6662 6662 6662 6662 6662 6662 6662 6662 6662 6662 6662 6662 6662 6662 6662 6662 6662
19485 6662 6662 6662 6662 6662 6662 6662 6662 6662 6662 6662 6662 6662 6662 6662 6662 6662 6662 6662 6662 6662 6662 6662 6662 6662 6662 6662 6662 6662 6662 6662 6662 6662 6662 6662 6662 6662 6662 6662 6662 6662 6662 6662 6662 6662 6662 6662 6662 6662 6662
19486 6662 6662 6662 6662 6662 6662 6662 6662 6662 6662 6662 6662 6662 6662 6662 6662 6662 6662 6662 6662 6662 6662 6662 6662 6662 6662 6662 6662
19487 6662 6662 6662 6662 6662 6662 6662 6662 6662 6662 6662 6662 6662 6662 6662
19488 6662 6662 6662 6662 6662 6662 6662 6662 6662 6662 6662 6662
19489 6662 6662 6662 6662 6662 6662 6662 6662 6662
19490 2513 6662 6662 6662 6662 6662 6662 6662 6662 6662 6662 6662 6662 6662 6662 6662 6662 6662 6662 6662 6662 6662 6662 6662 6662 6662 6662 6662 6662 6662 6662 6662
19491 6662 6662 6662 6662 6662 6662 6662 6662 6662 6662 6662 6662 6662 6662 6662
19492 884 5953 352 1599 6662 6662
19493 1407 9696 4052 527 6634
19494 6662 6662 6662 6662 6662 6662 6662 6662
19495 6662 6662 6662 6662
19496 6662 6662 6662 6662 6662 6662 6662 6662
19497 6662 6662 6662 6662 6662 6662 6662 6662 6662 6662 6662 6662 6662 6662 6662 6662 6662 6662 6662 6662 6662 6662 6662 6662 6662 6662 6662 6662 6662 6662 6662 6662 6662 6662 6662 6662 6662 6662 6662 6662 6662 6662 6662 6662 6662 6662 6662 6662 6662 6662
19498 6662 6662 6662 6662 8240 6662
19499 6987 6662 6662 6662 6662 6662 6662 6662 6662
19500 6662 1621 6662 6662 6662 6662 6662 6662 6662 6662 6662 6662 6662 6662 6662 6662 6662 6662 6662 6662 6662 6662 6662 6662 6662 6662 6662 6662 6662 6662 6662 6662 6662 6662 6662 6662 6662 6662 6662 6662 6662 6662 6662 6662 6662 6662 6662 6662 6662 6662
19501 4990 5472 1792 1956 148
19502 1909 2053 11783 5825 11891
19503
19504 6662 3970 2047 6662 6662 6662 6662 6662
19505 6662 6662 6662 6662 6662 6662 6662 6662 6662 6662 6662 6662
19506 590 10280 5498 6662 6662 6662 6662 6662 6662
19507 6662 363 6662 6662 6662 6662 6662 6662 6662 6662 6662 6662 6662 6662 6662 7016 6662 6662
19508 6662 6662 6662 6662 6662 6662 6662 6662 6662 6662 6662 6662 6662 6662 6662 6662 6662 6662 6662 6662 6662 6662 6662 6662 6662 6662 6662
19509 6662 6662 6662 6662 6662 6662 6662 6662
19510 6662 6662 6662 6662 6662 6662 6662 6662 6662 6662 6662 6662 6662 6662 6662 6662 6662 6662 6662 6662 6662 6662 6662 6662 6662 6662 6662 6662 6662 6662 6662 6662 6662 6662 6662 6662 6662 6662 6662 6662 6662 6662 6662 6662 6662 6662 6662 6662 6662 6662
19511 6662 6662 6662 6662 6662 6662 6662 6662 6662 6662 6662 6662 6662 6662 6662 6662 6662 6662 6662 6662 6662 6662 6662 6662 6662 6662
19512 6662 6662 6662 6662 6662 6662 6662 6662 6662 6662 6662 6662 6662 6662 6662 6662 6662 6662 6662 6662 6662 6662 6662 6662 6662 6662 6662 6662 6662 6662 6662 6662 6662 6662 6662 6662 6662 6662 6662 6662 6662 6662 6662 6662 6662 6662 6662 6662 6662 6662
19513 3491 7714 1853
19514 6662 6662 6662 6662 6662 6662 6662 6662 6662 6662 6662 6662 6662 6662 6662 6662 6662 6662 6662 6662 6662 6662 6662 6662 6662 6662 6662 6662 6662
19515 4814 3120 1511 3356 4266
19516 141 2675 917 470 6662 6662 6662 6662
19517 6662 6662 6662 6662 6662 6662 6662 6662 6662 6662 6662 6662 6662 6662 6662 6662 6662 6662 6662 6662 6662 6662 6662 6662 6662 6662 6662 6662 6662 6662 6662 6662 6662 6662 6662 6662 6662 6662 6662 6662 6662 6662 6662 6662 6662 6662 6662 6662 6662
19518 6662 1118 6662 6662 6662 6662 6662 6662 6662 6662 6662 6662 6662
19519 6662 6662 6662 6662 6662 6662 6662 6662 6662 6662 6662 6662 6662 6662 6662 6662 6662 6662 6662 6662 6662 6662 6662 6662 6662 6662 6662 6662 6662 6662 6662 6662 6662 6662 6662 6662 6662 6662 6662 6662 6662 6662 6662 6662 6662 6662 6662 6662 6662 6662
19520 3847 6662 6662 6662 6662 6662 6662 6662 6662 6662 6662 6662 6662 6662 6662 6662
19521 6662 6662 6662 6662 6662 6662 6662 6662 6662 6662 6662 6662 6662 6662 6662 6662 6662 6662 6662 6662 6662 6662 6662 6662 6662 6662 6662 6662 6662 6662 6662 6662 6662 6662 6662 6662
19522 903 6662 6662 6662 6662 6662 6662 6662 6662 6662 6662
19523 6662 6662 6662 6662
19524 6662 6662 6662 6662 6662 6662 6662 6662 6662 6662 6662 6662 6662 6662 6662 6662 6662 6662 6662 6662 6662 6662 6662 6662 6662 6662 6662 6662 6662 6662 6662 6662 6662 6662 6662
19525 6662 6662 6662 6662 6662 6662 6662 6662 6662 6662 6662 6662 6662 6662
19526 6662 6662 6662 6662 6662 6662 6662 6662 6662 6662 6662 6662 6662 6662 6662 6662 6662 6662 6662 6662 6662 6662 6662 6662 6662 6662 6662 6662 6662 6662 6662 6662 6662 6662 6662 6662 6662 6662 6662 6662 6662 6662 6662
19527 6662 6662 6662 6662 6662 6662 6662 6662
19528 6662 6662 6662 6662 6662 6662 6662 6662 6662 6662 6662 6662 6662 6662 6662 6662 6662 6662 6662 6662 6662 6662 6662 6662 6662 6662 6662 6662 6662 6662 6662 6662 6662 6662 6662 6662 6662 6662 6662
19529 10485 376 3400 6662 6662 6662 6662 6662 6662 6662 6662 6662 6662 6662 6662 6662 6662 6662 6662 6662 6662 6662 6662 6662 6662 6662 6662 6662 6662 6662 6662 6662 6662 6662 6662 6662 6662 6662 6662 6662 279 6662 6662 6662 6662
19530 10258 6695 6885 5223
19531 6662 6662 6662 6662
19532 6662 6662 6662 6662 6662 6662 6662 6662 6662 6662 6662 6662 6662 6662 6662 6662
19533 6662 6662 6662 6662 6662 6662 6662 6662 6662
19534 332 196 407 6743 1278 6662 6662 6662 6662 6662 419
19535 6662 6662 6662 6662 6662 6662 6662 6662 6662 6662 6662 6662 6662 6662 6662 6662 6662 6662 6662 6662 6662 6662 6662 6662 6662 6662 6662 6662 6662 6662 6662 6662 6662 6662 6662 6662 6662 6662 6662 6662 6662 6662 6662 6662 6662 6662 6662 6662 6662 6662
19536 6662 6662 6662 6662 6662 6662 6662 6662 6662
19537 6662 6662 6662 6662 6662 6662 6662 6662 6662 6662 6662 6662 6662 6662 6662 6662 6662 6662 6662 6662 6662 6662 6662 6662 6662 6662 6662 6662 6662 6662 6662 6662
19538 6662 6662 6662 6662 6662 6662 6662 6662 6662 6662 6662 6662 6662 6662 6662 6662 6662 6662 6662 6662 6662
19539 6662 6662 6662 6662 6662 6662 6662 6662 6662 6662 6662 6662 6662 6662 6662 6662 6662 6662
19540 9185 8879 6329 6662
19541 11859 6031 5975 10119
19542 1834 11223 5884 1053 6608 6662 6662 6662 5042 6662 6662 6662 6662 6662 6662 6662 6662 6662 6662 6662 6662 6662 6662 6662 6662 6662 6662 6662 6662 4700 6662 6662 6662 6662 6662 6662 6662 6662 6662 6662 6662 6662 6662 6662 6662 6662 6662 6662 6662 6662
19543 6662 6662 6662 6662 6662 6662 6662 6662 6662 6662 6662 6662 6662 6662 6662 6662 6662 6662 6662 6662 6662 6662 6662 6662 6662 6662 6662 6662 6662 6662 6662 6662 6662 6662 6662 6662 6662 6662 6662 6662 6662 6662 6662 6662 6662 6662 6662 6662 6662 6662
19544 6662 6662 6662 6662 6662 6662 6662 6662 6662 6662 6662 6662 6662 6662 6662 6662 6662 6662 6662 6662 6662 6662 2454 6662 6662 6662 6662 6662 6662 6662 6662 6662 6662 6662 6662 6662 6662 6662 6662 6662 6662 6662 6662 6662 6662 6662 6662 6662 6662 6662
19545 6662 6662 6662 6662 6662 6662 6662 6662 6662 6662 6662 6662 6662 6662 6662 6662 6662 6662 6662 6662 6662 6662 6662 6662 6662 6662 6662 6662 6662 6662
19546 689 198 6662 6662 6662 6662 6662 6662 6662 6662 6662 6662 6662 6662 6662 6662 6662 6662 6662 6662 6662 6662 6662
19547 6662 822 6662 6662 6662 6662 6662 6662 6662 6662 6662 6662 6662 6662 6662 6662 6662 6662 6662 6662 6662 6662 6662 6662 6662 6662 6662 6662 6662 6662 6662 6662 6662 6662 6662 6662 6662 6662 6662 6662 6662 6662 8225 6662 6662 6662 6662 6662 6662 6662
19548 6662 6662 6662 6662 6662 6662 6662 6662 6662 6662 6662 6662 6662 6662 6662 6662 6662 6662 6662 6662 6662 6662 6662
19549 6662 6662 6662 6662 6662 6662 6662 6662 6662 6662 6662
19550 6662 6662 6662 6662 6662 6662 6662 6662 6662 6662 6662 6662 6662 6662 6662 6662 6662 6662 6662 6662 6662 6662 6662 6662 6662 6662 6662 6662 6662 6662 6662 6662 6662 6662 6662 6662 6662 6662 6662 6662 6662 6662 6662 6662 6662 6662 6662 6662 6662 6662
19551 6662 6662 6662 6662 6662 6662 6662 6662 6662 6662 6662 6662 6662 6662 6662 6662 6662 6662 6662 6662 3150
19552 6662 6662 6662 6662 6662 6662 6662 6662 6662 6662 6662 6662 6662 6662 6662 6662 6662 6662 6662 6662 6662 6662 6662 6662 6662 6662 6662 6662 6662 6662 6662 6662 6662 6662 6662 6662 6662 6662 6662 6662 6662 6662 6662
19553 1182 3761 6662 6662 6662 6662 6662 6662 6662 6662 6662 6662 6662 6662 6662 6662 6662 6662 6662 6662 6662 6662 6662 6662 6662 6662 6662 6662 6662 6662 6662 6662 6662 6662 6662 6662
19554 6662 6662 6662 6662 6662 6662 8260
19555 6662 6662 6662 6662 6662 6662 6662 6662 6662 6662 6662 6662 6662 6662 6662 6662 6662 6662 6662 6662 6662 6662 6662 6662 6662 6662 6662 6662 6662 6662 6662 6662 6662 6662 6662 6662 6662 6662 6662 6662 6662 6662 6662 6662 6662 6662 6662 6662 6662 6662
19556 6662 6662 6662 6662 6662 6662 6662 6662 6662 6662 6662 6662 6662 6662 6662 6662 6662 6662 6662 6662 6662
19557 6662 6662 6662 6662 6662 6662 6662 6662 6662 6662 6662 6662 6662 6662 6662 6662 6662 6662 6662 6662 6662 6662 6662 6662 6662 6662 6662 6662 6662 6662 6662 6662 6662 6662 6662 6662 6662 6662 6662 6662 6662 6662 6662 6662 6662 6662 6662 6662 6662 6662
19558 6662 6662 6662 6662 6662 6662 6662 6662 6662 6662 6662 6662 6662 6662 6662 6662 6662 6662 6662 6662 6662 6662 6662 6662 6662 6662 6662 6662 6662 6662 6662 6662 6662 6662 6662 6662 6662 6662 6662 6662 6662 6662 6662 6662 6662 6662 6662 6662
19559 6662 6662 6662 6662 6662 6662 6662 6662 6662 6662 6662 6662 6662 6662 6662 6662
19560 6662 6662 6662 6662 6662 6662 6662 6662 6662 6662 6662 6662 6662
19561 6662 6662 6662 6662 6662 6662 6662 6662 6662 6662 6662 6662 6662 6662 6662 6662 6662 6662 6662 6662 6662 6662 6662 6662 6662 6662 6662 6662 6662 6662
19562 6662 6662 6662 6662 6662 6662 6662 6662 6662 6662 6662 6662 6662 6662 6662 6662 6662 6662 6662 6662 6662 6662 6662 6662 6662 6662 6662 6662 6662 6662 6662 6662 6662 6662 6662 6662 6662 6662 6662 6662 6662 6662 6662
19563 6662 6662 6662 6662 6662 6662 6662 6662 6662 6662 6662 6662 6662 6662 6662 6662 6662 6662 6662 6662 6662 6662 6662 6662 6662 6662 6662 6662 6662 6662 6662 6662 6662 6662 6662 6662 6662 6662 6662 6662 6662 6662 6662 6662 6662 6662 6662 6662 6662 6662
19564 6662 6662 6662 6662 6662 6662 6662 6662 6662 6662
19565 6662 6662 6662 6662 6662 6662
19566 6662 6662 6662 6662 6662 6662 6662 6662 6662 6662 6662 6662 6662 6662 6662 6662 6662 6662 6662 6662
19567 6662 6662 6662 6662 6662 6662 6662 6662 6662 6662 6662 6662 6662 6662 6662 6662 6662 6662 6662 6662 6662 6662 6662
19568 6662 6662 6662 6662 6662 6662 6662 6662
19569 6662 6662 6662 6662 6662 6662 6662 6662
19570 6662 6662 6662 6662 6662 6662 6662 6662 6662 6662 6662 6662 6662 6662 6662
19571 6662 6662 6662 6662 6662 6662 6662 6662 6662 6662 6662 6662 6662 6662 6662 6662 6662 6662 6662 6662 6662 6662 6662 6662 6662
19572 6662 6662 6662 6662 6662 6662 6662 6662 6662 6662 6662 6662 6662 6662 6662 6662 6662 6662 6662 6662 6662 6662 6662 6662 6662 6662 6662 6662 6662 6662 6662 6662 6662 6662 6662 6662 6662 6662 6662 6662 6662 6662 6662 6662 6662 6662 6662 6662 6662 6662
19573 6662 6662 6662 6662 6662 6662 6662 6662 6662 6662 6662 6662 6662 6662 6662 6662 6662 6662 6662 6662 6662 6662 6662 6662 6662 6662 6662 6662
19574 10911 9846 9115 6662 6662 6662 6662 6662 6662 6662 6662 6662 6662 6662 6662 6662 6662 6662 6662 6662 6662
19575 6662 6662 6662 6662 6662 6662 6662 6662 6662 6662 6662 6662 6662 6662 6662 6662 6662 6662 6662 6662 6662 6662 6662 6662 6662 6662 6662 6662 6662 6662 6662 6662 6662 6662 6662 6662 6662 6662 6662 6662 6662 6662 6662 6662 6662 6662 6662 6662 6662 6662
19576 6662 4088 2231
19577 6662 6662 6662 6662 6662 6662 6662 6662 6662 6662 6662 6662 6662 6662 6662 6662 6662 6662 6662 6662
19578 6662 6662 6662 6662 6662 6662 6662 6662 6662 6662 6662 6662 6662 6662 6662 6662 6662 6662
19579 6662 209 6662 6662 6662 6662 6662 6662 6662 6662 6662
19580 6662 6662 6662 6662 6662 6662 6662
19581 6662 6662 6662 6662 6662 6662 6662 6662 6662 6662 6662 6662 6662 6662 6662 6662 6662 6662 6662 6662 6662 6662 6662 6662 6662 6662 6662 6662 6662 6662 6662 6662
19582 6662 6662 6662 6662 6662 6662 6662 6662 6662 6662 6662 6662 6662 6662 6662 6662 6662 6662 6662 6662 6662 6662 6662 6662 6662 6662 6662 6662 6662 6662 6662 6662 6662 6662 6662 6662 6662 6662 6662 6662 6662 6662 6662 6662 6662 6662 6662 6662 6662 6662
19583 6662 6662 6662 6662 6662 6662 6662 6662 6662 6662 6662 6662 6662 6662 6662 6662 6662 6662 6662 6662 6662 6662 6662 822 6662 6662 6662 6662
19584 1117 1304 6662 6662 6662
19585 11491 1548 1596 6026 1138 10300 1235 6662 6662 6662 2200 6662 6662 6662
19586
19587 6662 1235 6662 6662 6662 6662 6662
19588 395 333 552 6662 6662 6662 6662 6662 6662 6662 6662 6662 6662 6662 6662 6662 6662 6662 6662 6662 6662 6662 6662 6662 6662 6662 6662 6662 6662 6662 6662 6662 6662 6662 6662 6662 6662 6662 6662 6662 6662 6662 6662 6662 6662 6662 6662 6662 6662 6662
19589 6662 6662 6662 6662 6662 6662 6662 6662 6662 6662 6662
19590 6662 1503 6662 6662 6662 6662 6662 6662 6662 3905
19591 6662 6662 6662 6662 6662 6662 6662 6662 6662 6662 6662 6662 6662 6662 6662 6662 6662 6662 6662 6662 6662 6662 6662 6662 6662 6662 6662 6662 6662 6662 6662 6662 6662 6662 6662 6662 6662 6662 6662 6662 6662 6662 6662 6662 6662 6662
19592 6662 6662 6662 6662 6662 6662 6662 6662 6662 6662 6662 6662 6662 6662 6662 6662 6662 6662 6662 6662 6662 6662 6662 6662 6662 6662 6662 6662 6662 6662 6662 6662 6662 6662 6662 6662 6662 6662 6662 6662 6662 6662 6662 6662 6662 6662 6662 6662 6662 6662
19593 6662 6662 6662 6662 6662 6662 6662 6662 6662 6662 6662 6662 6662 6662 6662 6662 6662
19594 6662 6662 6662 6662 6662 6662 6662 6662 6662 6662 6662 6662 6662 6662 6662 6662 6662 6662 6662 6662 6662 6662 6662 6662 6662 6662 6662 6662 6662
19595 6662 3450 6662 6662 6662 6662 6662 6662 6662 6662 6662 6662 6662 6662 6662 6662 6662 6662 6662 6662 6662 6662 6662 6662 6662 6662 6662 6662 6662 6662 6662 6662 6662 6662 6662 6662 6662 6662 6662 6662 6662 6662 6662 6662 6662 6662 6662 6662 6662 6662
19596 6662 6662 6662 6662 6662 6662 6662 6662 6662 6662 6662 6662 6662 6662 6662 6662 6662 6662 6662 6662 6662 6662 6662 6662 6662 6662
19597 2623 4934 1472 1465
19598 4005 5038 4398 6662 6662 6662 6662 6662 6662 6662 6662
19599 6662 5875 6662 6662 6662 6662 6662 6662 6662 6662 6662 6662 6662 6662 6662 6662 6662 6662 6662 6662 6662 6662 6662 6662 6662 6662 6662 6662 6662 6662 6662 6662 6662 6662 6662 6662 6662 6662 6662 6662 6662 6662 6662 6662
19600 6662 6662 6662 6662 6662 6662 6662 6662 6662 6662 6662 6662 6662 6662 6662 6662 6662 6662 6662 6662 6662 6662 6662 6662 6662
19601 2171 4749 1125 256
19602 6662 6662 6662 6662 6662 6662 6662 6662 6662 6662 6662 6662 6662 6662 6662 6662 6662 6662 6662 6662 6662 6662 6662 6662 6662 6662 6662 6662 6662 6662 6662 6662 6662 6662 6662 6662 6662 6662 6662
19603 10868 9304 5582 5583 4484
19604 6662 6662 6662 6662 6662 6662 6662 6662 6662 6662 6662 6662 6662 6662 6662 6662 6662 6662 6662 6662 6662 6662 6662 6662 6662 6662 6662 6662 6662 6662 6662 6662 6662 6662 6662 1351 6662 6662 337
19605 7529 1606 5810 9762
19606 7981 6735 6662 6662 6662 6662 6662 6662 6662
