19413 637 9103 8242 3593 3118 4160 11068 9903 2183 3248 9908
19414 528 5042 11615 5864 11661 10029
19415 685 3857 1590 485 5675
19416 7726 2528 586 497 9871
19417 4145 482 877 65 80 308 7160 7667 7581 8418
19418 10627 1631 3120 6650 5833 5214
19419 883 1738 968 414 1661 2533 5887
19420 7351 7476 7765 6954 6871
19421 11859 11853 461 2164 4114 2843 7500
19422 9930 2937 7636 6434 860 8778 7636
19423 8472 10230 2956 5546 6567 4118
19424 5001 2784 11834 2231
19425 7105 2417 7422 673 5267 8418 6849
19426 685 741 3591 6891 9825 5864
19427 11753 4644 2905 930 5869 1709 4589 1072 1209 1715
19428 9591 234 961 854 961 5746 5195 1458 4925 777 1225
19429 8314 1520 851 1215 1076 5883 1371 11738 11707 11619
19430 4318 896 984 4176
19431 1268 731 912 1306 2367 11518 2200 1368 851 1103 818 1259 425 986 1557 5824 11038
19432 3129 11180 5485 4424 5052 4135
19433 10294 11236 11237 11250 11249 7788
19434 10166 11839 11893 11878 5607
19435 5509 11828 2612 7232 5535 4139 4325 10783 3037 15 2453
19436 485 7651 1306 1306 1069 1064 1621 1066
19437 4823 5759 11895 3981 7346 8822
19438 10490 8677 260 2725 2826 6027
19439 3851 5594 5042 1146
19440 4014 108 2414 421
19441 10541 7106 980 5449 9466 5628 2936
19442 59 7164 545 1358 8109
19443 1334 1061 805 8426 1275
19444 3192 6329 5245 10183 7534
19445 5066 3356 6048 6317 11299 10142
19446 3188 601 7195 4483 6849
19447 9516 10449 7540 5535 6722 5010 1629 8704 1589
19448 3876 2736 2140 5300
19449 5531 4210 4270 5842 6246
19450 1030 11730 3150 918 7087 936 4589 1037 133 5863 1215 1372 2059 3827 1314 838 5830
19451 5022 10857 42 43 6482 2215 10188
19452 4369 3965 10960 4298 3872 2268 4292 4504 262 9943 2373 3359 2048 5823 11273
19453 1276 2395 2229 1546 6788
19454 6112 9898 1341 841 166
19455 3076 3519 8179 8723 7716 146 147
19456 7360 3951 5262 4832 1834 2444
19457 3999 6572 5977 19 11629
19458 9695 11676 228 840 11576 10826 11687 6028
19459 5618 4570 1308 11822 9914
19460 1155 10425 8824 2158 1615
19461 48 7604 6491 4283 9211
19462 4832 11257 5037 10034 416 1683 1630 8662 1564
19463 3955 7802 10613 4193 9436 6900 2706
19464 40 3999 3358 1988 10063
19465 9789 3149 7264 2569
19466 1814 5353 11607 6835 3899 2215 4327
19467 868 6314 4665 11265 260 10012
19468 3192 3209 10625 10878 3643 3207 3207 799
19469 3160 3910 3911 9401 5660 1214 1459 811
19470 193 1695 1328 856 1142 809
19471 463 888 5820 10430 10425 5218 6849 9493 6116
19472 8581 9887 8802 11527 7905
19473 6981 1281 10744 236
19474 4975 1447 4466 1099 7382
19475 11693 1723 1124 2531 1392 853 5862 3858 1681 1163
19476 10537 2369 690 3833 524
19477 10166 1676 11444 465 6924 4600
19478 6506 5571 5040 6048 40 9912 7238 5845 11522 7730
19479 328 917 5009 6829 11523 5233
19480 10491 5157 2982 906 7400 1225
19481 5879 408 4644 5924 4873
19482 4164 3915 9638 421 8265 266
19483 5055 672 2658 5217 1546 6946
19484 4223 9358 10670 1818 11566 6072
19485 3547 829 9813 6349 11368
19486 1028 1341 322 439 1126 5301 1279 7949
19487 318 8326 6367 11097 11180
19488 6601 931 10925 829 1003 1395 5883 1432 4018 10033 2730 4132 1086
19489 3461 604 1550 759 7568 11474 4783 2572
19490 7698 5948 317 5010 6078
19491
19492 613 10102 2410 4484 8456 1371
19493 8843 8204 2405 1131 333 1306 1000 1569 3694
19494 3385 5412 2345 9244 5915
19495 5835 4325 8732 759 8189 8871
19496 4437 3196 10007 4328 359 4948 4561
19497 6123 8630 48 9113 7736 6839 37
19498 10928 6772 7448 2821 6771 3359 431 11712 3366 1466
19499 4763 9379 3143 10952 10953 11523
19500 3043 647 4992 8502 1257
19501 2419 256 8732 707 6432 4032
19502 467 1513 5252 4670 7785 11486 7734 9053 8237 7236
19503 1406 8783 7242 4166 9670 642 7346 6651
19504 2989 2962 1808 1853 1808 11580 6698 2569
19505 4948 2884 887 7581 1602 93
19506 7644 1890 1971 3868 3173 11887
19507 448 6462 3738 10000 9252 9001 4117 1699
19508 365 6277 329 4191
19509 1725 1050 8112 4398 7408 2542 1159
19510 2292 4801 8372 1588 4175 9505
19511 2480 2159 7758 9164 3689 11667
19512 1252 4656 4704 1053 8941 4579 1652 4902 2671 3921
19513 93 7576 3300 1957 1203
19514 1418 10900 433 4087 5105 2428 7476 793 4327 2982 2934
19515 4966 8576 966 7809
19516 6408 5029 295 4221 9591
19517 6066 11344 5157 5647 9694
19518 1124 1602 7934 1997 7456 11797 5897 132
19519 826 620 1599 810 7157 11902 6346 963 1630
19520 1405 6853 3867 1372 7480 323
19521 6704 1100 4108 1526 1119 265
19522 1593 309 8669 6859 2349 11785 4224 11206 8237 10021
19523 3336 14 809 2814 2059
19524 40 6850 4506 6877 6723 3068 818
19525 5056 176 3858 265 502
19526 5147 3915 10012 2692 954 9100
19527 8835 8806 6807 8046 1109
19528 3858 1182 4216 3918 1182 8821
19529 5789 3400 1807 2137 226
19530 10919 11474 11063 4151 1459 1668 6077 3231 4263 4972 8514
19531 3491 765 5010 8572 2031 4220
19532 3336 9871 337 1573 1002 3248 850 1212 1681 4684 1145 1416 10140
19533 1809 2790 11456 6013 1905 2177 627
19534 599 464 6828 6011 1121 10951
19535 9036 34 7401 690 10575 11262 7476 3834 9288 961
19536 10956 10994 10701 6633 8302 7124 2427 3156
19537 1421 333 489 467 28 2487
19538 2401 10918 11182 9149 9928 10997
19539 822 3999 185 6016 5309
19540 7895 6590 5042 763 4252 3256
19541 343 792 11732 5981 51
19542 877 1633 7920 2839 257 369
19543 2451 7208 10255 7188 11799 49
19544 3588 2239 3942 9044 5524 117 1283 3300 1625 756
19545 2309 4461 1830 6037 3017 5014 1834
19546 4247 321 8251 7577 4569 2756 2437
19547 48 81 4210 1599 4938 5382 3175 9016
19548 1377 6745 8932 9137 8597 501 7070 989 1316 1466 986 991
19549 7658 6415 204 6118 1004
19550 1375 6558 10012 9762 7590 11009
19551 1204 2711 9038 9813 11258 4269 10984 1044 10390
19552 3960 3319 2658 9910 8282
19553 453 600 1433 404 2887 6062 9446 6897 11910
19554 6971 4481 4816 440 2972 5198 9446
19555 6786 4501 597 6893 6836 8120
19556 3966 3039 1120 1654 4581 6116 165 1370 224
19557 4595 2898 6045 7375 10277 2818
19558 8535 3089 7030 5991 418 531 161 2487
19559 11374 5536 9876 10826 4292 717 8456
19560 1157 1304 2905 3289 1367
19561 11276 687 3143 3646 8920 6121
19562 5587 4166 3159 6729 537
19563 2048 4018 7953 2383 7367 7608
19564 4864 10036 10880 7641 3474 570 3692
19565 115 3009 185 2726 6072 6752
19566 6473 774 6454 4626 8845 1262
19567 647 10013 2054 7632 4501 3268 3981 7838
19568 3450 3473 2833 2833 34
19569 8063 7249 2457 6137 3192 3242
19570 420 2015 6413 10035 5674 4757 413
19571 8099 4685 9915 3251 5583 6233 2548
19572 3995 587 5961 6226 2267
19573 1028 7243 1511 495 6299
19574 503 2988 3700 9846 3981
19575 6030 1589 9770 11596 9477 9919 11430 7741
19576 112 363 337 8201 10421
19577 7706 530 3032 10796 969 10564
19578 4258 594 261 7817 971
19579 6359 191 8950 5603 6138
19580 530 7743 11799 6725 6787 8112 11442
19581 2425 628 4967 11501 10035 1084 1636
19582 6868 7270 11125 80 530 3026 2834
19583 1602 6877 6953 11849 467 2332 11083 51 552
19584 1590 8849 7837 6349 11766 9439
19585 10892 3122 3537 4007 5322 8514 5937 8273
19586 1995 918 11078 1989 1865 1830
19587 10389 7887 1413 1895 10238 1055
19588 447 4012 5442 1180 7075
19589 1393 1594 1495 1384 1064 1003 2202 1403 2161 1288 2729 9210 4911
19590 1421 940 480 1377 5654 6563 6944
19591 146 5001 1944 1823 7200
19592 381 9141 11793 1604 1063
19593 5028 828 1320 1596 613 1497 6737 856 1653
19594 7016 7996 8113 9439 1999 78 3712 6787 9584 5881 3263
19595 27 11756 7838 574 3092 3679 4254
19596 1191 1210 3825 1021 2059 4628 1059 1400
19597 3792 6080 5936 9435 7893 4226 11274
19598 1192 2025 11186 7322 11465 6143
19599 1405 4553 1062 1553 940 201 128 1573 1278 1501 720 1652 1469 809
19600 940 3913 3858 4502 1182 969 265
19601 10121 11012 8969 3703 3979 9627 6768 8572 828
19602 2423 1238 128 6078 6697 8919
19603 436 4121 3490 8339 8525 2934
19604 7898 8197 7123 4646 1743 7018
19605 1815 6565 6846 5535
19606 869 8173 8634 5291 10167 5128 2941 1081 1066 3052
