19413 6662 2339 2267 6662 6662 1192 8981
19414 6662 691 8618 8815 8048 7905 8828 8811
19415 5609 9257 11448
19416 10311 2995 11765 9992 6662 9940
19417 1030 11700 2110 6567 1708 6153
19418 10547 11699 6655 2029 6662 6662 8933 5643
19419 6662 1431 329 51
19420 9427 11784 6662 6662 6662 1118
19421 1404 6095 6662 6662 2459 3861
19422 630 3092 9960 45 6662 279
19423 6662 911 2742 10062
19424 4282 7476 9603 9008
19425 6662 11258 151 7931
19426 2239 6143 1354 1712
19427 6662 7490 7379 5756 6483
19428 193 1469 998 1036 6827 4642 412 848 2860 1368 857 1075 1233 2548 250 415 8820 1402 1512
19429 8514 10017 2457
19430 6662 637 7553 6662 553 8815 5519
19431 9448 6662 600 601 684
19432 6095 8404 8734 6662 6662 9754
19433 6662 2057 1319 6662 6662 6662 1452 5998 5479
19434 6662 1124 419 8803 6662 1451 6662 6662 1421 6662 6662 6662
19435 1230 3911 5849 6662 1354
19436
19437 206 10087 5457 6662 6662
19438 6662 8871 11572 10743 2110
19439 5535 5818 8118 4628 6456
19440 582 1731 2454 1039 962
19441 4387 6039 6934 2427 6662 6662 1724 2459
19442 6662 1124 196 5668 10997 6545
19443 4202 1154 4326 4881 10771 3092
19444 4193 9539 1629 6107 5459
19445 7636 7690 969 837 1511
19446 3150 1629 8117 9368
19447 6662 545 6662 793
19448 3510 897 281 7564 4363 9048
19449 6662 3160 2303 10477
19450
19451 2047 6662 10426 283 6662 3272
19452 848 3911 9000 7702 1320 1230 6662 1678 953 4642 2059 1044 1163
19453 6662 10004 8249 7176 6662 1427 6662 6662
19454 477 9373 3153 3175
19455 1252 1354 6848 9294
19456 1198 9678 10589 9455
19457 6662 1124 3974 2028 6662 3137 2202
19458 361 9304 374 372 2156 8937
19459 3915 3919 1308 3040 1494
19460 6662 6958 7632 5534
19461 6040 4040 9375 1272 6662
19462 6662 2459 1101 1319 939 1484 6653
19463 6541 361 10270 5940
19464 1 2221 1814 6662 1418
19465 10217 11258 10398 616
19466 506 6566 5875 3009 8120
19467 1182 4890 128
19468 1709 9917 446 3434 7302
19469 10179 46 7126 5195 9062
19470 8021 6915 1200 657
19471 1268 2645 1892 969
19472 8947 1325 9047 1602 1511
19473 9854 51 148 2111
19474 6662 1503 2872 1214 1286
19475 65 7906 4419 93
19476 6662 2789 4812 11587
19477 674 3450 793 2400
19478 2086 5866 3030 4132
19479 7430 995 684 1612 966 223 6662 5875 11698 4350 167 984 819 1178 1316 1292
19480 6662 1124 1354 969
19481 6662 408 201 1207 3173
19482 4237 1447 959 6662 6662
19483 6662 2211 3157 6043
19484 111 7160 5895 1492
19485 10383 1506 7758 3930 3826 11170 792
19486 6662 1029 338 1066 1284 1369 1413 2549 11000
19487 11549 2649 34 4023 10390
19488 1808 1595 2366 1070 1137 1552
19489 688 1496 333 1272 6662 6662 5882
19490 4948 2299 3197 6896 6662 7768 5810 6662
19491 147 1955 6454 6662 6662 6662 4191 2825 5435
19492 877 662 514 1895 1182
19493 6662 8240 918 6662 6662 6662 1271 1724 1067
19494 363 3913 1366 684 5010 6662
19495 467 2792 9590 7320 4519 6329 9244
19496 6662 3920 6662 932
19497 2028 3625 3384 3005 3370
19498 6662 1594 7764 1392 6662 6740 6662 1126 1413
19499 8549 9498 11391 1910 2176
19500 6662 919 6620 3979 1770
19501 6662 2531 16 10816 3107 5571
19502 6662 6351 3011 6015 6662 6043
19503 3040 2462 8456 7902 6828 5831
19504 1516 1424 1030 6662 1033 221 1328
19505 867 1762 3898 7989 5198 7192
19506 4653 3016 7616 5198
19507 626 3169 10282 513 11782 2588
19508 5535 1469 853 848 854 10836
19509 6662 6637 2495
19510 6662 4074 2792 967
19511 3043 4248 1447 2706 6662 4088 656
19512 6662 1607 843 4191 5895
19513 6662 4814 9998 4254 8086
19514 2268 10460 8664 260 6014
19515 6662 4843 185 3891 9838
19516 6662 11587 3050 1894
19517 7019 940 6662 3905 497
19518
19519 1295 964 1573 11141 2871
19520 3209 1532 3296 6662
19521 5557 3857 6662 6662 11491
19522 1268 2933 724 8766 946 1021 3296 1655 1744
19523 6662 2834 1646 6662 6662 279
19524 4890 444 6662 1518 6662 6662 3905
19525 1821 3316 1727 9495 349
19526 6902 5279 4121 6744 10550 2503
19527 1155 3964 240 746 6662 4263
19528
19529 1124 5026 1029 7611
19530 6662 637 5584 7553
19531 6662 6274 11432 1372
19532 9891 4689 8112 5010
19533 2159 597 5586 9587 5280 3095
19534 2309 5234 1333 3295
19535 6662 920 1570 2192 3963 5839
19536 6662 3968 6826 3948 129
19537 9373 11432 634
19538 6662 6733 7093 6662 6662
19539 6662 363 4269 3122
19540 3998 6772 11524 3981 5864
19541 8367 1647 4434 152
19542 326 6662 1131 6662 1277 2367 1715 937 6696 1073 1487 1103 10401 6319 1487 1372 1109 1488 3868 1416 1564 11630 814 1414 762 11754
19543 11341 1095 2797 2778 8815 3588 2136 7943
19544 6846 2572 323 4325
19545 1852
19546 6662 2653 1354 7687 6662
19547 6662 3360 1736 2905 1136 2933 3405 8117 1629 7935
19548
19549 6662 8485 1977 1355
19550 10244 911 9474 1443
19551 6662 1124 6986 8740
19552 7589 3968 4473 7514 8502
19553 5803 6610 7029 6662
19554 8279 7070 51 1233 1855 1187 984
19555 5143 799 8118 4732 6662
19556 9005 5040 5042 7357 10803 5689 4646
19557 178 828 1062 2730 2729
19558 1450 3903 938 6662 1451 6662 6662 6662 6662 6662 9222 1514
19559 6662 7062 606 8598
19560 4170 7776 3058 4555
19561 2063 7033 5035 7770
19562 6662 1736 1296 1574
19563 6662 1310 414 9211
19564 6662 185 1408 724 6662 1033
19565 7328 4210 9535 1716 5680
19566 8878 3024 6662 1129 1062
19567 8916 6590 51 146 147 148
19568 6060 10016 10321 6897
19569 5007 1599 5609 7699 5457 6662 7264
19570 3692 11699 6033 969 11638
19571 2502 11288 11647 1781 6662 865 4864
19572 5287 2877 4431 2775
19573 6662 1131 6704 363 1014 1425 2544 1319 6662 1002 1736 5742 1729
19574 6648
19575 40 7001 9716 2024 9846 10652
19576 1498 941 809 1160 250 250 818 1965
19577 7670 10536 9842 1511
19578 1912 6201 1817 1891 1840 6662 6662 1097
19579 6662 1516 1194 6662 7323 3163
19580 7532 6033 6032 152 5772
19581
19582 1600 6662 4697 6665
19583 6662 822 1521 2858 806 1555 3330 1292
19584 1272 10120 11261 1310 3 1220
19585 5453 1472 198 10049 5220
19586 1451 4882 6559 6662 6726 224 6662 1381 942 413 1075 1370 1215 793 415 231
19587 2509 627 448 10427
19588 5570 5482 9259 6721 2408 3192
19589 2021 6662 4934 7534
19590 6662 1354 2058 1276 6662 6662
19591 187 2379 1971 10423 2163
19592 6662 6489 1018 2595 562
19593 6662 3330 3356 6945
19594 9332 2417 6182 5571 9937
19595 6662 850 2906 1329
19596 2036 4245 4930 1170 1385
19597 6662 51 2504 11527
19598 6677 10470 731 459
19599 6662 3686 3011 11750
19600 1839 1070 11527 8118
19601 6662 1252 1424 1050 7702
19602 6731 199 3599 942 1554 647 2580 613 6772 851 5266 11130 4301 1259 425
19603 3440 4504 1062 6662
19604 6662 1061 1677 6662 4661
19605 6662 1730 6397 5312
19606 6662 8333 1792 2140
