19413 9559 7562 51 3063
19414 6662 10426 410 2733
19415 6993 6048 3420 2656 2811
19416 4791 1142 959 1373 1683 6827 11920 1159 11864 9731 1316
19417 6662 1442 1496 1644
19418 3192 1237 1232 994 1351 995
19419 2849 11255 1082 1808 6662 252 151
19420 88 918 1295 6751 1708 2727 1055 6662 826 5816 4665 2393 1738 6662 5628
19421 6662 7802 6235 4573 6662 2567
19422 5988 2937 5040 261
19423 7812 9082 7814 9600 5533 10957 1107 11479 5603 5650
19424 2134 10165 6040 51
19425 6662 1124 4593 2362 6662 6662 6662 6662 1621
19426 4833 5914 2656 685
19427 6662 1516 6662 1621
19428 4668 8830 2175 1519 1283 5649 6756 6400 11824
19429 6662 1545 997 1018 807 805 806 1103 158 158 1163
19430 6662 2562 6662 6662 6662 6662
19431 9604 1569 1031 1568 918 1612 1615 6662 1106 2726 1151 1726 755 1744 2204
19432 6662 5990 2897
19433 2292 6662 7768 8471
19434 8276 1577 395 6662 6662 1118 6662
19435 8221 6437 8625 9724 2798 4600
19436 6662 7001 9917 6697
19437 5405 9836 464 9005 969 3816
19438 6662 1203 4040 854
19439 6134 3858 1182 46 969 7931
19440 6662 363 5042
19441 6662 7937 3279 437
19442 339 7736 374 918 4843
19443 1307 10304 5034 3283 1169
19444 1909 685 518 7230
19445 10097 5035 799 10008 6662 6662 4166
19446 2212 3399 2195
19447 6222 1354 7959 3031 4166
19448 6662 940 5534
19449 6662 6748 6662 6662
19450 5310 9924 298 2825 9816 2234
19451 6662 1124 3915 46
19452 6662 10398 8932 11681 413 1221
19453 5071 6662 1061 6662 6662 3625
19454 6721 5535 5536 6662 6662 234 854
19455 6662 8485 361 2215
19456 4948 3693 9034 4670
19457 1909 6241 3588 6226 6252 6662 6662 6662 5882
19458 8376 852 5191 6983 6662 6662 1945 6573 6662 4390 1615 6662 555
19459 8639 1310 571 10456 6662 881 6456
19460 6662 1062 1041 6662 1385
19461 693 4912 3416 1834 1804
19462 6662 1118 6662 6662 6662
19463 1194 6662 9675 1309
19464 6662 3911 128 6594 414
19465 6662 1442 6100
19466 2989 11584 39 8772 4088 10265
19467 6662 822 6662 1157 6662 6662 6662 6662 6662 6662 6662 6662 6662 1516 6662 6662
19468 9664 1727 2590 11385
19469 6662 9107 2492 10816 6574
19470 6662 407 1124 2362 6662 6662 1006
19471 6662 1426 1501 6662
19472 6662 494 6662 8090
19473 9268 7319 1804 9250
19474 6662 966 4925
19475 6662 5043 5601 4491 6662 2191
19476 5391 2403 6256 3909 6643
19477 6662 348 6662 2648
19478 6662 2833 3295 2247 5609
19479 863 7982 941 6662 6662 6662 6662
19480 6662 688 5250
19481 4654 2183 9915 9917
19482 2842 3913 1272 6662 6662 480
19483 10185 7943 6662 6662 1129 1451 6662 6662 6662 8131 1976
19484 6662 7639 1118 5534
19485 6662 2516 8806 2339
19486 6662 1516 3137 1495
19487 6662 329 7488 2234
19488 6662 2531 6662 1014 1351 1455 4269
19489 6662 51 148 149
19490 9759 3858 1182 3919 4737 2567
19491 2480 2625 994 348 6662 6662
19492 6662 919 6662 6662 6662 6662 1621 6662 6662 6662 6662 6662
19493 6662 1427 1235 1133
19494 6662 1124 363 6662 6662 6662 6990 4985 6662 6662
19495 6662 1569 6662 6662 1723 1619 6662 279 6662 6662 1424 6662 6662 6662 4814
19496 5201 1030 1677 1239 155 1036 7158 10784 1386 8501
19497 3967 1182 46 265
19498 6662 9077 10909 6662 6662 6662
19499 6662 6352 6605 6662 6662 6662
19500 6662 1405 1336 724 4429
19501 1275 1425 3825 1018 4516 5875 9596 1701 1372 250 1043
19502 10613 9031 1014 1236 1430 5879
19503 6040 10703 8982 3394
19504 142 2613 5145 8304
19505 65 7711 6606 5501
19506 6662 3011 3639 1670 8986
19507 6662 9222 4240 6662
19508 6662 1124 6662 6662 1451 6662 7820
19509 6662 903 1964 6662 6662 6662 928
19510 6662 6033 8122 1801
19511 821 1274 1427 562 6662 6662
19512 3904 5392 6662
19513 3848 6885 4233 5034 6127 361
19514 918 5786 8446 7820 3205 2562 4219
19515 6662 784 1625 2319 6662
19516 6662 1484 4154 6662
19517 6662 3451 1620
19518 9998 1235 854 6662 6662 6662
19519 4805 1066 6662 6014 6662 5703
19520 5397 185 256 3017 6662 256
19521 10679 2817 6662 7458
19522 350 8580 1614 9062 8618 6662 6662 718 3375
19523 1016 11516 7108 7224 2061
19524 6662 928 2367 9415 6662
19525 6662 9405 6662 6662
19526 773 1774 7218 6952 6956 1203
19527 6662 1516 6662 6662 6662 6662 7889
19528 677 1447 10477 4597
19529 10871 8182 272 3471 6223 613 7205
19530 4849 5412 5145 147
19531 1341 2637 91 6662 1812 6633
19532 6662 731 994 11434 209 6662
19533 6533 4121 5466 206
19534 6662 1321 6662 719
19535 1203 10774 6696 5609
19536 692 918 6134 6662
19537 1446 1031 5043 1575 6662 3968
19538 6662 1050 1278 6662 2648
19539 467 579 7422 5855 7207
19540 8060 11275 630 6662
19541 6662 4088 4035 6662
19542 6662 724 7472 6662 562 6662 6662 5919 2938 8384 7361
19543 6662 792 5586 11082
19544 6662 51 3330 1927
19545 2885 51 1781 2562 3391
19546 6662 1118 8317 6137
19547 3653 601 6662 1730
19548 3336 6662 544 6662 241 6662 6662 7645 2829
19549 9866 275 1087 4327
19550 8435 459 2182 10228 64 467
19551 2877 5561 8297 3452
19552 6662 4422 3835
19553 6662 718 1351 1610 6662 1742 5028 6662
19554 6662 1737 2933 8762 6662 6662 4922 6662 6662 209
19555 6662 1275 6662 6662 6662 6662 4295
19556 6662 1731 283 6662 6662 6662
19557 6662 562 1057 1007
19558 9796 25 5291 6662
19559 6662 5629 2157
19560 9 8265 2562 6662 6662 6662 6662
19561 6662 1272 1016 691 6877
19562 6662 2683 11685 8669 6662 3022
19563 6662 7768 268
19564 6662 1351 1367 154 1354
19565 10073 4707 3175 7028 2692
19566 103 3208 4925 9711 1648
19567 7003 9360 4132 22 1354
19568 5643 5198 497 47 4000 6126
19569 6662 2593 16 6662 4088 5666
19570 7101 113 9413 9763
19571 6662 3858 720 1307 6725 2868
19572 9107 5879 1187 6662 5875
19573 6662 2899 8572 3979
19574 458 2638 8489 9859 9860
19575 6662 9421 6662 279
19576 1573 10541 1246 586
19577 3802 5609 5609 4433 746 7703
19578 7850 1449 6847 969 6662
19579 468 2527 4373 461
19580 1543 8113 1239 2459 3911 6033 1651 5196
19581 6662 1594 5849 1103 2046 1647
19582 3322 1354 363 1067 6662 6662
19583 16 7352 2784 3953 8392
19584 6662 4934 6662 6662
19585 8871 2650 7274 8446 4472
19586 51 146 149 51 7032
19587 6662 3905 7172 6662
19588 4607 2734 6941 1203
19589 7384 3918 2716 10183 3091
19590 6662 1235 6662 6662 6662
19591 6662 8175 3771 718 6662
19592 6662 7299 6662 6662 51
19593 6175 10278 3964 9374
19594 6662 1192 994 1501 6662 6662 1351 6662
19595 4506 6662 2189 6662 6662 3245 6662 6662 6662 6662
19596 6662 279 6662 6662 6662 1427 6662 51
19597 6662 51 51 51
19598 4650 1621 4735 27
19599 6662 849 1456 1118 1442
19600 6662 464 6662 6662 151
19601 4369 4097 6862 8465 11049 11747
19602 3150 6591 6325 1307 8539
19603 6662 1272 6662 6662 6662
19604 6662 3905 4572 1069 805 1307 3400
19605 2398 5307 6662 6662 4916
19606 3890 585 5229 5739 1770 7479
19607 10805 3001 8800 8119 684 5603 3562 1371 1630
19608 8131 1129 198 1181
19609 11838 9911 8258 1981 5541
19610 6662 2211 4762 2712 6643 10460
19611 1523 1180 6705 10429 5987
19612 530 3906 361 2546
19613 6662 262 4839 6662 1237 6662 928 2399 2780
19614 3516 1335 8595 1297 157 1212 6705 3932 372
19615 7699 2111 2675 2095 7158 6662 2826
19616 5264 4482 10411 4240 6662 8485
19617 6662 2790 6662 6662 6662 363
19618 3833 10591 348 11605 6662 6393
19619 6662 412 155
19620 6662 1405 6662
19621 1954 511 439 9146 11621
19622 5421 7606 1353 1550 447 6662 6662
19623 5065 9880 787 6136
19624 6662 1118 6662 6662
19625 9146 4740 9937 498 3330 3864
19626 9952 4682 11771 11772 11773
19627 6662 412 3897
19628 1030 684 6603 2369
19629 7740 1965 4803 9863 6820 9968 2209 2180 6282 2343
19630 6662 3625 10818 7292
19631 6662 794 11464 6662 4271
19632 3944 724 4515 1451 3911 1324 6662 1484 6662 6662 154 6662 850 8863 10185
19633 6662 4170 854 6662 601 6662
19634 6662 51 7546 147
19635 6662 4088 5143 11294
19636 4983 11119 6436 6662 2248 5512
19637 6662 3170 2393 6636
19638 6662 1281 1128 6662
19639 6662 11540 11141 11722
19640 6662 6662 6662 3156 6662
19641 8931 2297 2306 9312 6662 6014
19642 9379 3957 2725 3912 6662 6662 1117 6662 1336 6662 10616 1232 3897
19643 940 3903 4502 5978 6662 6662
19644 6662 5992 11261 414 2667 4240 6662 6662 4625 6662 7051 4600
19645 8051 6553 756 5606 1238
19646 6662 8103 6662 5893 6662 6662 523 6662
19647 6662 11310 5276 6662
19648 6662 464 6662 6662 6662
19649 877 5981 520 261 6662 333 378
19650 6662 9623 256 5534
19651 3926 3904 6743 6662
19652 2714 11109 4384 6662
19653 6662 7568 6692 2954
19654 6662 720 413 6662 718
19655 6662 39 5268 6662
19656 6662 1029 4695 3011
19657 3903 545 11305 601 4527
19658 6662 6662 1277 928 826 6662 720
19659 1248 309 4622 448 7378
19660 6662 9857 1074
19661 2370 6523 11866 6037 6662
19662 6662 2790 877 1492
19663 3326 7509 1066 8180
19664 6662 6353 6662 6662 6662 6662 1272 6662 1742 10810 6662
19665 7451 3857 6662 7075
19666 4367 6544 222
19667 6662 4832 1917 3183
19668 6662 5551 6662 1156 6662 6662 6662 6662 6662 552 6662 6662
19669 2915 9031 6662 1077
19670 6662 234 4160 4162 4893 1080
19671 3192 82 111 4302 9509 3207
19672 4244 6883 5815 2504 4438
19673 6662 3645 3963 6662 601
19674 6662 4814 2393 9727
19675 585 2513 4573 2041 8757
19676 530 8932 11465 7572
19677 4779 318 9433 4818 5832 7773
19678 6662 4060 1909 2
19679 65 4515 9807 2842 455 6662
19680 6662 1124 329 6662 6662 6186
19681 7875 9728 7677 11722
19682 7140 284 6077 11669 470
19683 8989 7642 2267 8274 8057
19684 1182 6662 4526 6662
19685 3951 7826 4892 11722
19686 6662 11720 6662 6662 3664
19687 11531 4163 10154 11324
19688 3964 1449 5649 6662 7004
19689 2197 3336 6662 8735
19690 6662 720 1018 9910 1646
19691 3953 3954 6942 1327
19692 6662 1377 2366 1295 6662 8419
19693 6662 1272 6662 6662 6662 6662 6662
19694 530 10163 4927
19695 6662 4621 1306 209 6662 2932 6662 1358
19696 2388 461 1235 1192 8501
19697 3690 4900 2567 6598 6662 6327 751 4427
19698 6662 1503 2174 1159 961 601 1691 1142 314
19699 7160 8798 11899 259 6164
19700 4000 101 4343 7105 4841 795
19701 5819 7225 7887 1477 4892
19702 6662 1118 448
19703 3648 1182 1808 1802 6662 4661 4831 1834
19704 869 408 1239 1278 995 2367 1140 4604 480 1287 223
19705 504 1355 9936 1240
19706 6662 9455 6227
19707 6662 1642 5867 6662
19708 4808 8471 1655 7107 5839
19709 6662 3963 1230 128
19710 9408 1751 1855 584 3163
19711 6662 1831 7690 6662 6662
19712 4428 5428 588 10884 3678 6179
19713 9167 5959 2073 1015 6662 211
19714 6662 2211 6327 2428
19715 2459 2181 6662 1185
19716 6662 128 3097 6662 6662 6074
19717 6184 1602 8010 11621
19718 6662 2531 6033 6662 6662
19719 2981 1941 1017 2006
19720 9672 2269 8092 1274 9706
19721 3009 4398 2865 6662 4443
19722 6233 943 3858 8418
19723 6662 1124 6662 1061 6662 6662 6662 6662 582
19724 1738 6885 6945 6001
19725 2369 10532 3059 7210
19726 6662 553 854 6662 6662
19727 3875 6333 9296 9295 9298
19728 6662 1337 6662 1451 6662 6662 6662 6662 6662 6662 6662
19729 1602 7803 5751 466 96 3984
19730 185 3092 792 5721
19731 6662 3999 812 6662
19732 6662 1239 2365 1527 1645 1328 1370
19733 10429 6828 6755 1953 6662 810 6662 6662 5882 1555 361 141
19734 6662 10519 6283 2169
19735 8875 5457 6662 6662 6662 6662
19736 4121 5721 4889 7105
19737 2716 9431 8269
19738 6662 1572 11840 11884
19739 1129 6704 1031 6662 6662
19740 6662 348 6662 1620
19741 6662 731 3096 4319
19742 3858 3918 46 2278
19743 524 5142 3965 747
19744 6662 2959 6662 6662
19745 5440 3678 1232 1707 2570 4893
19746 6662 1098 936 6756
19747 1967 361 10793 2398 866
19748 6662 940 6662 6662 6662
19749 5541 477 5163 11776
19750 5144 937 942 6662 3964
19751 6662 3905 11699 5917 6662
19752 6392 6056 6662 6662 2531 5989 6662 1450 6662
19753 6661 10441 2540 1232 1064 1053 1070 849 1688 1193 6662 157 1678 1849 502 222 1317 1387 1388 6662
19754 6662 155 2202 3321
19755 202 11903 8199 8384 7889
19756 5841 499 4340 6100
19757 6662 997 2823
19758 1898 9217 6677 129 2800
19759 3618 338 948 601 4493
19760 4359 8368 2612 552 3011
19761 174 822 6662 6662 6662 6662 6662 6662 517
19762 6662 3968 3040 279
19763 4835 4228 8871 1654
19764 8552 5029 1572 8729
19765 7428 10703 2446 554 190
19766 6662 2211 1632
19767 2480 5127 10750 9627 3521 4144
19768 831 2649 7924 1492 2817
19769 11562 4426 6662 414
19770 3561 5171 3245 10275 10802
19771 8146 949 6662 711 8820
19772 4254 8118 8113 5191 2369
19773 1094 4236 4776 3442
19774 6662 2531 7630 3330 6662
19775 6662 553 1065 265
19776 10258 10443 11892 6896 6662
19777 1048 5423 7687 6662 6662
19778 6662 6662 6662 1650 51
19779 10301 8111 850 6047 224
19780 6662 1426 416 9848
19781 6662 80 5948 1683
19782 4079 1909 4175 1203
19783 7361 11489 256 464
19784 417 1498 6662 6662 6662 6662 6662 1427 6662 6662
19785 1376 11217 6662 994 3278
19786 2516 1030 949 971 1435 8102 8319 1741 6662 4269 1368 5622 793 1162 839 811 4628 3921 2729
19787 5643 629 11180 1203
19788 2379 8861 359 6048 5824 6662
19789 3193 7683 6567 1511
19790 9658 6546 8475
19791 350 10563 306 799 4329
19792 3245 11169 9694 7976 969 6662 10643
19793 6662 936 3905 6662 1131 1481 994 1502 6662 1659 330 6662 11825 1363 1119
