19413 8531 3902 684 1739 8047
19414 10143 3372 2352 6647 2982 1386 223 1184
19415 1574 4425 10285 8965 275
19416 10740 6882 1950 7224 5419
19417 720 1133 9707 2856 5797 1184 11726 156 975 970
19418 916 5291 346 3559 9804 4394 34
19419 746 3450 10426 4398
19420 233 861 11785 11879 10679
19421 10429 11230 1629 11754 6697 3387
19422 6662 9050 1016 1548 1496 2366 1367 1193 1372 1146
19423 2564 2994 2337 7568
19424 2334 3151 2727 1235 5703
19425 5609 1334 1341 818
19426 30 1383 2788 2821
19427 5213 5723 4707 151 1808 1960
19428 10764 3795 10790 5953 6785 206 9666 69
19429 2713 4342 1270 196 1607 1794 8598
19430 11632 10265 9935 2593 4380 3184 10966
19431 3567 2408 10430 5828 6848
19432 9649 11464 11129 11465 4122 151 1909
19433 11614 1015 2202 10966 1245
19434 6662 9031 1129 1277 1117 1337 724 6773
19435 3791 2715 1612 3406 809 1009 161 1172
19436 911 10208 3184 6463 7346
19437 6662 2531 1609 2666 1177 419 152 6773 4574 225 3297
19438 8758 5150 1620 3062 11324
19439 3925 3310 10563 51 6213
19440 2739 3874 1570 4889 996 1103 8806 3320 130 2570 6751 7839 1688 1648 1072 1210 8800 5866 1214 965 7767 969 1654 755 2061 250 1087
19441 477 4463 8330 2706
19442 6588 5207 1182 11142
19443 4608 1295 4656 198 1238 1195 939 6169 2060
19444 3192 10137 28 11432
19445 6256 2841 9217 2691 3358 3167
19446 2567 8633 1351 261 4587
19447 4310 1411 4830 10382 4976 11457 7578
19448 8321 6558 4771 4633 1146
19449 5723 9620 6956 9500 7405
19450 1566 6273 635 1066 4117 4923 1210 4630 7065 4141
19451 3858 3918 5138 236
19452 514 2546 1909 6860 11122 7435
19453 3461 10904 11551 262 10970 8113 1469 812
19454 2954 1673 6460 3624 7784
19455 3183 5190 912 1240 1611 1525 928 10151 1484 1573 1729 1584 5043 1648 1622 2192 2202 1605 3868
19456 9289 7595 2737 2396 7486 7474 9502 3830 556
19457 3423 8485 5873 1932 11918
19458 10559 979 1918 5488 5826 2041 8805 8120
19459 3415 9312 4893 4627 1713
19460 4874 3880 9312 9066 18 414
19461 5252 1727 6439 2742 9542
19462 7205 11185 9045 2041 8112
19463 7326 2174 4684 4285 7943 6664
19464 518 10243 8806 6807 5207
19465 497 2589 3175 11818 11825
19466 8531 1032 5345 854 1107 7675
19467 11139 7001 8237 8726 8743 4265 9047
19468 5530 10478 4249 8520 3142
19469 3858 3970 1755 6828
19470 10685 909 1802 51 1187
19471 2803 1857 4005 11824 6123 8317
19472 4832 2230 1427 8192
19473 2762 6173 1804 2998 7733 172 1830 4088 7717 5677
19474 1406 812 1133 1025
19475 3710 8508 6162 555 6936 6530 3835
19476 2459 11682 1029 1256 1570 4608 1231 11515 1233 1234
19477 55 6144 812 1802 6251
19478 8196 7069 9633 4911 7410
19479 1825 9758 5636 6016
19480 10351 256 9165 6803 10007 1111
19481 8610 4365 7613 614 6916
19482 1028 1268 2300 1538 7228 2513 9580
19483 1411 8673 8704 6836 2410 9423
19484 3083 3009 4398 1138 612
19485 2757 587 9043 3545 6414 3468 10056
19486 84 940 4475
19487 1180 1738 1239 1612 11415 1450 804 1001 1035 932
19488 10642 8092 7630 4791 4868 228
19489 3107 9254 11333 2096
19490 2198 8277 2725 6027 361
19491 7353 7554 530 7694 318 3175
19492 916 919 7833 1703 656 10920 870 9433 5857 1314 2934 1259 2185
19493 5023 6704 5431 996 5797 817 1707
19494 2634 6571 1090 5771 1449 9294
19495 193 1050 2057 1265 994 5029 6697 11488 6662 5875 1106 1384 1368 1659 1744 416 1164 970 228
19496 524 731 6102 628 467
19497 8397 969 3964 4559 9639 3099
19498 916 9129 7982 6088
19499 3875 4401 1588 7738 3199
19500 3448 2488 3480 8815 5017
19501 8893 4542 11647 6999 6847
19502 3833 3216 11060 2261 3934 10265 6729 8803 5196
19503 5484 256 6822 3594 4476
19504 8387 2088 11419 3540 6807 8046 8815 8821 11759 8801
19505 9751 6973 1309 7681 3381 1060 147 4438
19506 1731 1099 1483 1450 4603
19507 3653 558 6812 6936 6038 4846
19508 9746 1157 4074 2859 9265 5888
19509 80 50 384 261 586 9226
19510 936 7981 7544 7435 222
19511 3868 8235 6973 5780 8819 8819
19512 6904 8106 11499 4424 5817
19513 9658 3981 3 11204 4355 4684
19514 1129 260 1181 8757 6740 11830 11725 8821 4626 1512
19515 4987 3902 586 4464 211 2459 7534
19516 1782 8670 9664 3460 284
19517 10203 11462 2938 4221 7976 8189
19518 6968 6695 2041 8757 8758
19519
19520 7467 10041 1108 5010 18
19521 3220 364 4295 5757 10645 647 11462
19522 3201 8488 3351 3954 3955 969 10144 3803
19523 55 943 2106 6491 417
19524 7734 8118 10085 11868 1559 1332 422 2524 8273 1956
19525 3655 2771 10054 3545 4630 10824 10772
19526 10669 386 4526 6164 11902 10856 8237 7607 412 5460 410 3963 9024 6048
19527 10669 10087 1158 6662 1306 11477 8126 3921
19528 6662 4782 5536 4992 6335 4472 1366 3162
19529 9077 10912 5117 7040 1958
19530 65 5958 6772 5508 2569
19531 4801 3132 11785 10534 6939 10377 8272
19532 51 146 147 148 149
19533 4620 1353 1070 942 1573
19534 7315 23 496 3630 2230 6076
19535 1225 2443 10255 11342 11864 11235 382
19536 6791 2561 1066 6399
19537 4242 48 736 4263 9333 6729
19538 5574 141 5964 3679 11722
19539 7720 1050 4075 5672 969 419
19540 6662 5340 3218 9644 775
19541 4367 1275 1049 1736 1277 2367 1103 158 968 2729
19542 3953 3955 5546 8743 783 7453 11600
19543 5487 215 586 1550 4141
19544 3461 787 11208 11835
19545 9700 2389 3932 3282 1079 6227
19546 2197 4218 3092 4510 11665
19547 2140 4935 8621 5960 5306
19548 2242 918 536 2151 1475 4333 4621 1892 4775 174 3749 7792
19549 8156 1214 5863 10349 1707 202 11751
19550 1607 8338 8512 5868 6697
19551 3882 7282 6764 1072 1458 10057
19552 11525 7139 7936 2821
19553 6906 8931 11027 5353 2006 6184 7251 9716 3320
19554 7465 11776 4858 1729
19555 2628 2867 4859 10661 466 5984
19556 3559 1585 5932 1190 1448
19557 4312 2892 2457 1008
19558 9535 7550 11841 10874
19559 4025 647 7479 9243 8430
19560 4935 10224 6723 4859 1832
19561 7926 2988 2222 2209 2543 2369
19562 5359 325 6767 4712 3341 3848 3154 9544 1220 223 305
19563 441 8445 7887 6352 6662 6757 1235
19564 3151 408 1751 1916 1798 2122 1910 2592 1318
19565 698 2931 9837 4348
19566 9027 11847 7677 4408 5240 2311
19567 5052 8879 2117 5932 552
19568 3154 7351 11235 11708 1418
19569 10101 1250 3356 5034 6957 8180
19570 910 11122 10736 2224 2630 6447 1046 1262
19571 4394 10912 11037 6508 10823 11744
19572 3230 6790 1353 361 2572
19573 7350 251 10063 10034 8844 6116 8980 10504 314
19574 531 4572 1569 823 6696 1627 1159 968 1039 3
19575 462 10532 997 2203 6353 7517 11512 11698
19576 10690 10590 1726 4216 411
19577 7097 3501 5847 3092 3610 5536 6897 5010 8113 9906
19578 7103 301 2252 3053 10291 3418 5592 2083 1990
19579 4394 337 4520 3151 3335
19580 315 3540 997 5594 2176 832 1482 5983 2215
19581 1191 1015 1232 11870 256
19582 4621 555 6721 10014 4916
19583 2685 35 11648 298
19584 1123 408 1521 5555 4173 4599 1044 6759
19585 4640 8113 1018 627 1393
19586 11183 11346 10129 695 10762
19587 3631 2358 8839 10192 115 5508
19588 4541 1272 7016 1191 5312 9927 2261 2669
19589 1344 9849 2452 7524 7016
19590 3241 1496 3386 515 1137
19591 5934 10571 6578 1108 8890
19592 2943 2897 9462 3315 627
19593 205 3517 3 3263 838
19594 797 51 4859 3030 5016
19595 3397 51 9304 11528
19596 63 8132 5102 6786 7439
19597 11113 994 1502 6722 156 850
19598 2742 1124 4219 11601 850 2202 805 5839 5023 5795 2816
19599 2041 2504 3957 3777 9271 7010 1895
19600
19601 699 4670 7665 11460 8732
19602 6626 1496 1235 1066 4219 1286
19603 2797 2448 967 11099 10840 4606
19604 7827 3192 1808 2447 4762 6123
19605 3440 7207 3021 7190 9216
19606 5175 127 1076 4795 8122 9062 8122
