19413 23 4244 439 3579
19414 6662 51 5034 10359 2095
19415 6662 3245 10122 3679 969
19416 6662 2531 1678 1238 4584 930 1647 1119 2908 1022 4781 3921
19417 1909 10887 8651 3050
19418 6662 7711 10196 361 10578
19419 6662 1062 409 1484 6662 805 809
19420 102 6565 793 4266
19421 1663 2899 11904 250 2140 1831
19422 3026 3944 4564 11439 5006
19423 6662 1029 7664 937
19424 6662 7873 1501 3249 51
19425 798 9837 5564 3992
19426 5412 5073 9857 2569 5570
19427 6662 1157 6662 10146 2369
19428 1720 5602 2307 8133 10961 8277 3440 9327 1166
19429 1376 6850 3238 7745 2161 6662 8410
19430 6662 1124 1425 2658 1015 6662 994 562 553 1456 1738 1299 1176 1227 1556
19431 2705 112 3593 1031 6571 969 6662 10373 1646
19432 2503 3394 2106 1825
19433 6662 1029 3316 4075
19434 4690 1683 1057 5623 3
19435 703 6385 3092 1770 1660
19436 6662 4579 3766
19437 4931 51 146 147
19438 254 3701 9312 6078 6686
19439 6662 4095 921 894 1117 1191 1033 562 1118
19440 1650 7443 9379 313 245
19441 10513 1651 568 4730 1010 975 5901 4681 4547
19442 6662 692 8920 657 674
19443 2282 256 6662 3905
19444 9195 9986 9335
19445 6662 8499 3416 1620
19446 453 3594 969 8113 6850
19447 2320 4088 7372
19448 3746 2531 3286 1947 3908 1801 5379 2224
19449 1237 1550 827 809 2728 3921
19450 1515 1406 1236 1610
19451 11216 6274 7837 7210
19452 3572 34 7444 11496
19453 4533 10868 4919 7768 822 6662 11132 3858 6860
19454 6662 8442 11122 7227
19455 2616 3171 11263 6662
19456 10209 4166 941 661 659
19457 10814 4259 39 1 129 1607
19458 731 503 4030 6802 3899
19459 2004 1649 7702 11598 6662 1321 1371 1742 842
19460 1192 9909 511 11677 11678 11871 1308 39 1152
19461 6662 1483 1131 5276
19462 1666 1279 10596 1532
19463 9952 4682 11771 11772 11773
19464 6662 11579 9627 11572
19465 5895 6770 1066 4076 5557
19466 1220 11527 2408 310 11842 6319 6319
19467 8060 726 2271 10979
19468 6662 4575 994 942 11527 8113
19469 8860 9147 196 1232 851 11595
19470 5890 6090 11771 11772
19471 2211 6319 6495 3434 250
19472 6662 5875 1254 10846 10155 11467 1482 11366 11897
19473 6662 1516 1035 1484 8272
19474 8646 1625 7724 2393 5795
19475 6835 3751 1730 265
19476 299 11716 1399 5712 8360 6990 5991 2457
19477 2839 524 1450 854 3318
19478 6662 2531 4578 4646 544 1246
19479 4365 2025 3984 4935
19480 1763 365 4827 4482 7206 5556
19481 6662 1307 1619 6662 6944
19482 1760 997 4450 5586 1502 2378
19483 200 6662 3011 3975 1374
19484 6662 1235 7553 4608 2666
19485 4832 11635 6076 3979
19486 6662 2789 11834 6662 940 789 10095 3943
19487
19488 6662 1723 3011 2428 6662 6662 1060 684 11685
19489 6854 7353 8451 3011
19490 39 5895 774 10484 2373 7789
19491 4920 5781 7058 4935 9147 4059 81
19492 4161 3017 34 3012 7507
19493 6662 720 4577 6775 6662 1613
19494 2542 1235 1543 6662 928 6662
19495 3347 5469 3771 1969 799
19496 2325 1404 1240 1241 8735 4640 941 1573 1573 967 250 250 1286 265
19497 370 8108 6723 8879 10016
19498 1574 2668 1258 4166 812
19499 4670 582 4600 2943
19500 2803 5757 6662 2229
19501 1909 5873 3671 4993
19502 2513 6662 5551 945 6662 1573
19503 6662 6731 1029 4398 1277 4638 6662 3101 6662 5586
19504 2566 6828 8723 6807 4740
19505 7846 2543 7130 10601
19506 6662 2691 5228 8367 6373
19507 4547 141 3966 6662
19508 1235 1271 348 6662 252
19509 2112 4184 5826 6662 8188 1225
19510 6899 6941 731 727 7113
19511 6662 10405 5609 3491 311 7804
19512 11924 1809 6348 11677 5276 8319
19513 1649 3289 4036 7093
19514 6662 1517 1610 4040
19515 2658 108 250 600
19516 7319 3876 6926 258
19517 6662 381 10825 10830 3064 5004 6697
19518 273 3129 11374 3165 3009 2790
19519 5232 4502 6988 7775 1053 3570
19520 4410 5339 215 9931 11711
19521 756 8713 4679 8699 1447
19522 6662 967 11094 4972
19523 6662 2199 1236 997 5880 1239 1645 1431 158 1285 966 1627 8814 1385 5944 1808 4774
19524 345 5153 514 3858 4414 3752
19525
19526 81 2922 1602 894 554 896
19527 1664 2951 1095 7811
19528 1676 3616 1801 628 1074
19529 6662 1128 1129 918 932 1255 6498 883 6565 6721 1001
19530 2140 2181 256 4219
19531 3944 7357 8884 11163
19532 11159 6912 6441 9527 8501
19533 9283 2841 3379 7873
19534 6662 8676 7747 2989
19535 6662 2211 11394 8599
19536 852 848 1659 850 8801 947 1476 6729 1298 1372 656
19537 6071 684 9762 3142
19538 6662 1124 5519 6662 10099
19539 1725 2303 8136 6662
19540 6607 1354 8118 9724 3904
19541 7417 1472 1788 6662 8235
19542 1800 173 2748 5
19543 4217 6563 11179 396
19544 6662 1718 8239 1377 1129
19545 5445 11454 1808 1874
19546 7365 6266 601 8258 8122
19547 3852 5991 3803 6308 128 127
19548 1270 1155 2395 4656 1064 1281 939 1519
19549 1270 863 883 4374 4036
19550 6662 4900 3888 5006 10268 6662
19551 6662 2145 6647 8317 3173 6016 10825 9723 2110
19552 1909 9318 5181 6118 463
19553 2919 4993 5987 6662 7474
19554 2478 580 11429 8525 3142
19555 5468 8959 2938 8384 4220 7618
19556 6888 9031 4108 3963 6662 850
19557 8581 3034 497 9653
19558 6662 1272 1737 363 6662 1622
19559 6662 2742 3904 4638 6662 1427 3040
19560 3794 8055 868 3351 5837
19561 6662 4622 1448 6662 6662 6662 6662 11080 6662
19562 600 1252 10634 6399 11143
19563 3091 10550 4166 6662 3000 6662
19564 7195 11185 969 3315 5104
19565 193 689 1220 816 1500
19566 92 2954 6536 1474 7699 9553
19567
19568 4295 5656 684 10770
19569 6662 329 3172 3226
19570 6662 185 3903 10359 6662 363 4646
19571 8652 5505 3300 8758 11795 11543 4269 1282
19572 6662 5835 792 5901
19573 2663 1881 2117 3774 2192 1830 3588
19574 2386 4925 7348 371 8759 5709
19575 6662 3415 854 5276
19576 9456 10802 262 11881
19577 6906 7876 6090 6662 3841
19578 5735 1128 4820 6662 1455 9521 6662 34 8398
19579 5127 7449 5512 51 146 147 148
19580 618 3457 1909 6885 3356
19581 994 2905 6662 1773 928 5854 4911
19582 3653 8719 4166 6464 3975 1065 413
19583 3212 6211 10234 1393 6662 2454 2641 6662 11324
19584 2045 11625 7768 408 11733
19585 5988 1448 2658 1352 1320 1573
19586 6662 123 5953 1066 10337
19587 6390 3684 1518 6626 7725
19588 6336 9591 6662 9857
19589 1479 731 5507 6376
19590 6662 9527 9447 372
19591 6662 1516 51 51 1792 1953
19592 3289 2032 4415 1162 1847 1025 265
19593 4431 3262 787 552 5609
19594 1908 1340 7378 7218 7620
19595 9191 8201 5919 11165
19596 8409 2949 3021 4263
19597 1404 813 4995 9314
19598 4094 10102 51 7779 8418
19599 6662 363 1503 6662 850 7111 1366
19600 6662 1351 6903 4638
19601 6662 1124 329 10424
19602 3999 7768 6033 3173 5623
19603 185 8647 10226 11115
19604 6662 4620 3905 2877
19605 6662 338 1307 1006 6662 5811 5622 1502 1211 1715
19606
