19413 6662 2742 6662 6662
19414 6662 6772 416 3971
19415 6323 3096 8390 5543 11292
19416 6662 1855 8802
19417 9247 7115 361 2504
19418 80 9849 6786 46 6406
19419 9867 307 6405 2577 363
19420 6662 5814 555 3040
19421 6662 1449 6662 6662 6662 6662 6662 6662 1620
19422 6662 601 2373 5543 6662 6662
19423 6662 1351 6743 6662 6662 6662 6662 6662 1898
19424 6662 11566 4191 4992
19425 868 2698 6174 8877
19426 3728 6693 6662 6662
19427 6662 4573 1282 6662 1424 6662
19428 1405 532 6662
19429 2885 1808 1802 627
19430 1825 1910 5687 6603 6662
19431 6662 1157 1304 1100
19432 6662 4740 3415 1804 381
19433 2503 1883 4324 3097 1823 8552 2177
19434 39 9490 4492 2972
19435 193 1354 11394 6638 6662 6662 3460 1341 6662 935 5703 911 1688
19436 2581 3083 5094 7013 10401
19437 1386 5824 7534 4088 9934
19438 6662 1124 1517 6662 6662 6662 1622 6662 994
19439 6662 1516 3902 312
19440 5753 4184 4862 6662
19441 6662 4060 9612 225
19442 466 11501 2041 10787 9728 1604
19443 1725 4621 1272 6721 6662
19444 6662 1129 1049 553
19445 3882 333 1521 2367 996 1321 5850 644
19446 174 5880 1118 4478
19447 8729 6662 3356 1784
19448 82 6503 1257 4088 7237
19449 1695 1543 6662 6662 11621
19450 6662 407 1031 6662 6662 2562 6662 6662 6662
19451 4213 1794 431 4684
19452 6662 1427 6662 6662 6662 6662 6662 6662
19453 8070 10105 273 3129 3140 2229 6662
19454 1252 7019 5460 6662 6662 6662 6662 5340 3019
19455 6662 6791 6662 5752
19456 6662 1118 387 6662 6662
19457 6662 2211 2810 2184 5640
19458 4074 1521 2059 1220 5885 1046 223 974
19459 3144 1887 6505 1180 6662 847 1518 6662
19460 6662 51 146 147 148
19461 6662 9490 3101 6662 6662
19462 6662 1307 6540 6662
19463 2461 10803 2292 6662 6662 6662
19464 461 3278 5472 5141 6662 2130
19465 6662 2103 831 1988
19466 878 9486 8097 9232 6662 205
19467 3080 3868 4007 756
19468 5064 1834 1908 6662 6662 2780
19469 6662 4656 1481 338 338 5855
19470 6662 4175 1870 1950 2572
19471 6662 4283 9218 4516
19472 5177 7996 6287 11688
19473 1548 1236 1018 936 6454 1177
19474 6662 1060 6662 544
19475 4567 1033 2940 10439 8189 961
19476 5847 5543 1629 5826 6662 8122
19477 6662 6566 4175 1915
19478 6662 4656 1351 338 936 939 1703
19479 6662 6662 6731 160
19480 6662 5720 7490 5757
19481 688 6470 4348 723
19482 9233 1443 2059 7614 6662 936 1256 1193 1037 1017 397 1558 969 1173
19483 6662 3519 2685 10605 7466 6662
19484 7089 687 2567 3278
19485 6662 51 7287 6662 6662
19486 1737 2662 6705 10300 8122
19487 7277 3048 7399 7842
19488 3220 4456 4130 10850 6662 4976
19489 1377 7065 3858 256 1330
19490 448 2562 6662 6662 6646
19491 601 6662 9902 7190
19492 6662 1351 1053 1173
19493 6662 1124 6662 6662 6662 10230
19494 573 5240 8157 948 17 6662
19495 2599 9583 3708 6566 4901 1333
19496 9031 6662 1158 6662 6662
19497 876 3968 10690 918 1295 6662 2217 2797
19498 6662 1427 6662 6662 6662 1354
19499 6662 2789 6662 6662 2468
19500 6662 2211 284 8118 1010
19501 9296 10074 9295 9294 9298
19502 6662 4622 6662 6662 6662 6662 51
19503 662 969 9352 1620
19504 287 2375 4121 2375 6050 3293 4504
19505 6662 1870 1830 361 1969
19506 5131 1354 1627 1137 6662 1065
19507 8454 828 3050 5824 1849 6759
19508 1494 6662 363 6662
19509 6662 9455 6662 6662 4916 6662 2444
19510 1182 1905 3903 476 3109
19511 8786 6662 193 2367 1739 817
19512 6662 1006 6662 6662
19513 6662 9164 940 6662 6662
19514 6662 352 1048 9972
19515 6662 1124 6662 1622
19516 4485 7610 2543 2412
19517 6662 1158 6662 6662 6745
19518 6662 4993 7474 5872
19519 6662 1337 6662 8822
19520 48 467 5268 6662 3329
19521 6662 1307 951 1501 6662 9141
19522 6710 11894 8168
19523 1155 1156 2281 3987
19524 3268 386 8851 11027
19525 6662 842 5565
19526 10498 2362 10823 954 856 966 8807 1661 413
19527 2796 4656 6662 5028 6662
19528 6662 1236 1210 3963 6662 1064 6662 4896
19529 1766 8707 2723 4463 6909
19530 6662 1351 256
19531 6662 127 942 5855 6662 6662 6662 6956
19532 3667 6156 2038 11733 2167
19533 6662 9343 6662 6662 6662 6662 1551
19534 3107 7693 3068 2901 6279
19535 6662 10166
19536 6662 6274 6662 1283
19537 11219 2870 2675 10927 6662 11633
19538 932 1368 5142 10036 7976 9465
19539 6662 1798 6662 3254 6662 6662 6921
19540 6711
19541 3228 910 613 1594 995 1103 413 1615 975 4606
19542 6662 6662 5476 3440
19543 1725 407 939 1321 947 5742 330 6662 128 11682 1740 6727 2378 6662 8941
19544 6662 1450 1246 6662 6662
19545 6662 10102 1185
19546 7820 6634 4646 755 965 3184 11234
19547 2319 11761 2572 8423
19548 1117 4965 3933 2184 1112 1849 1223 1148
19549 1695 1076 11672 9864
19550 74 3008 3858 3857 3866 4211
19551 2153 4717 10413 10413 6662
19552 2140 1953 7379 4695
19553 671 6662 6224 6662 940 1389 6662
19554 8353 3175 6961 4559 1591
19555 3714 128 329 2790
19556 4498 11708 4565 2605
19557 530 743 2810
19558 863 1180 997 6662 8501
19559 5536 966 4823 9887 6662 7016 6662 6433 1180
19560 6662 853 72 8879
19561 6420 9234 91 7186 6662
19562 65 8984 4051 3040 497
19563 6662 6733 6662 6662 6662
19564 3959 6662 7806 4261
19565 6662 1435 1393 6662
19566 6662 10722 5484
19567 4698 1060 5534 4325 5010 265
19568 6662 4993 6594 5080 6662 6662 413 4266
19569 10577 940 5978 971
19570 447 1909 440 4100 1767
19571 361 10587 1197 6662 337
19572 1341 7568 11477 684
19573 6662 8152 338 1018 6726 6662
19574 6662 1029 8204 1679 6662 1049 6662 1036 2633 1408 1519
19575 6662 205 9638 627 5787
19576 5570 9296 9295 3697 4266 2410 969 6662 506 76
19577 1225 1971 1600 632 5824
19578 393 11200 6143 4340 6662
19579 6662 6274 101 8737
19580 9952 4682 11771 11772 11773 11921
19581 2197 7368 9185 10794
19582 6662 2211 6662 4536 6633
19583 3430 3981 11759 1782 8819
19584 6662 4814 1185 809
19585 2480 2794 1781 7634 146 1266
19586 6662 3245 2742 6662 1855
19587 2877 10165 11072 7687 4921
19588 5804 1808 256 2379 7233 11711 2835 8522
19589 11815 10111 1004 4896 10818
19590 821 4644 1336 1133 1614 6662 6662 1354
19591 9337 8431 2389 496 6662 6662 2141
19592 7829 5775 3357 5630
19593 6662 337 1766 4265
19594 7848 1908 8616 8818
19595 4369 5954 440 11518 7359
19596 4927 7959 4121 2966 9061 8296
19597 6662 9556 2652 6662 6662
19598 6662 2857 430 51
19599 4309 1276 2742 7495 6662
19600 6662 6647 373 256
19601 3143 1050 1448 6662 6662
19602 561 5879 2003 2726 4593
19603 6662 1029 7553 6662 6662 6662 6662 6662 6662
19604 2715 1065 11842 1044 1231
19605 6662 1494 5189 6033
19606 6662 4000 11572 3919
19607 6662 685 5040 684
19608 423 3976 7584 2369
19609 3858 2949 279 23 10899 4684
19610 7730 10727 7687 6662 6662 3797
19611 6662 1124 6662 6662 6662 6662
19612 6662 4166 7976 8944 1432 4415 6662 4661 9912 6662
19613 2901 1994 4254 7842
19614 6662 503 3091 626
19615 1668 2196 3963 291
19616 514 4454 3858 1182 6662 6662 1272 6662 496 280 6662 6662 1620
19617 6662 3643 6385 6662 6662
19618 1180 6662 1517 6662 6662 1455 6662 7553 6662 6662 2200 6662 1239 1210 966 2671 6662 937 5029 8863 6662 5797
19619 6662 7072 912 1134 6662
19620 6662 8485 1518 6662 6662 6935 6662
19621 1319 606 9314 4671
19622 6662 51 146 147
19623 3903 3414 204 7652 2319 6662 1032 945 1320 2569 1572 4269
19624 2211 1235 1543 6662 209 935 1272
19625 51 146 147 5952 1853
19626 1248 5767 6782 395 6662 6662 1367 1321 4198 1036 1071 4638 9051
19627 6662 51 9202 4889
19628 6662 1351 6026 6751
19629 6662 2906 3318 2214 843
19630 6662 1621 1024 2489
19631 3001 9072 10296 3135 5423
19632 6437 1394 1629 1108 5623 10818
19633 112 2956 2967 4315 329
19634 6662 11275 1235 6662
19635 601 6662 6721 2408 8815 8821
19636 2700 969 684 6662 1182
19637 443 6662 1730 2922 6662 6662
19638 6662 51 146 1790 196 4975
19639 6662 6793 11871 6576
19640 190 6662 3167
19641 1664 8582 5040 9099 6662 1129 1613
19642 4656 6662 1427 5875 6662 6758
19643 6662 5418 8107 1067 6662
19644 6662 2562 51
19645 9462 51 146 147 2095
19646 6662 4438 6662 6662 6662
19647 477 9889 4148 1687
19648 6662 4665 413 275
19649 3920 10224 6733 1383 261
19650 3975 3356 1105 1107 1299
19651 1659 7106 1278 5460 1239 964 1458 1138 1629 1654
19652 5056 1909 3762 9413 8147 3199
19653 333 8640 691 10966 1406 6662 6662
19654 51 51 10072 886 147
19655 6662 1277 928 6662 6662 6662 6662 940 6662 6662 6662
19656 6662 1235 6662 6662 10519 8091
19657 7941 1519 8180 5949
19658 101 1602 1282 6662 6662 827
19659 6662 51 146 147
19660 6662 51 1790 1784 6662 6662 1101 6662 6662 8442 6014 6662 296
19661 34 4469 9651 3957 2456
19662 2459 3886 10589 6662 5296
19663 10429 201 6565 6662
19664 3166 3569 3135 10933 6662
19665 4667 7797 5793 1607
19666 6662 7568 7124 4703 6662 6662 6662 850 1647 785 5413
19667 2710 10146 10686 663
19668 48 51 147 6662 1814
19669 6662 5109 1118 6662 5256
19670 6662 11258 3838 6075
19671 6662 2513 6662 6662 5570
19672 6662 1272 11576 1235 6662 6662 3481 6662 9135 2742
19673 369 6646 5210 2171 4541 6662 1511
19674 523 6662 1239 2949 3897 4597 1144
19675 6561 11537 10225 1186 6504 297
19676 6662 3285 6227 1432
19677 6831 854 6566 7117 6984 4029
19678 6762 3984 548 5198 6602 1307
19679 6662 9777 3897 2114 4893 6662 1427 6662 5543 5042
19680 5535 3903 2408 6662 6662 6662
19681 1183 5731 3226 9782 2279
19682 1270 7002 8512 4472 6662 1887 6662 6662 6662 6662 7568 3440 2569 6662 6662 6662 6662
19683 5440 490 6662 72 3905 9287
19684 10996 10044 6471 11674
19685 847 4620 1235 6662 6662 6662 6733 6662 6662 1455 1277 1427 6662 6662 6662
19686 6662 4398 6385 6662 6662 6662 6662 6662
19687 5232 2531 1511 1354 51
19688 6662 6662 1738 6662 552 6662 6662 6662 961 6662 6662
19689 8247 495 3107 51
19690 6662 4976 5441 10675
19691 11445 10104 11352 6636 10282 11502
19692 6662 6662 822 6662 201 827 6662 1337 6662 6662
19693 4030 3951 1450 941 6569
19694 7195 3648 11627 3190 6662 6662 6662 6662 6662 2664 1405
19695 918 1351 1517 1016 6662
19696 5425 10014 6945 7112
19697 852 918 1964 7078 4007 9050
19698 2538 1808 1874 1799 4207 573 1344
19699 6662 4488 6346 6662 8553
19700 6831 601 6756 265
19701 30 3738 942 7330 3591 8575
19702 6662 11708 647
19703 6662 1351 1328 6662 954
19704 6662 1272 6662 6662 6662 6662 51
19705 6662 1182 51 51 3184
19706 10443 639 1295 1366 5434 6662 856 7154
19707 6662 51 3595 4731 5495
19708 5783 4512 7936 9873 4473 5679 11638 8465
19709 6662 141 256 685
19710 5473 5236 8736 5504 8553
19711 6662 2177 6662 6662 6662 6662
19712 6662 5680 1118 6662 11258 2595
19713 6662 3679 1272 6662 6662 6662 6662 6662 6795
19714 6662 4008 11480
19715 5055 7509 7322 6545 8888
19716 3198 6775 6662 10132
19717 6662 849 1653 755 1286 3039
19718 512 6239 3999 1620
19719 6662 11566 1620
19720 5759 4228 3974 8265
19721 6662 4690 4623 9175 1483
19722 8089 491 6662 6662 1351 1455 1519 1612 1716 8575
19723 10247 2251 2823 5740 296 7147
19724 7269 427 4832 522 3199
19725 6662 5629 5460
19726 6662 3813 5722 2764 6662
19727 6662 4665 5465 3674
19728 2429 8701
19729 6662 1342 5125 3559 4667
19730 6662 1351 936 1469 6662 161
19731 4745 1061 6846 622
19732 11113 1271 6662 6662 6662 6662 3864
19733 6662 1275 764 4223
19734 11777 4778 10825 10830 1366 2863 1321 1360 224
19735 8 11219 8112 1511 8117
19736 10950 940 4704 6662 6662
19737 335 2409 11527 9694 8828
19738 5641 799 6137 1625
19739 10797 5781 9687 220 5286 683 5605
19740 3587 10769 734 68
19741 6662 6988 6662 4088 6662
19742 2303 4873 6899 11527 6662 9204
19743 6662 941 1573 6662 6662 6662 940 850 857 1385 1045
19744 3049 6662 1157 1351 1570 4325 6662
19745 6662 51 147 146
19746 6662 4175 3910 4206 6662 9341 6662
19747 1182 7480 5034 2140 718
19748 6673 435 7405 3315
19749 6662 8485 5025 1808 6662 6662 601
19750 5696 5150 1629 10413 1312 5198
19751 7381 9255 3441 4325
19752 6662 6960 7154 6072
19753 10892 720 2286 11621 6662 6662 6662 6662 6662
19754 6662 1252 2303 7292 6662
19755 2366 147 7045 7982 4600
19756 6717 10542 7415 297 1518
19757 9887 1447 9848 10784 6650
19758 6662 6662 960 6662 1245
19759 6662 4191 6692 1469
19760 6662 9576 854 6662 7736
19761 6662 3011 4862 6662 6662 5703
19762 2353 6861 628 10255
19763 6370 8941 11431 2817 11855
19764 1353 1278 2459 1501 1136 5797 1208 5150 1712
19765 6662 3820 6546 7474 6662 6662 3771
19766 6662 1517 410 6662 6662 8237 1607 10086
19767 10718 1825 11446 381 6662
19768 4934 3452 6892 2095 1829
19769 979 3858 46 5657 2570
19770 11209 11924 6662 3356
19771 3424 9823 6973 5785 8
19772 11765 3218 6880 5709 3742 6662 1062
19773 6662 1118 1068
19774 6662 4446 10818 6662
19775 6662 4572 10450 6662 1351 724 6662 5561
19776 10174 238 1511 1164
19777 6662 1235 1354 10710
19778 507 10224 11061 10912 586
19779 4934 2840 3844 11464
19780 6662 80 892 2565 6715
19781 6662 453 1447 6662 6662 9216
19782 2560 2561 337 359
19783 6662 2882 5862 7896 6662 1366 1572
19784 5457 9203 6662 6662 6662
19785 1128 3814 9280 6662 6662 854 6662
19786 6662 5006 1982 7159 1573
19787 1695 363 201 6662 6662
19788 6721 949 6662 7264
19789 6662 4620 6662 6662 804
19790 6662 8256 4008 6662
19791 6662 8485 78
19792 6662 4607 1430 3861
19793 6662 558 7018 8599
19794 3264 4302 3913 8971 6662 4265
19795 6662 2742 11140
19796 6662 51 8782 1940
19797 6662 1426 2877 8972
19798 1418 3404 9788 918 6662 5789
19799 5528 2790 4370 7427 318
19800 6667 5803 1495 953 1306 6662 6662 1613
19801 6662 11300 2373 48 6335
19802 6662 3858 265
19803 7886 2037 4328 4431 6662 6662 8442 2140
19804 6830 1620 1959
19805 6662 1494 822 6662 1030 6662 6662 1841
19806 2641 4778 5880 4325 856 1207 1360 2729
19807 459 4881 7095 7943
19808 2459 1406 5843 265
19809 863 6471 1098 1790 6662 1846
19810 6662 1830 5543 6662 6662 5479
19811 4794 192 8126 6662 6662
19812 5879 6033 2374 1319 4578
19813 2513 1738 8952 1028 8811
19814 11700 8802 9398 2028 6662 7016 6662 412 348 6662 1517 273 6662 6662 1730
19815 6662 5460 6167 4593 5884 1442 6662
19816 7278 9314 3877 6662 3287
19817 3185 1418 5840 6191
19818 10547 4254 5681 2229 7105 10602
19819 6662 1235 6662 6662 6662 6662 6662
19820 6662 4175 7726 6662
19821 2907 4075 3979 5191 437
19822 6662 997 1067 6662 6662 1451 6662 1032 1380 939 1725 411
19823 283 8102 6662 6662 1060 6662 4934
19824 6662 3245
19825 5008 11907 6565 7632 6662 7509
19826 1566 265 839 2462
19827 6662 1336 338 6705 6751 1552
19828 6662 3415 1336 1137 6662
19829 6662 10426 940 6662 6662 6662 6662
19830 6662 11145 3858 5978
19831 3883 9703 9859 6662 6662 6662
19832 6662 7038 7925 6662 375
19833 9333 6274 5013 1830 6662 6662 1494 6662 395 6662 5953 6662 1066
19834 9768 246 6316 6056 6662 6662
19835 6662 969 410 1245
19836 1607 348 1319 6662 1792 6662
19837 6662 1124 338 1064 1018 1065 6751 6385 947 935 9954 1119 1245 1686 1086
19838 6662 2531 6498 6662 1426 6662
19839 5202 4565 4697 4017 674
19840 6662 51 146 147 148
19841 6662 1235 1097 994 6662 6662 6662 6662 6662 2562 6662 6662
19842 6662 1029 743 1191 6662 6662
19843 6662 1450 6662 6662 6662
19844 5983 7193 2117 1053 877 5392 6662 6662 6662 1062 6662 9731
19845 65 10464 256 620 64 2503
19846 6662 214 6662 6662
19847 6662 852 6662 6662 6662 6662 850 1210 3019
19848 6662 1738 1692 8346
19849 5359 4680 1802 6662 2034
19850 9016 2590 3111 8403
19851 6662 174 6059 3094 1272 6662 6662
19852 9131 1266 1850 7531
19853 6662 23 6662 5643 6662 6944
19854 6853 8418 7690 1683
19855 6662 3981 2831 260
19856 6862 3433 7631 10429 6662 1770
19857 4607 372 6662 2764 6662
19858 4378 10144 256
19859 6662 10166 1442 6662
19860 4244 5107 6662 1049 1338 6662 6662 6662 5882
19861 2130 1808 6001 4303 7348
19862 7106 3291 6987 6509 8121
19863 1376 552 5717 2643 464 3557
19864 318 198 6662 10722 1161
19865 10567 3293 11077 2541 1001
19866 6662 2211 1347 233 6662 1017
19867 2241 5501 11431 7938 3371
19868 6662 2189 6662 1235 6662 6662
19869 4178 8107 227 2804
19870 6662 940 6662 1494 6662 6662 6662
19871 6662 1252 4907 4350 5623
19872 11719 5412 11745 6084 5680 3416 2982
19873 6662 1272 6662 6662 6662 6662 8771 1650
19874 427 545 547 3330
19875 6662 1030 1132 1505 6662 6662 6662 6662 6662 6662 936
19876 6662 1367 6506 10119
19877 6662 1029 2047 2189
19878 6662 8442 1602 1511
19879 11011 8797 1203 10390
19880 2242 9556 11667 7782 339 6662
19881 3578 5053 1298 5764 11630
19882 3264 10131 2845 7404 3913
19883 4440 6422 979 6129 3061 6662
19884 6662 4622 6662 8501
19885 447 3858 969 6168
19886 2140 1014 8407 3903 4638
19887 6662 1157 1304 1718 1495 1483 720
19888 372 11389 9328 8815 8818
19889 6662 1192 936 562 6662
19890 6662 1124 1427 6662 1648
19891 2956 2957 11575 3051 1227
19892 3561 447 480 273 6662 11042 196 2303
19893 720 964 1629 1108 157 724
19894 6662 940 6662 6662 6662
19895 6662 1405 7981 338 2188
19896 523 8056 312 935 6565 6662 2189 6662 6662 6662 1277 2906 6662 6662 8805 755
19897 1808 2917 6662 1015 1621
19898 6662 11287 5623 6797
19899 9893 6498 8841 7171
19900 6662 512 1808 5392 6662 312
19901 255 8561 7179 3604
19902 6662 6960 8010 1591
19903 7379 3245 8068 6662 6662
19904 8482 6662 720 6662 6662 6662
19905 6662 10616 928 6662 2155 6702
19906 1546 8485 8871 9180 51
19907 299 5390 8757 8758 6849 3915
19908 6662 10474 5541 7905
19909 5127 4591 195 1717 5009
19910 2442 51 146 147 1792 3076 6662 2187
19911 6662 1062 1001 6662 2059
19912 7049 7207 2198 497
19913 6894 8468 6010 880 3106 4679
19914 1832 51 10301 5014 10834 2369
19915 995 6343 949 6662 6662 410 1107 812 283 6662 1427 6662 158 1396
19916 6662 9164 6662 6662
19917 6662 4445 6662 6662 6662 6662 6662 6662 6662 6662 6662
19918 6662 464 6662 6662 2810
19919 2635 8113 11560 554 4099 875 4081 3945
19920 6662 1620 4592 6662 6662
19921 6662 2420 2060
19922 6662 2303 4166 6662 6662 6662
19923 877 256 2111 256 1393 6662 8721 1666 2367 8813
19924 3957 46 812 1829
19925 6662 994 4638 6662 2366 6662 1210
19926 6662 4088 196 2229 4502 6662 7345
19927 5345 8880 5326 671
19928 595 10168 7957 39 2513
19929 6457 6526 6670 98
19930 6662 1231 949 6662 6662 997 6696 6662
19931 6662 1742 1871 6662 8501
19932 8120 208 6807 2133 6662 6662 348 6662 5875 6662 6662 1418
19933 4695 5536 3771 367 7761
19934 5369 470 7281 8574 11225
19935 334 11809 2570 3281 4322 3535
19936 897 3902 277 5230
19937 326 6662 835 2106 6662 6391
19938 6662 1239 1284 2531 3825 856 9918 6662 562 1627 10135 1086
19939 6741 399 5869 5914 3019
19940 6662 9168 1189 6662 6662 6662 6662 6662 2531 6662 6662 4786
19941 6662 279 6662 6960 4060
19942 6662 4137 6327 6662
19943 6662 1676 4622 6662 1484 6662
19944 6662 731 8876 4333
19945 11852 9031 6662 1321 6662 2395 6662 2531 1855 1856
19946 506 6545 1738 11907 6885
19947 6662 1621 7873 1625
19948 6963 427 6145 4982
19949 6662 3180 6662 6662 3364
19950 6662 5884 6608 2041 8112 4543
19951 3730 504 2203 6662 6647
19952 196 11867 6654 6662
19953 6662 2531 2490 4621 6662 6662
19954 6662 7568 6897 8108 8333 4338 6662
19955 807 6756 807 4717 1372
19956 6662 9164 185 3684
19957 5307 10882 4060 6662 8392
19958 404 4042 5006 6333 199
19959 6662 4088 1062 1740
19960 5445 1602 2988 5759
19961 6662 10532 2046 1887
19962 6662 1123 7380 1060 6662 6662 4269 7490
19963 6662 8718 4265 3183
19964 6662 9623 720 2373
19965 6826 2169 5570 6636
19966 6847 1544 6662 6662 6662 6662 6558
19967 6662 1351 1846
19968 1727 3064 167 6662 2156
19969 6662 51 146 147
19970 6662 9164 2463
19971 9625 9450 343 3127
19972 3957 3372 3447 8456 5196 10596
19973 7338 363 1162 969 6662
19974 9392 3291 83 5890 2786 6662
19975 2337 2513 380 1624
19976 869 7379 10549 732
19977 6662 9222 1091 6662 6662
19978 2919 10825 1825 1017 1586 1703
19979 6662 363 827 6662 6662
