19413 5648 3841 2160 3011 1660
19414 2877 7782 9455 1549
19415 6662 1351 3552 6556
19416 1192 2189 9814
19417 11791 4709 11704 7145
19418 1816 11762 2054 9913 4191
19419 10425 4583 2573 724 4519
19420 6662 1351 4637 5866
19421 1808 2651 6048 3337 6662
19422 7850 196 4021 5534
19423 531 3580 9889 8886 3932
19424 4966 3356 1766 506
19425 6662 5848 10874 2668
19426 9865 2678 3697 4117 6662
19427 1337 10003 4166 8867 6662
19428 4145 7064 5873 7568 6662 6662 2211
19429 1725 1394 2548 11485 419
19430 6662 1304 4575 2664 1519 1429 613 2810 51
19431 3440
19432 2753 5216 230 97 1788 6662 10337
19433 6662 10455 6754 8800
19434
19435 9160 1350 6090 2649 75
19436 7850 1505 953 5029 11857 6662 51
19437 2804 9653 6883 8409
19438 11777 5814 1102 7089 11344 4253
19439 3315 911 1498 1557 273 2551 248
19440 9770 364 3913 444 6662 2567
19441 6662 940 72 586 6662
19442 6662 3905 4559 9600 6662 7745 10415 8286
19443 2419 4831 1187 1186
19444 6662 637 2818 6662 361
19445 3499 350 1737 1461 6662 1449
19446 4861 4163 8112 7631
19447 6100 2459 822 6662 8544 1495
19448 6662 912 3395 553 6662 6662
19449 6808 8972 11527 2570
19450 2931 223 7466 1182 969
19451 1566 1029 1517 6662 3771
19452 2794 9096 8294 9583 8113 6662 1945 6464 6227 756
19453 6662 1062 4269 1856 1160
19454 5359 2053 10573 633 4683 4683 2825 673
19455 6662 5544 1426 6662 1277 930 6662 601 2249
19456 205 3228 1629 4052 11467 2807
19457 7015 8671 7390 3849 1082
19458 4917 10596 2829 8718 4088
19459 10880 8574 33 7389 8123
19460 9508 2150 11477 10219 495 7514 361 7086
19461 7449 8384 4221 9465 11585 11192
19462 6662 5591 1504 555
19463 6662 1738 3931 8347 413 10790 4515
19464 6662 1518 6662 6662 262
19465 8162 3838 3116 6825 395 2810
19466 2238 7398 11612 5531 5040 477
19467 6662 1118 3981 7838
19468 361 7692 8952 7162 6662 2453
19469 3310 4415 5079 6828 954
19470 9591 5355 2982
19471 7317 595 9445 3268
19472 7768 718 159 3375
19473 6662 4908 5878 1830
19474 6662 1050 937 1740 1681 5609 5843
19475 3773 5149 8806 973 6662 1449 6662 2330 2373 939 265
19476 4329 11081 11675 8827 3184
19477
19478 7763 7352 10173 5263 47 6137
19479 6662 1029 1429 209 330 1518 11696 6662 850 6662 196 3758 1006 6662 11848
19480 6439 2277 7852 6948 6897 11419
19481 7077 1295 3227 5741 5423
19482 1733 348 5812 1850
19483 3591 10928 8758 5010 10016 5002
19484 3192 11505 8414 53 6662
19485 5196 5533 10481 4622 6662 1124 196 553
19486 1808 6377 822 6662 1351 1484 6662
19487 6662 1117 1131 562 6662 6662 1427 6662 6662 409
19488 6662 8485 3954 6510
19489 863 1040 4599 3057 1808 6662 2120 9965
19490 2649 8660 515
19491 2459 10679 1000 2228
19492 6662 4458 4620 6662 6662 6662 558
19493 5480 806 6662 1002 1648 1354 7954 4814
19494 5501 452 256 5623 4543
19495 6662 4387 7050 50 279 7230 6662 6621 5233
19496 11143 501 8297 2041 8112 5730 6662 6662 11559
19497 6662 2742 3858 9703
19498 10392 5617 7114 4573 7208 6662 2562 1912
19499 8054 1123 4041 2716 5505 1480
19500 10259 6662 5057 4191 8159 10967
19501 6662 1124 822 6662 2742 254
19502 8400 496 9168 6662 4117 6662 8599
19503 6662 1516 1029 1378 11762 6662 912 6662 2742 9873 2444 1770 1709
19504 2653 9539 2540 4482 1119 79
19505 20 9535 6637 2261 842
19506 5318 3753 7469 1092 5053 3352 497 6319 7018 1203
19507 193 1117 221 9303 10570 1283 210 2491 5900 1458 1008 1024 842 1403
19508 6662 1098 1255 1256 1351 1319
19509 1969 2959 8314 4595 10801
19510 1270 2542 1336 7888
19511 7716
19512 3279 8113 11902 8119 11739 361 1774 8918 2325 2897 6662 2652 1814
19513 9054 1817 1853 6662 928 6662 4665
19514 6662 1495 4621 1450 6662 1620
19515 7069 11381 6587 8652 2174
19516 822 4219 6662 1502 6662 2462
19517 9671 6868 10161 2190 381
19518 4741 3703 3671 11109 2393
19519 2840 10564 2182 6662 11014
19520 10547 5025 2054 7130 5564
19521 1809 1811 6893 6662
19522 573 6842 8100 7121
19523 6662 3001 7145 11397 9055 4283 10697 1716
19524 80 4921 6432 4160 2893 6662
19525 6662 1280 1157 3886 6662 4934 4527
19526 6662 4370 1546 6886 4226 1829
19527 674 10975 11688 1363
19528 6662 2964 9814 4559 2834
19529 6662 4814 6944 1525 6662 8442 5839
19530 3195 5473 3209 11681 2897
19531 142 3604 11793 1035
19532 468 5534 6353 3864
19533 6662 7896 2567 1418 6662 1124 809
19534 6662 6940 635 8152
19535 3193 51 2504 11648 1804 3990
19536 6662 1450 928 6662 10632 4603
19537 11078 3739 10608 3910 9480 6943 854 1647
19538 2270 3745 6515 7325 5487 7331 4768
19539 1979 11724 10136 6303 8092 1445
19540 1028 1543 1724 1738 5741
19541 6662 1124 196 848 5622 1470 1070 1678 4642 6758 2017 5030
19542 4743 2326 4575 6662 7368
19543 36 329 2810 586
19544 2507 3019 2888 361
19545 1853 3357 6662 1061 6662 1450 6662
19546
19547 6791 4819 2571 11763
19548 6662 1351 997 1553
19549 1515 4761 198 827 1894
19550 3649 5124 338 363 2303 6662
19551 6662 8871 9724 896 1028 10090 8780
19552 7248 4765 6069 410 5880 8083
19553 6662 3905 9191 2383
19554 8482 5535 2408 6662
19555 3279 3669 11869
19556 6662 1124 932 156 5880 5609 76
19557 1050 2923 6662 11413
19558 880 10686 9174 6132 5049
19559 3140 8103 5535 6662
19560 6662 5512 2371 5241
19561 6662 1272 338 2393 1166
19562 2255 2150 2344 6252 5198
19563 5775 6373 7524 4922
19564 3170 4934 2009 10415 6662
19565 662 2513 3318 1741 6662 718
19566 6662 4394 5042 1245
19567 6662 2036 10426 72 4219
19568 6662 1154 6662 6662 3910
19569 4144 4862 414 5828 8191 10304 5757
19570 6662 1097 6705 6751 1354 762 940 8818 4685
19571 8814 2798 6465 5864
19572 9185 2690 1584 6116 10966 5534 6662 8332
19573 6662 189 3440 6662 2569
19574 220 2325 1569 6098 4866 4600
19575 8694 8674 8273 9202 4261
19576 3849 1354 2905 1241 793 152
19577
19578
19579 7011 4904 5113 4088 3535 1408 969
19580 1445 2833 8542 4600
19581 852 4638 1367 2727 5889
19582 8372 3017 198 1548 4889 2367 4665 413 1322 613 4907 5885 221 2908 5649 1437 3169 11852 1026 1387 2906 3297
19583 6662 1515 1128 994 8157
19584 6662 5606 7100 3316 3088
19585 662 3858 2389 8224 7692
19586 5262 2173 3865 256
19587 5870 11395 3829 5082
19588 5818 3068 2891 1855 1814
19589 9355 1570 998 412 806
19590 5613 6662 80 51 146 51
19591 6662 3904 6662 7072
19592 4746 7982 613 9523
19593 6662 5741 968 3278 855 1083 816 1655 1148
19594 2742 3004 4482 1119 222
19595 6662 5008 2277 21 11547
19596 3412 6594 9229 4646
19597 7718 7022 1932 1971 3066 1867
19598 6662 1569 932 1394 6662 1494 1003 5875 6662 856 9888 1554 719 1025
19599 6373 8232 11699 2117 2918 670
19600 10852 10459 2270 2202 6662 1278 5862 6757 1351 1326 1616 10086 1006 6454
19601 409 1613 827 1257
19602 582 4919 121 6202
19603 6662 1272 6662 1683
19604 4856 5131 1137 9857
19605 6662 3858 1182 3919 46
19606 6662 208 1365 1319 4656 1194 6662 6662 1006 6662 6086
