19413 5534 5537 5535 5150 8422
19414 3026 8591 10882 2541 10476 11152 2520
19415 503 3613 59 9553 8
19416 2854 10769 10293 10796 9066 498 2954 6544 6277
19417 54 4227 5932 4333 5191 793
19418 51 146 147 148 149
19419 4244 4012 610 8199 3920
19420 8202 6432 1648 2045 5291
19421 5918 2511 11166 5512 3988 7535
19422 4687 673 4281 5442 11457 1008 5650
19423 3241 4080 284 315 245
19424 5240 1036 3964 11923 11922 2976 10179
19425 3315 10061 3268 949
19426 8157 11443 6725 4823 9887
19427 2581 100 7664 8848 7441 11090
19428 3264 4045 7207 4085 9890 9425
19429 8464 8345 7976 11441 3825 1068 157
19430 6410 325 10536 3220 5696 100 6616
19431 622 544 5655 138 5191
19432 1602 11889 8275 3844 10173
19433 524 11415 11416 3782 2212
19434 402 731 2389 3122 4390 1272
19435 2090 1013 4069 8439 11385
19436 9559 3679 9892 1590 8347
19437 4282 3690 2053 1068 7736 10743
19438 4558 5700 4572 5875 806 1461 1394 1716 3009 3899
19439 1602 5423 2563 2771
19440 4247 1235 265 613 2059 7081 5010 11665 8116
19441 9951 1550 2215 10793 799 761
19442 9375 583 485 1378
19443 4382 3995 2221 39 5274 1576 5541 129 10455 9886 11027
19444 3202 4354 6771 1606 7616 461 2570
19445 1521 278 1241 11674 2204
19446 6751 1740 949 1367 1742 1395 3897 1286 974 838 3163 1940
19447 8871 5627 11750 5218 4736 11007
19448 7709 5427 7989 540 9108
19449 1232 4161 1352 1075 8807 1145 1687
19450 115 2242 3902 1573 7238 1036 5700 11583 1184 5861 1317 1713
19451 1546 785 7122 7123 10701
19452 5479 4801 371 5067 11685 11207 2567
19453 9269 4161 5251 4702
19454 8108 997 3835 11545 1373
19455 4056 3646 4502 1509 491 338 7608 7676
19456 6662 10429 1105 1295 4546 964 1442 2491 2729 812
19457 4228 4140 6161 8185 1263
19458 1096 1425 6201 6914 11583 536 4119
19459 1965 459 8006 4323 8356 11711
19460 5000 6603 6723 8738 9694 8122 398 8828 986 1086
19461 3179 1192 997 853 1005 5029 4574 1021 1259 11482
19462 5210 8559 687 11861 6764
19463 3950 9909 10963 1574 3407
19464 4066 3861 11319 9587 494
19465 8238 1337 1382 826 1058
19466 4222 2270 7319 5467 3905 9559 4217 461 10702 1669 117 1512
19467 1727 4646 2572 10140 10884 10825 11703 1708 9074 4560 3835 1293
19468 5337 810 5557 949
19469 4 2742 7694 10815 4327 3924
19470 6976 6014 5814 7615 2668
19471 5914 1496 4908 4219 1758 1748 1022 8825
19472 2601 7038 1919 3184 1185 1416
19473 147 148 1890 2369 8765 8818
19474 1378 6326 3678 935 2200 1497 1233 6319 1385 984
19475 6109 10670 10671 10672 5016 3183 4579 9613 4504 5978 5195 7190 7469 8467 1046 1012
19476 3753 8700 8915 9169 129
19477
19478 7859 2760 7062 129 9442
19479 4163 1277 1381 1365 1442
19480 2110 1597 4584 6705 962 1458 1259 4901 6697 967
19481 3379 7730 11204 1107 1709 2982 8788
19482 3794 11235 10946 9934 2277 8864 3260
19483 3211 7355 10883 93 2687
19484 9027 1538 3842 2165 8617 7921 2919 6218
19485 6873 7513 8841 11501 11478
19486 195 7422 4321 3459 5879 6740
19487 40 5748 3409 6348 854 5666 3101
19488 2458 949 955 1742 9427 1142 1580 224 1362 1234 1605 1059 1226
19489 6515 1502 4902 854 1064 3868
19490 624 10796 4240 6521 4757 6633
19491 9185 10857 317 8805 765
19492 335 2130 8858 11099 1541 7493
19493 8268 11757 10332 4187 9459 9991 35 2817 9912 7609 2183 9902 955 6578 7043 11876
19494 2501 9731 3864 3148 2815 5627 10677 11786 7846 211 2624 709 3877
19495 1546 1511 5037 8965 2652 2241
19496 718 1053 11093 5276 6399
19497 1237 1740 941 1137 80 10183
19498 5457 997 1231 5875 167 1019 1085 1043 1292
19499 6771 9848 2779 11235 1972 11780 11686 11595 6166
19500 4393 4118 11476 10008 854 7086 9062 4103
19501 3440 7237 4289 9053 2137
19502 59 2265 544 3092 2064 4591 2369 3535 296
19503 2036 7975 7976 9465 777 989
19504 2258 7935 6849 7668
19505 5111 3392 850 11254
19506 1602 6877 6876 74 8321 6476 256
19507 3792 3968 3680 3193 171 2279 4348 1447
19508 10146 628 1245 265 4528 2913
19509 4371 2533 7616 2834 6847
19510 1826 10358 10359 6581 5544 671 1954 6517
19511 11736 6274 7814 4166 1730
19512 865 4493 467 6860 4293
19513 5950 3670 2389 339 4912 4280
19514 467 9497 9675 8337
19515 2984 6477 2792 297 3701
19516 3447 3140 5534 5535 6722 4572 1239 4639 1526 963 1655 24 1007 5795 1701 1161 9663 1061 1045 1748 3249 6740 5861 1317
19517 27 4407 34 969 598 40
19518 6437 2736 4216 10163 7632
19519 1727 390 9579 11680 6471 4140 2444 1492
19520 409 1545 1128 2658 912 853 4639 1212 419 1772 6319 647 6262 6897 5150 11788 3940 1214 1476 9185 223 1086
19521 8815 1351 1610 1278 1846 2192 980
19522 5806 5127 1825 8272 4052 93 7535
19523 1725 1532 1742 2202 980 5861 2494
19524 2589 10335 36 361 3984 2569
19525 9106 3986 9360 11527 8826 6518 7201
19526 1278 1065 5570 2572 3163
19527 6568 4027 2504 2888 7217 1624
19528 2255 8222 6143 5604 1101 1532 1321 1277 4907 1644 1215 1941 2018 8804 6641 1661 6464 227 11190 1220 1152 223 1414 5241 11774
19529 4494 4593 1233 10455 11288 2831 2371 7552
19530 601 10467 7760 9699 5606 10966
19531 2459 4608 1240 1256 941 4907 1207 5885 2729 1024
19532 787 7460 7062 4180 971 3519
19533 11464 11465 678 4793 1145
19534 2566 10013 7632 11419 4219 6850 11467 6016
19535 9081 3858 8160 1307 7354 3964 3979 2543 10058
19536 9952 4682 11915 11923 11922 11209 11921
19537 9595 7816 6285 4133 9229
19538 4247 4791 9312 10694 9492 4720 950
19539 9416 1351 3300 5010 4893 2177
19540 1475 281 1321 1281 1053 4896 1358 4756 1489
19541 11540 5959 3523 3303 7634 4600 2293 9591
19542 3298 10080 4993 3983 4334 3384 597
19543
19544 4127 4620 940 1569 951 1118 1709 1310 7265 415 4576 1692 1077 422 1391 2936
19545 4414 4369 2403 8911 11386 4492 5772 687
19546 1157 1304 1481 1306 408 2791 1736 4154 720 2366 1068 2949 3827 5851
19547 1738 1152 5191 3262 699 9012 9244
19548 1695 5276 4191 8120 3869
19549 627 6855 2397 5914 22
19550 3681 628 7509 9361 10863 11832 1226
19551 467 2792 2113 9288 5374 5249 5518 810 8061
19552 308 1496 11737 9185 9380 3670 7647 111 20 8510 4488 47 7409 8269
19553 309 743 5198 1734 9229
19554 2715 2860 5541 3320 1033 415 1217 1703 713
19555 6809 5149 11852 1003 11201 10977 6696 6424 6722 5687 11701
19556 2111 9887 6846 3931 7113 5334 11493
19557 4359 10970 5191 2133 2580 5938
19558 81 3968 7126 684 3981 2022
19559 8005 5040 4927 1231 5988 11921
19560 1909 10167 4812 2991 3337
19561 11051 5044 5938 4095 495 613
19562 5314 146 147 768 3918 265
19563 177 1425 1503 1074 842 842 2982 1914 1712
19564 9600 2718 4301 6037 3980 11697
19565 350 1100 363 1737 5757 610
19566 1265 2664 4608 1240
19567 5514
19568 34 4620 1569 1972 1462 3869 1186 39
19569 4611 2943 9313 11561 5329
19570 8349 5772 7483 5610 5712 3692 4326 4865
19571 369 7088 6102 599 3291 38 311 8333 1287 1026
19572 3685 2175 4391 10007 6753 3979 1647
19573 6111 6721 260 2373 6944
19574 10987 6385 2457 8180 5884 1975 9480 5143 1792 9063
19575 104 1316 3832 1266 3527
19576 7300 3315 2216 2844 6164 1623
19577 2211 8660 1581 4011 1823 6576
19578 1347 6662 7873 1450 10253 1210 5830
19579 631 5782 633 529 5196 12 3649 4706
19580 4690 4186 6032 7212
19581 4159 4733 4004 8225 7826
19582 2378 817 5932 4217 381 3725 71 336 7550
19583 396 9209 7904 7895 8403
19584 5509 1798 256 6167 5488
19585 193 2647 940 745 11022 4890
19586 3752 1062 1098 5879 1501 3963 850 11823 5650 7011
19587 10089 11288 6464 6580 2938 6298 8263 4249
19588 10225 8265 7887 11775 5866 10047
19589 2419 383 4538 7226 4119
19590 8150 9819 1558 8118 811 11422
19591 2019 7734 11467 6168 27
19592 3463 4980 4113 10017 5412 361
19593 5471 3183 2557 3296
19594 9456 1791 6871 7228 279 11868 1019
19595 1523 1049 1483 6498 3911 3381
19596
19597 6662 290 1246 4483 6755 959
19598 10972 6516 4082 9407 8272
19599 11751 3321 2737 7065 414
19600 2428 5026 4483 975 1354 3868
19601 5530 2229 195 4415 11547 72 10696 1625
19602 531 2877 5010 1182 6129
19603 1683 5350 562 51 146
19604 1519 3244 7026 2787 6681 1587 7030 2063 6911 9162 2941 4626
19605 7947 5820 10430 7631 202 1482 9480 5579 1140 4793
19606 10661 11410 11551 4711 7109 6725
