19413 6177 9975 3488
19414 6662 363 4889 6662 6662 806 822 6662 1138
19415 6662 337 912 6662 6662
19416 3289 1191 1306 918 228 265
19417 6662 7568 6283 4162
19418 112 4445 3802 747
19419 3154 9889 2065 8835
19420 4139 1128 1130 6120 8126
19421 3505 2567 3520 6662 6662
19422 6662 363 1053 562 1709
19423 6385 4984 8489 2820
19424 11859 11811 3290 2568
19425 1270 1155 1182 969
19426 5157 9535 10912 1519 2823
19427 6662 4431 1235 338 234
19428 4389 6743 5978 6662 6662 6662
19429 1802 1886 10367 771
19430 732 1894 2986 7982 1953
19431 1825 3091 2378 4544 275
19432 6662 1272 6662 6662 6662
19433 7126 5878 2022 4458 3169
19434 6662 1381 3318 1245
19435 6662 2810 783 9294
19436 2705 518 7803 2413 6662 6662 6662 6662
19437 6662 348 1351 808 11000
19438 6662 6396 9514 5040
19439 6662 5707 4434 2649
19440 6743 5990 552 2211
19441 6662 1568 1066 1231 1232
19442 6662 3412 8871 6662 6662 6662
19443 6662 4993 4996 1048
19444 9797 7739 6912 5042
19445 6662 363 5875 6662 1366 562
19446 5638 3963 9217 1456 2393 1035
19447 6662 720 1548 4621 6662
19448 6662 3964 1123 9672 928
19449 6662 3310 1137 627
19450 11572 11304 6057 6662 6662
19451 2197 6601 4023 2292 9759
19452 10606 10506 6914 4060 6179
19453 3541 5723 72 2931 2668
19454 743 506 3521 6662 6662 6662
19455 4095 6235 2140 7173
19456 4565 885 2623 4686 1062
19457 8481 3192 4144 1703 4855
19458 6662 850 8886 3390
19459 6662 3968 1770 8501
19460 4116 4166 11211 4810 6728 6662
19461 6662 3904 6662 6498 6662
19462 6662 1124 1018 720 6662 413 2367 1573 1521 6696 1240 7553 856 1586 1385 6181 1388
19463 206 11903 4620 9162 6662
19464 6662 338 1484 6662 6662 6662
19465 10721 3864 6815 10008 7970
19466 6785 28 1625 3834
19467 9521 5493 1731 6662 6662 51
19468 909 6499 1180 6662 6662 1569 6662
19469 6864 1099 7904 6662 6662 1354 1770
19470 2914 148 1855
19471 1334 1405 801 6662 1256 348 3903 1455 1448 1568 936 932 935 410 1138
19472 496 852 1594 2868 11152
19473 1441 1031 6662 6172 6662
19474 2584 1545 1676 5742 4907 1573 832 1265 850 11362 38
19475 6662 51 148 149 7157 10670 6662 1156 1889 3866
19476 6662 1272 8655 6662 6662 1272 6662 6662 1427 6662 5191
19477 6662 1072 6780 6662
19478 115 8503 256 5680 1494
19479 1494 1495 38 1133 151
19480 10547 4776 147 9633
19481 6662 618 3150 284 4646
19482 6885 6882 3356 7028 6662
19483 3333 3858 7905 361 5610
19484 6662 1406 198 4458 1550
19485 1276 6662 1516 2188 4192 6662
19486 7336 774 9001 6643
19487 2379 6639 5437 2386
19488 6662 3771 8676 6662
19489 6662 333 7553 6662 6662
19490 3726 4557 11464 8359
19491 6662 9855 11163 6662 6662 2503
19492 6662 10426 8942 11223 1770
19493 6662 1124 6662 5938
19494 2943 5759 6970 10321 1808
19495 427 3561 9826 6993
19496 867 5127 9146 10695
19497 2834 2643 8407 9270
19498 3089 6565 5536 11223 6662 5882 2467
19499 2428 2302 9379 5605 1956
19500 6762 6319 969 717 3192
19501 6662 48 6662 8419
19502 2241 3058 3668 359 329
19503 453 10995 4042 6662 716
19504 4137 6825 10195 1068 659
19505 6175 1124 8117 11419 219 2194 11527
19506 6662 9875 6662 6662 8485
19507 9033 3902 1612 3143 1101 10735 6662 2906 6662
19508 4963 1770 1487
19509 3107 5461 6662 997 1138
19510 831 731 1426 6662 151
19511 2417 2853 7466 1182 969
19512 6662 8872 1546 7675
19513 9596 4422 329 1970 6662 3153 5236
19514 3510 1454 7195 3889
19515 6662 4407 3931 4996
19516 3201 4117 6662 11566
19517 6662 9222 3475
19518 514 338 5276 2047 131
19519 552 9048 10185 7943 6784
19520 4154 5028 1503 1193 1210 6662 9606
19521 6662 198 850 1352 748
19522 1028 1267 6288 7905
19523 5893 5816 10046 1004
19524 4888 6662 1132 512 6662
19525 10169 7801 7815 1114
19526 5066 6405 3974 6662 6662 497
19527 3644 5533 8757 8758 6662 4814
19528 831 3315 5418 6346 6662 6662 918 11817 1533 6662 6662 1351 6346
19529 6662 693 1235 1277 6704 6662
19530 2990 1537 5192 3271 3189
19531 8664 2878 10545
19532 10948 81 3207 994
19533 6662 920 128 6662 10403 7605 3137
19534 6662 359 6662 1245
19535 399 4934 3858 1182 6662 6662 3154 2687 6662 6662 7474
19536 6662 1707 4482 5889
19537 741 969 1182
19538 2372 343 7677 10399
19539 6662 2651 1029 994 4398 1338 6662
19540 8922 9869 1709
19541 1271 4607 6662 6662 6662 1351 826
19542 1887 3400 3381 1944 5342
19543 7165 4682 11919 11848 11770 11920
19544 1358 1709 1589 1813
19545 427 4315 365 6302 6662 553 1124
19546 6826 6704 2540 932
19547 1481 1518 6662 6662 1733 9168
19548 8934 7981 5460 6662 3285 1488 6662
19549 8994 1030 1452 2202 1239 4907
19550 6662 3682 4131 7353
19551 6662 11720 1381 1069 6662 6662 6662 8419
19552 6662 553 586 9201
19553 6662 349 7909
19554 5302 5536 7631 283 6662 1118
19555 6662 940 6662 1118
19556 10614 4818 10565 5430
19557 3315 9374 5610 854 5849 1615 6662 1678 2933 724 1214 1458 1661
19558 6662 9539 7331 6662 9168 211 1101 1573 4000 814
19559 6662 1029 1098 496 6662 6662
19560 943 7976 1846 3341
19561 7642 201 11062 940 7982
19562 2920 968 1726 8972
19563 2211 5492 4984 10274
19564 6662 1118 1449 951
19565 3587 1865 6156 7935 215
19566 4688 6850 6223 4269 1308
19567 6662 8580 6662 1124 4088
19568 11598 3893 6960 4419 414 6033 1355
19569 3913 2648 1546 3664
19570 6331 8619 11527 2570 6615
19571 3308 413 7185 7876
19572 5570 7702 2784 8828 6223
19573 6662 4995 684 1137
19574 5890 877 11045 5302 606
19575 6662 10519 2784 1183 2829
19576 6662 552 5797 6756 2982
19577 6662 4776 4878 1572 6662 940 6662 3913 7094
19578 6662 8969 2248 6636
19579 870 2829 3539 11778 8815
19580 6662 1275 6662 485
19581 564 193 1280 5447 970 502
19582 5145 4416 8471 2553
19583 6662 6274 6662 2764
19584 3192 7430 5690 1913
19585 715 10307 8768 6673 11353 10150 9366
19586 1649 11227 1180 1532
19587 6308 4323 2513 8812 6662 4170
19588 6662 1871 4347 6274
19589 2471 3919 1064 854
19590 7360 6662 367 497 11475
19591 6662 430 2383 115
19592 7749 3931 8347 6063 6662 6662
19593 6662 8240 3999 5827
19594 4365 6957 1203 7067
19595 1068 2504 3192 4426
19596 6662 6169 7479 1970 9621
19597 5361 5382 5382 5367 1782 747
19598 4367 3857 6662 1272 6662
19599 8478 476 3091 3092 3175
19600 6662 10643 355 10078 7410
19601 395 3012 1853 6662
19602 6662 1676 3286 1855
19603 4213 3682 4816 275 6662 6662 6662 10405 3669
19604 369 361 6804 1625 4135 6128
19605 10651 10208 4458 5476
19606 6662 8442 1203 4443
19607 6662 940 1365 6662 6662
19608 6297 7093 6662 4881 3717
19609 2357 4363 6571 6662
19610 4281 720 3828 6699 6662 4673 8805 5584
19611 2616 6942 3356 1864
19612 1276 9513 1053 601
19613 1677 1134 1790 2549 1159
19614 6662 3091 5888
19615 2063 1272 1354 2790
19616 4323 4884 1356 11286 8501
19617 6662 7152 1268 6413
19618 1406 4608 413 330 8114 10652 202
19619 6662 8131 10692 1029 1255 1572 4621
19620 6662 2211 256 4088 544
19621 6662 8442 1602 1511
19622 8190 3279 3280 597 1933
19623 6662 51 146 147
19624 402 1050 1101 6662 209 6662 6662
19625 408 1427 9813 9870 6662 6662 6662 5882
19626 6662 1124 1157 1275 6662 6662 1118
19627 3736 4823 3488 6072 397 6662
19628 6662 1137 7458 9703
19629 3520 112 7600 2614 8830 1354
19630 2913 1495 918 1353 4523 1105 1770 1061
19631 6662 1033 5300 279
19632 6662 928 4467 3834 6662 6662 5240 6662 5882 6662
19633 2616 4175 8920 7788 8740
19634 23 3968 2780 6516 2200 1661
19635 10001 9287 3781 5575
19636 6662 1450 1740 1129 4154 348 6662 6662
19637 4214 1336 6462 6662 7423 6662 1736 1615
19638 30 2408 11643 5829
19639 3692 11059 9937 1330 1703
19640 6662 1377 338 1380 1066 6662
19641 5536 5537 8113 5840 10075
19642 6662 1516 9077 6662 6662 6662 5717
19643 3497 5190 1602 1272 6662
19644 1268 10221 720 918 826 942 1371 1555 6406 2730 11147 11593 1393 6836 6335 10899 4964 5687 4327 1337 2569
19645 6662 363 4863 6662
19646 6665 1250 82 3201 5393
19647 6662 928 2366 1278 5862 1413
19648 7957 2369 8010 2818 9200 1285
19649 8851 11193 4811 51
19650 854 5536 4578 1629 1108
19651 4164 6662 9623 1054
19652 4564 3915 1062 10477 2649
19653 1845 6324 6596 227 5759 3092 11056
19654 174 1060 1718 3911 1443 1032 1573 4008 265
19655 6662 1124 2071 6662 51
19656 174 7079 1511 3037
19657 3209 3354 6763 724 337
19658 6662 2780 9094 4608
19659 7496 4109 6636 7016 3708
19660 6662 1124 1029 9204
19661 6662 1235 6662 6662 6662
19662 6662 3858 256 4326 6662 6662 6662 687
19663 6662 8872 3421 6662 6662 655 1412
19664 10311 536 9444 207 6242 1142
19665 6781 685 10450 3372 128
19666 3679 7168 5412 6662 5623 6662
19667 6662 51 4197 8676
19668 9559 10927 7926
19669 1248 3675 196 1130 9435 5460 8815
19670 1792 1912 1855 3412 4901
19671 6662 6537 4526 1891 900 3094 1677 6662 1124 6662 1061 6662 6662 1723 1307 10211
19672 1548 916 3120 4512 5901 894 5690
19673 5807 1308 10364 9295 960 6662 7336 167
19674 8095 513 10514 7368 7434 7888
19675 6662 2956 10009 5795
19676 6428 7276 6721 2408 6828 8804 8810
19677 6662 685 2450 7446 7389 6662
19678 6662 1124 7368 6662 6662
19679 795 5475 1954 10924
19680 5988 5589 2239 5054 196
19681 3026 1155 9583 10016 1600 6662 6662 7568 6662 778
19682 4137 6662 4191 1118
19683 6662 82 613 1272
19684 2581 8060 8488 4948 6662 5196
19685 3187 8931 5040 1765 8634
19686 10183 631 7632 5534
19687 3924 11915 6846 948 8965 1307 8800
19688 193 196 948 1660 1708 1108 2059 1044 1163
19689 6662 5222 4263 3931
19690 6662 363 2267
19691 4139 851 1480 5981
19692 6445 1505 1666 1052 6662 337 945 4543 158 1151 1214 1233 756
19693 3154 8117 5010 685
19694 5935 10570 965 11436 10456 617 361 2982 3869
19695 5815 1182 46 745
19696 6662 946 6662 6662 6662 2543
19697 1557 1070 11866 6353 1630 1385 1558 811 1044
19698 6662 9927 3968 10027
19699 2317 1450 6662 1553
19700 4934 1519 3845 7362 10021 265
19701 6442 1393 6662 1062 6662 5742 6662
19702 6662 7379 1272 1595 6662 850
19703 233 7763 2229 349 2280
19704 5080 1327 6662 1073
19705 4040 9447 11012 2250 2787 3037
19706 6662 1517 1569 6662 5054
19707 6131 87 6804 8808 9005 1589
19708 9762 1160 361 2504
19709 1956 1905 1814 1817
19710 6662 4814 812 128 6662
19711 2983 3296 326 6662 8419
19712 8833 6662 7368 156 758
19713 6131 6274 1511 627 9104
19714 880 322 9253 3096 1125
19715 6662 1016 9431 11159
19716 3315 1874 1550 6662 6662 1351 731 6662 1191 413 957
19717 6662 928 1066 5127 6662
19718 6586 3701 10579
19719 3086 1338 2939 2817 11874
19720 5590 1095 4731 8621 966
19721 5910 6725 4823 3060
19722 6662 7873 6662 3001
19723 10043 6865 3172 9750
19724 6662 1336 928 939 997 412 1452 4269 158 1742 7217 5040
19725 6662 1621 10307
19726 1808 805 6734 6662 1555 1744
19727 9952 11915 4682 11771 11772 11773
19728 6662 6274 7191 458
19729 6662 9612 5213 1666
19730 6662 3902 6662 2444 6662 601
19731 1347 8868 7928 8273 5528 444
19732 2829 7491 6847 11491 3931 11307
19733 131 4224 9416 554 8059
19734 3720 1409 5762
19735 1123 1272 1450 6662 6662 6662
19736 9669 6662 1535 9091 196 2872 1116 1333
19737 5548 5347 6888 5643 11540 6662
19738 514 6662 1015 4640 2742 6662
19739 6662 6571 4518 6662 6662 6662 6274
19740 7132 2210 6763 6662 252 6454
19741 370 6662 2798 8768
19742 1198 969 5337 8318
19743 4949 461 3977 8092 4891 3330 2169
19744 600 11164 7803 5658 1788
19745 6662 3120 11903 5832 4770 934
19746 6662 1118 1513 6662 1157 1235 6662 6662 6662 8442 6662
19747 531 3885 2423 6662 6662 9290 6662
19748 10073 9539 3097 6662 6662 6662 6662 1210
19749 1912 2156 1790 1905 3966
19750 8643 4986 2248 1024 8062
19751 6662 4550 4740 686
19752 6662 51 628 1307 774
19753 8559 5478 363 3175 3716
19754 7280 6396 6899 10109 4925
19755 1761 1118 4608 997 997 4893
19756 6662 1515 1451 1521 5042
19757 6706 6662 2531 2548 5998 267 1061 6662 1036 8512 7536 3263 979
19758 6662 1789 6662 8423
19759 467 2338 5042 361 5843
19760 6662 6274 4993 9692
19761 6662 717 2504 2504
19762 9760 2807 6616
19763 112 5125 9749 751 3 1989 6662 9685 6662 2562 2048 3253
19764 6662 1897 1494 6662 5882
19765 6662 7687 7492 6095 6662 6662 6968 6662 8442
19766 6662 806 413 1743 851 855 1214
19767 6662 1062 1739 201 1324 359
19768 1646 10066 10938 4572 11109 1525 1065
19769 6662 10158 9692 204 6662
19770 6662 1736 6662 143
19771 6662 1351 6662 6662 720 1107
19772 104 2778 4117 1525 6662 1846
19773 100 1870 1766 3904 4823
19774 6662 7568 5423
19775 6662 193 1406 6662 4777
19776 7452 3588 3835 2787 3220
19777 1810 6662 1272 2693
19778 1696 6662 1136 1612 5392 480 5866 2906 502 1152
19779 1895 6683 8697 6662 6662 6662
19780 2956 2957 822 1808 72
19781 1766 5786 684 6662 413 986
19782 918 338 6705 1075 5888
19783 11011 1910 5393 4208 3928
19784 194 7044 1531 11302 11881
19785 1405 1031 8845 222
19786 274 8103 9443 8113 8740
19787 6662 2860 8135 1039 1044
19788 910 1406 1353 1367 6662 127
19789 5007 4881 1602 1511
