19413 422 8113 8804 11754 8122
19414 6662 6735 2211 6662 6662 6662
19415 6662 5418 6662 6662 6662 6662 6662 6662 6662 6662 6662 6662 6662 6662 6662 6662 6662 6662 6662 6662 6662 6662 6662 6662 6662 6662 6662 6662 6662 6662 6662 6662 6662 6662 6662 6662
19416 4002 2962 2048 8008 11229 9309
19417 6662 9759 5318 6662 6662
19418 2100 6662 6662 6662 6662 6662 6662 6662 6662
19419 6662 9058 6662 6662 6662 6662 6662 6662 6662 6662 6662
19420 6662 6662 6662 6662 6662 6662 6662 6662 6662 6662 6662 6662 6662 6662 6662 6662 6662 6662 6662 6662 6662 6662 6662 6662 6662
19421 8981 246 799 5609
19422 6662 10532 6662 6662 6662 6662 6662 6662
19423 1695 198 6662 6662 6662 6662 6662 6662 6662
19424 6662 3526 6662 6662 6662 6662 6662
19425 6662 464 6662 6662 6662 6662 6662 6662 6662
19426 3797 6662 6662 6662 6662 6662 6662 6662 6662 6662
19427 6071 2142 2804 6662
19428 6662 3999 6662 6662 6662 6662 6662 6662 6662 6662 6662 6662 6662 6662 6662 6662 6662 6662 2339 6662
19429 1472 396 3794 5085
19430 4333 1496 1676 3964
19431 6662 6662 6662 6662 6662 6662 6662 6662 6662 6662 6662 6662 6662 6662 6662 6662 6662 6662 6662 6662 6662 6662 6662 6662 6662
19432 6662 363 6662 6662 6662 6662 6662 6662 6662
19433 6662 718 6662 6662 6662 6662 6662 6662 6662 6662 6662
19434 3028 5757 5736
19435 2508 9289 363 9911 2486
19436 574 6662 1427 6662 6662 6662 6662 6662 6662 6662 6662 6662 6662 6662 6662 6662
19437 81 112 4302 4285 6662 6662 6662 6662 6662
19438 6662 1569 6662 6662 6662 6662 6662 6662 6662
19439 6662 6662 6662 6662 6662 6662 6662 6662 6662 6662 6662 6662
19440 6662 6647 6465
19441 6662 6957 1203 51
19442 6662 6608 1502 6662
19443 6662 2780 7632
19444 6662 692 11869
19445 11189 6266 9886 4900 3091
19446 2716 6662 3905 174 2796
19447 446 8281 2427 2802 6662
19448 10420 10897 4598 3460 1136 1570 1505 1353 4589 748 6897 11765 1214 8788
19449 631 298 11651 8239 10841 6662 6662 6662 1451 6662 7399
19450 6662 6662 6662 6662 6662 6662 6662 6662 6662 6662
19451 8118 7209 5985 7820 4179
19452 6662 3948 6662 6662 6662 6662 6662 6662
19453 4247 7209 8270 6662 6662 6662
19454 6657 1230 5460 6662 6662 6662 6662
19455 6662 6662 6662 6662
19456
19457 6662 1327 6662 6662 6662
19458 514 11675 2110 2139
19459 1061 200 6662 6662 6662 6662 6662 6662 6662 6662 6662 6662 6662 6662 6662 6662 6662 6662 6662
19460 6662 2388 1307 3970 6662
19461 6662 2592 866 256
19462 6662 1354 6662 6662 6662 6662 6662 6662 6662 6662 6662 6662
19463 6662 6662 6662 6662 6662 6662 6662 6662 6662 6662 6662 6662 6662 6662 6662 6662 6662 6662 6662 6662 6662 6662 6662
19464 6662 6662 6662 6662 6662 6662 6662 6662 6662 6662
19465 2874 3084 6662 6662 6662 6662
19466 6662 5707 8815 9229
19467 1334 4173 7351 431
19468 2325 851 6662 6662 6662 6662 6662 6662 6662 6662 6662
19469 6662 1128 6662 6662 6662 6662 6662 6662 6662 6662
19470 5279 7088 673 873 6662 6662 1737 6662 6662 1451 6662 6662 6662 6662 6662 6662 4502 3919 6662 6662 6662 6662 6662 6662 6662 6662 6662 6662 6662 6662
19471 40 544 1727 3647 6662 6662
19472 6662 8587 6944 6662 6662 6662 6662
19473 6662 5645 6662 6662 6662 6662
19474 6662 6662 6662 6662 6662 6662 6662 6662 6662 6662 6662 6662
19475 2742 1496 812 6662
19476 2448 1602 3167 6662 1450 6662 6662
19477 6134 7204 5291 1218 11668
19478 6662 5735 6662 6662 6662 6662 6662 6662
19479 6662 1621 413 7449
19480 6662 552 854 6662 6662 6662 6662 6662
19481 7011 145 970 1357
19482 8084 2041 208 6662
19483 6662 5276 6775 6662 6662 6662 6662 6662 6662 6662 6662 6662 6662 6662 6662
19484 6662 1425 6662 6662 6662 6662 6662 6662 6662 6662 6662 6662 6662 6662 6662 6662 6662 6662 6662
19485 6662 6662 6662 6662
19486 6662 1695 5011
19487 6662 2726 4579 6662 9662 6662 2742 6662 6662 6662 6662 6662 6662 6662 6662 6662 6662 6662 6662 6662 6662 6662 6662 6662 6662 6662 6662 6662 6662 6662 6662 6662 6662 6662 6662 6662 6662 6662 6662 6662 6662 6662 6662 6662 6662
19488 8021 997 6662 6662 6662
19489 8238 6662 6662 6662 6662 6662 6662 6662 6662 6662 6662 6662 6662 6662 6662
19490 6662 6662 6662 6662 6662 6662 6662 6662 6662 6662 6662 6662 2444
19491 10372 3100 10831 7293
19492 3212 3833 8553 4074 6662 562 6662
19493 6662 806 6662 6662 6662 6662
19494 6662 691 1450 6662 6662 6662 6662 6662 6662
19495 6662 7380 2492
19496 6662 911 1018 6662 6662 6662 6662 6662 6662 6662 6662 6662
19497 6662 3931 6662 6662 6662 6662 6662 6662 6662 6662 6662
19498 9972 185 5 6662
19499 6662 6662 6662 6662 6662 6662 6662 6662 6662 6662 6662 6662 6662
19500 7820 5683 6722 6662 6662 6662 6662 6662 6662 6662 4863 6662
19501
19502 9444 4526 812 6662 6662 6662 6662 6662 6662 6662 6662 6662 6662 6662 6662 6662 6662 6662 6662 6662 6662 6662 6662 6662 6662 6662
19503 6662 1272 6662 6662 6662 6662 6662 6662 6662 6662 6662 6662 6662 6662 6662 6662 6662 6662 6662 6662 6662 6388 6662
19504 6662 5240 1066 6662 6662 6662 6662 6662 6662 6662 6662 6662 6662 6662
19505 6662 1405 6662 6662 6662 6662 6662 6662 6662 6662 6662 6662
19506 6662 6662 6662 6662 6662 6662 6662 6662
19507 6662 6662 6662 6662
19508 6662 6662 6662 6662 6662 6662 6662
19509 6662 6662 6662 6662 6662 6662 6662 6662 6662 6662 6662 6662 6662 6662 6662 6662 6662 6662 6662 6662
19510 6662 5028 1069 6662 6662 6662 6662 6662 6662 6662 6662 6662 6662 6662 6662 6662 6662 6662 6662 6662 6662 6662 6662
19511 6662 10166 6662 6662
19512 5388 4006 854 6662 6662 6662 6662 928 6662 6662 6662 6662
19513 6662 6662 6662 6662 6662
19514 3026 2526 853 11037 6662 6662 6662 4126 6662 6662 6662 6662
19515 401 5891 3931 6662 6662
19516 6662 6662 6662 6662 6662 6662 6662 6662 6662 6662
19517 3752 3220 10358 6662 6662 6662 6662 6662 6662 6662 6662 6662 6662 6662 6662 6662
19518 6662 6662 6662 6662 6662 6662 6662
19519 3122 721 3794 525
19520 6662 2531 6662 6662 6662 6662 6662 6662 6662 6662 6662 6662 6662 6662 6662 6662 6662 6662 6662 6662 6662 6662 6662 6662 6662 6662
19521 6662 1494 6662 6662
19522 506 381 6662 6662 6662 6662
19523 6662 5882 9056 6662 6662
19524 6662 6662 6662 6662 6662 6662 6662 6662 6662 6662 6662 6662 6662 6662 6662 6662 6662 6662 6662 6662 6662 6662
19525 852 1405 6662 6662 6662 6662 6662 6662 6662 6662 6662 6662 6662 6662 6662 6662 6662 6662 6662 6662 6662 6662 6662 6662
19526 1454 5220 10041 7058 6662
19527 1053 928 853 330 6662 6662 806 6662 1678 5233 47 4554 6662 2932
19528 6662 6662 6662 6662 6662 6662 6662 6662 6662 6662 6662 6662 6662 6662 6662 6662
19529 6662 6662 23 6662
19530 6662 1494 6662 6662 6662 6662 6662 6662 6662 6662 6662 6662 6662 6662 6662 6662 6662 6662
19531 6662 6662 6662 6662 6662 6662 6662 6662 6662 6662 6662
19532 6662 7455 6662 6662 6662 6662 6662 6662 6662 6662 6662 6662 6662 6662 6662 6662 6662 6662 6662 6662 6662 6662 6662 6662 6662 6662 6662 6662 6662 6662 6662 6662 6662
19533 6662 6662 6662 6662 6662 6662 962
19534 6662 6662 6662 6662 6662 6662
19535 531 9076 1574 7935 3819
19536 6662 6662 6662 6662 6662 6662 6662 6662
19537
19538 6662 6306 6662 6662 6662 6662 6662
19539 26 3858 1182 2231 6662 6662 6662 6662 6662 6662 6662 6662
19540 4857 6662 363 6662
19541 9823 3062 7943 6662 6662 6662 6662
19542 1129 4320 1298
19543 459 1755 6662 6662 1723 854 6662 6662 6662 6662 6662
19544 6657 8581 7820 171
19545 3905 3408 10968 6662 6662 6662 6662
19546 6662 6662 6662 6662 6662 6662 6662 6662 6662 6662 6662 6662 6662 6662 6662 6662 6662 6662 6662 6662 6662 6662 6662 6662 6662 6662
19547
19548 6662 3905 6662 6662 6662 6662 6662 6662 6662 6662 558
19549 6662 6342 6662 6662 6662 6662 6662 6662 6662
19550 4313 8815 3283 6662 6662 6662 6662
19551 6662 3011 6662 6662 6662 6662 6662 6662 6662 6662 6662 6662 6662 6662 6662 6662 6662 6662 6662 6662 6662 6662 6662 6662 6662 6662 6662 6662 6662 6662 6662 6662 6662 6662
19552 6662 6274 6662 6662 6662 6662
19553 6662 6662 6662 6662
19554 6662 6662 6662 6662 6662 6662
19555 2919 9463 3784 275 6662 6662 6662 6662 6662 6662 6662 6662
19556 10089 3723 361 10117 2215
19557 6662 1306 1352 6662 6662 6662 6662 6662 6662 6662 6662 6662 6662 6662 6662 6662
19558 6662 6662 6662 6662 6662 6662 6662 6662 6662 6662
19559 6662 410 6662 6662 6662 6662
19560 6662 11604 6662 6662 6662 6662 6662 6662 6662 6662 6662 5848 6662 7378 6960
19561 5076
19562 6662 6662 6662 6662 6662 6662
19563 6662 6662 6662 6662 6662 6662 6662
19564 6493 6662 6662 6662 6662 6662
19565 2724 5046 4293 11468 793
19566 7511 72 4357 7366
19567 6662 410 6662 1427 6662 6662 6662 329 6662 6662 6662 6662 6662 6662
19568
19569 3686 27 1405 6662 7720 6662 6662
19570 8783 10038
19571 6662 940 6662 6662 6662 6662 6662 6662 6662 6662 6662 6662
19572 6662 6033 8542 6662 6662 6662 6662 6662 1677 6662 6662 6662
19573 6662 6662 6662 6662 6662 6662 6662 6662 6662 6662 6662
19574 6662 3167 337
19575 6662 51 146 147
19576 6662 1239 6553 5028 9452 6662 6662 6662 6662 6662 6662 6662 6662 2513 6662 6662 6662 3999 6662 9589
19577 6662 6662 6662 6662 6662 6662 6662 6662
19578 6662 2764 2562 6662 6662 6662 6662 6662 6662 6662 6662 6662 6662 6662 6662 6662 6662 6662 3245 6662 6662 6662 6662 6662
19579 196 803 9323 6662 11867 6662 6662 6662 6662 6662 6662 6662
19580 6662 6662 6662 6662
19581 6058 11684 34 6464
19582 6968 2672 6662 6662 6662 6662 6662 6662 6662 6662 6662 6662 6662 6662 6662 6662 6662 6662 6662 6662 6662 6662 6662 6662 6662 6662 6662 6662 6662 6662 6662 6662 6662 6662 6662 6662 6662 6662 6662 6662 6662 6662 6662 6662 6662 6662 6662 6662 6662 6662
19583 6662 691 6662 6662 6662 6662 6662 6662 6662 6662 6662 6662
19584 6662 1124 6662 6662 6662 6662 6662 6662
19585 6662 6662 6662 6662 6662 6662 6662 6662
19586 6662 6662 6662 6662 6662 6662 6662 6662 6662 6662
19587 8676 6662 6662 6662 6662 6662 6662 6662
19588 3905 1505 6662 2932 6662 6662
19589 6662 1569 6662 6662 6662
19590 6662 1354 6662 6662 6662 6662 6662 6662 6662 6662 6662 6662 6662 6662 6662 6662 6662 6662 6662 6662 6662 6662 6662
19591 6662 363 6662 6662 6662 6662 6662 6662
19592 6662 6662 6662 6662 6662 6662
19593 2779 6590 6662 6662 6662 6662 6662 6662 6662 6662 6662 6662 6662 6662 6662 6662 6662 6662 6662 6662 6662
19594 6662 485 6662 6662 6662 6662 6662
19595 9595 9712 1643 8347
19596 6662 1118 6662 6662 6662 6662 6662 6662 6662 6662 6662 6662 6662 6662
19597 2437 1182 46 969 6662
19598 4696 6039 8886 6662 11677 10825
19599 6662 5573 6346 6662 6662 6662
19600 6662 354 6662 6662 6662
19601 6662 6662 6662 6662 6662 6662 6662
19602 6662 718 6662 6662
19603 6662 6662 6662 6662 6662
19604 3292 10014 5028 3918 46
19605 6662 51 51 146
19606 2524 2450 1830 8828 1914
