22364 6978 6901 2852 1622 1494
22365 4146 1788 2828 8567 1350 709
22366 879 1164 8861 1265 707 931 2898 5401 5385 392 392 393 2578 943 1846 6603
22367 6041 279 8348 9690 302 4606 309 11249
22368 4368 2049 4134 2844 636 8734
22369 3589 5312 763 908 912 921 924 385 386 3061 937 3754 9781 1232 1071 1232 2895 433 8273
22370 4460 378 910 1169 1055
22371 9726 2010 301 309 3414 25 11022
22372 4156 187 11763 11764 10942 10942 6372 9245
22373 271 11321 301 302 3880 293 11258
22374 2128 6000 9637 9545 2172
22375 11762 11763 3529 5692 3854 4722 819
22376 3060 911 1978 4801
22377 8127 9179 10565 9102
22378 7201 8229 6092 10628 382 1978
22379 3131 379 919 1781 815
22380 8648 670 9046 2910 6463 5595 5595 6464 9744 12061 6287 6684 10607 939 1078
22381 1219 1816 1935 2503 75
22382 10316 2325 10505 1135 558 3280
22383 24 731 95 8713 572
22384 8797 621 8609 2248 8286
22385 8704 6311 11432 11766 11766 1996
22386 2165 9809 1069 6017 1334 1479 307 2210
22387 95 4609 775 9613 5331 4337
22388 4873 1743 1035 1156 3273 3683 3868 1829 693 1156 775 5063 5265 700 812 7572 8278 3874 5783 4801 821
22389 1461 5192 7516 2215 93 11751 4153 8362 1979
22390 2166 790 10145 44 24 6414 3414 11406 10224 3750 3410
22391 301 287 6633 7280 3024 10222
22392 9780 1269 6068 924 1172 764 927
22393 4229 11365 2467 10018 293 9345 2622 8185 2507
22394 5063 879 1172 2537 1171 7689
22395 3835 8613 684 5550 4703
22396 10019 2958 863 6634 173
22397 11550 8784 6790 4122 2747 2748
22398 6528 4077 10279 8132 2185 9710
22399 8930 3656 670 302 309
22400 370 9003 3024 298
22401 7869 11712 2430 11414 7720 1342 3010
22402 9470 3685 2168 10453 5316 713
22403 6085 2505 4227 422 10935 8358
22404 2454 12 7745 2728 6558 8181 3105
22405 1149 7786 6883 10573 3947 3164 389
22406 6463 4848 1174 1056 764 820 770 6603
22407 1249 6099 337 1913 2049 1797
22408 1755 3273 1310 3274 1808 2896 3278
22409 8317 3925 408 744 341 860 725
22410 5531 8370 9480 3388 8728 8368 10008 12078 2517 381 382 1978 11151
22411 8317 7365 1130 735 3795
22412 1993 7519 4607 862 8335
22413 835 3561 10682 1859 8874
22414 4626 3971 11480 10626 1683 10263 7923 3024 7591 7280 11268 7842 1882
22415 754 3197 2397 3279 717
22416 10594 5470 406 8603 5033 588
22417 5055 4716 1171 2890 2890 4767 4256 8071
22418 10603 11626 3645 3025 9744 1422
22419 7834 2174 1667 3639 4201 6394 5138
22420 6504 685 572 3737 12034 10303
22421 554 284 296 6722 10265 11407
22422 1193 5190 5205 2644 8016
22423 3763 4532 10801 679 3140
22424 1211 3395 9962 6097 1336 5095 1954
22425 5195 8024 3592 926 1066 3753 1303
22426 11947 5724 11572 2860 11575 10223 4635 28
22427 7818 3110 4586 1076 394 398 882 3806
22428 3440 3875 6455 11842 983 3442 1354 1898 7193 1858 301 2677 1694
22429 539 1784 10323 11828
22430 3219 3833 2168 3433 4949
22431 169 1240 7064 2767
22432 5951 10708 8555 6283 7327 8051
22433 2563 44 13 911 2870 2505 7013 6007
22434 3112 11685 1746 115 5213 5433
22435 2577 9371 8278 4801 1073 5401
22436 95 4685 253 11710 9125 943
22437 8247 1121 2659 11230 118
22438 301 2678 269 3290 2725
22439 105 11389 4110 119 563 8467 3457 6539
22440 301 302 6461 6414 293
22441 7612 10218 7846 1468 2630
22442 8358 12060 1925 6379 988 2080
22443 287 11001 293 5228 11575 6831 7843 863 4241
22444 11898 7060 9922 3492 1892 410
22445 302 1363 2051 11700 10410 7591
22446 7470 4461 286 7527 9998 2451 1356
22447 1460 51 5840 9691 9102
22448 3610 4226 8475 4271 7277 7318
22449 1121 3432 1859 5727 1351 1299
22450 13 7843 11788 1348 298
22451 775 1098 1411 1775 6552
22452 5923 11868 10762 3986 6427 5611 3700 7328 745
22453 7140 895 10755 7931 2397
22454 508 5658 2126 2666 8861
22455 21 10590 5190 2316 3821 43
22456 9273 9589 508 6663 7352 11953 5568
22457 2863 9470 695 696 1775 882 1265 1265
22458 1094 1206 1362 2713 559 1994 1482
22459 2490 5294 8637 4135 583
22460 2889 4785 1780 1062 1841 5382 6603
22461 3048 1708 2546 4982 3911 2759 8646
22462 7143 11550 12048 296 6642
22463 8494 796 10050 2661 271 5843
22464 1007 11273 2597 1537 1874 2341 4446
22465 588 693 696 700 812 5884 1176
22466 10013 279 302 11967 9919 30 11591 3411
22467 3317 2686 2316 2863 3489 4060 10288
22468 3637 8149 211 9350 5414 9683
22469 11034 9457 6477 3352 3897
22470 1789 6322 11337 7842 2010 301 5843
22471 7655 5280 4217 3616 6824 10153
22472 10459 2056 5402 10101
22473 279 744 2918 6084 301 309
22474 8819 7795 8563 10017 7786 11699 8458 2880 7015
22475 834 670 11379 1585 6626
22476 2799 10426 7552 790 1723
22477 6202 1608 10860 337 7704
22478 6161 6653
22479 689 2490 4622 3845 5527 8785
22480 278 287 11550 8376 302 6686
22481 5119 1115 279 7747 128
22482 8425 2349 377 7089 1838 1211 8416 772
22483 3890 4579 11944 11179 7114 80 8026 1334
22484 2128 12095 726 9637 7055
22485 3410 2010 296 3859 11327
22486 5 136 1165 3060 5706 1974 3851 760 6068 1269
22487 10260 8367 6556 5487 2467 2467 3295 10829
22488 9593 5190 8859 8650 6330 790 1903 7055
22489 2563 4809 37 1479 1350 4970
22490 9157 9620 279 302 4115 287 302 4606 1585
22491 8339 1201 2944 11268 2726
22492 1409 2442 9804 72 3137
22493 6629 3656 3066 11127 10654 12061 9744 6687 1416
22494 1697 4097 796 1926 1098 4218
22495 8079 5843 8588 9884 7060 11965 858
22496 4778 6088 2915 5169 7605 8495
22497 6738 1354 278 10018 302 2645 2335 301
22498 7040 7516 11578 2238 11749 107
22499 162 548 11723 3703 5120 1364
22500 11129 278 128 296 9508 11044 6561
22501 5001 985 4687 7591 11083 10625
22502 1122 494 153 2931 4676
22503 2901 1117 2162 5706 1205
22504 10835 6895 24 6409 11406 12073 8457 6030 8195 1842 1843 400 4768 3548 4801 122 5514 1984 771 4814 1841 8278
22505 3903 2459 3508 6954 6602 922 705 2573 1983
22506 2030 10426 7009 10895 8996 5764 11916 12002 2685
22507 8735 4822 1743 5626 4430 775
22508 985 11679 11296 9519 6348
22509 2775 7611 3292 8338 974 2136
22510 9866 6635 3024 293 5711 296
22511 6469 4445 3286 11559 2690
22512 4156 2767 1836 5291 1954 503
22513 11300 2042 2012 4780 287 12039 2010
22514 6629 6630 11550 10311 2010 5402 7843 3024 5754 8380
22515 5374 912 761 1232 386 2578 5401 4768 4786 3280
22516 11838 9502 6810 337 2144
22517 834 670 6436 5207 10343 3887 11976 2837 7166 6493 11702 1075 816 1986
22518 203 4428 3000 4794 1955
22519 8096 1765 7925 10833 10555 309
22520 1388 2550 6415 848 9642
22521 1211 8056 9730 6632 3293 7842 2467
22522 3014 1034 7516 2793 1933 3153
22523 3685 366 6281 1310 7399 6709 757 6282 705 1978 5384
22524 4020 11998 7836 10017 10018 7847 5402
22525 3130 3131 5783 1151 4528 1982
22526 6493 278 8887 855 1487 4719
22527 509 3204 2040 2246 1857 8595 1034 8201
22528 4864 830 2856 10838 9948 305 9485
22529 1691 1868 1468 7220 598
22530 5101 1229 1590 588 775 7991
22531 1224 5569 1167 5376 5027 5644 8208
22532 9420 106 1795 1207 2628 723
22533 7789 301 11591 279 302 1706
22534 1477 2201 3225 2617 3562 2984 4610
22535 7835 7829 3967 8887 5772 10358
22536 270 1683 11199 934 1238 3436 1126 1764 2676 9665 650 1266 3994 1368 3580 6901 1716 9929 2253
22537 9728 6638 2678 301 6404
22538 103 281 11109 3293 7985
22539 6763 9791 10416 8657 7277 7475
22540 9290 10412 3104 6845 11134 6732 2188
22541 2316 775 8286 6915 2664 8997 1363 7767
22542 146 2975 6633 6629 11798 1081
22543 3365 7808 4289 2623 7767 6229
22544 301 4205 278 10217 10726 12006 3854
22545 442 7335 10410 11915 5587
22546 2934 671 10205 10577 1205 1625
22547 5165 975 6369 4636 297 8785
22548 5789 1475 105 1272 4836
22549 24 279 302 279 296 12039 6642 7008
22550 3868 366 6030 1302 943 392 5401 8071
22551 5504 5598 4938 1098 8887 6943
22552 1553 775 251 7622 6236
22553 3656 670 5649 227 5491
22554 9103 4376 9933 9934 10907 10908 10907 675
22555 3787 7704 3775 1853 272
22556 5352 9247 59 510 888 29 269 1080 302 1779
22557 4634 7477 3095 6810 6957 1046 1935 7315 3549
22558 3367 11353 256 1797 8437 7024 1356
22559 3800 5310 6580 8861 1118
22560 8734 12093 5777 6077 5260 3319
22561 3672 551 6800 5219 924 3700 969 178 8532 813 3981 2899
22562 301 2623 11428 302 4606 5536
22563 5311 5312 763 2875 1812 2745 4814 1836 395
22564 2765 357 7284 7912 10250 95 3415
22565 11638 3328 5854 609 799 10697 10501
22566 6439 4064 11788 9934 9931 10907 7178
22567 11186 1540 1270 10025 8626 6371 1906
22568 10613 24 1406 4255 1642 4452 5527 12026
22569 671 6436 253 2051 10510 11989
22570 10123 1362 11614 8074 2984 4621 956 3021 72 6042 5412
22571 1098 1755 693 906 371 1269 383 704 1978 1977 1982 5384 772 4814
22572 2678 9620 279 9876 11610 9018
22573 203 2034 8140 1706
22574 2691 4937 1565 11136 7164
22575 7169 1342 3818 2405 10976
22576 341 856 3440 281 4089
22577 1997 279 279 8378 11973 11969 5854 8990 5230 6787 12060
22578 729 715 764 7506 4768 400 401 816 817
22579 834 2353 12014 302 11379 4491
22580 7708 7087 6632 8004 6534
22581 9002 1865 9499 10798 11632 1841 7957 389 4282
22582 1606 5432 636 1691 3747 573
22583 2031 5005 7527 1521 5452 898
22584 721 5395 6943 3967 752 1411 757 918 956
22585 10199 5063 6436 1363 2051
22586 3721 1975 7899 444 6246 9015 39
