22364 8168 52 8887 8887 8887 8887 8887 8887
22365 10399 301 8887 8887 8887 8887 8887 8887 8887 8887
22366 2834 3741 2056 11129 8887
22367 887 4269 3131 701 812 3131 1163 1777 1232
22368 571 4409 9916 7624 653
22369 6365 1112 1767 5550 1618 8887 8887 170
22370 3834 8887 8887 2466 8082 8887 8887 8887
22371 9861 8887 8887 8887 8887 8887 8887 8887 278 8887
22372 8887 8887 8887 8887 8887 8887 8887 8887 8887
22373 5374 8887 11112 716 3704
22374 6799 493 8530 1977 2361 1312 1812 3753 1981 395 3063
22375 4448 1775 917 919 2578 3692 3428 5384 5382 2638
22376 7393 861 10344 6403 12068 11700
22377 10233 3834 6761 1590 5647 9520
22378 5311 3746 956 8887 8887 8887 759 1780 3277 6068 1977 1978 8887
22379 675 1760 7828 992 9357 1187 1776 3431 9173
22380 1098 1311 704 8887 8887 8887 8887 8887 3130 812 8887 963
22381 287 8896 8887 8887 8887 8887 6633
22382 9239 5278 6099 11569 8181 7767 279
22383 8860 3628 8887 10433
22384 12037 8887 8887 8887 8887 8887 8887 8887 8887 8887 8887
22385 7760 9033 6894 6410 7040 7013 9356 4379
22386 370 368 8887 813 921 906 1412 372 3505 1780 3516 703 1978 8887 1232 7279 3695 961
22387 4878 8887 170 6024 8190 1027 5813 5676
22388 6462 28 2049 8887 8887
22389 8183 2504 8297 2159 1996 854 6125 3112 4043 9122 5912
22390 8654 8887 8887 8887 8887 8887 8887 8887 8887 8887
22391 112 2645 104 8887 8887 8887
22392 3100 5181 5195 3632 1976
22393 20 8887 8887 8887 8887 8887 8887 8887
22394 2485 489 12072 5357 4838 10401
22395 10233 4809 10072 445 3532
22396 10394 3932 2611 4764 5006 5682 9362 5469
22397 714 690 8887 8887 8887 8887 10316
22398 10747 2883 3023 2690 9744 4289
22399 6567 1872 11694 2289 2688 567 1441
22400 1303 379 7308 8887 8887 8887 295 4545 1534 2686
22401 8166 6463 8846 3023 6466 3548 3549 821 12055
22402 6500 6465 5409 6463 10747 3023 3021 3025 3548 3549 9744 3550
22403 7292 4959 1238 4166 3061 4775
22404 4884 4073 2525 3023 1201 3432 3276
22405 5234 3414 8887 8887 8887 8887 8887 8887 8887
22406 5695 11341 103 1766 13 5830 11379 28
22407 3729 30 8887 8887 8887 8887 8887 8887
22408 7910 7104 3267 9019 998 8887 8887 8887
22409 6465 1078 3028
22410 4206 6083 765 867 191
22411 3290 7845 8253 249 6957 6354
22412 169 849 8887 8887 8887 8887 8887 8887
22413 6533 10855 8887 8887 8887 8887 8887 13 8887
22414 796 8951 1693 1693 493 4707 410 775 8685
22415 283 8622 95 8887 8887 8887 8887 8887
22416 10001 3723 3892 4277 856 700 1163 8873 2563 940
22417 11272 5849 834 6410 6621 5002 1475
22418 7060 8376 1396 4718 10947 5227 3556
22419 10652 2774 4909 1351 4068 11193
22420 13 11002 6644 10071 9128 844 673 675 11326 10325 11758 8378 92
22421 7601 1186 867 8887 8887 8887 8887 575
22422 588 37 8887 8887 8887 8887 8887 8887
22423 7886 1006 1452 2726 1116 35
22424 4755 11550 9806 8887 8887 8887 8887 8887 8887 8887
22425 10478 2886 5359 1674 212 4120
22426 812 3515 818 6711 8887
22427 4104 10628 8887 8887 8887 8887
22428 653 12079 1238 11812 653 9332 2019 9134
22429 4596 302 14 8769 778 11200
22430 7226 6989 9775 7764 2602
22431 4571 1173 8887 8887 8887 8887 8887 8887 8887 8887 8887 8887 8887 8887 8887 8887 8887 8887 8887 8887 8887
22432 5007 8285 8446 8887 8887 8887 8887 8887 8887 8887 8887
22433 1292 484 5067 3115 2452 5830
22434 4809 8887 8887 8887 8887 8887 8887 8887 8887 8887 8887 8887
22435 3967 8887 2051 9046 6465
22436 10739 87 8887 8887 8887 8887 8887 279 8887
22437 9486 1400 4105 9761 4181
22438 8887 8887 8887 8887 8887 296 8887 8887 8887 8887 8887 8887 21
22439 127 1384 1396 9438 122 3916 1073 387
22440 707 767 8887 8887 8887 8887 8887 8887 8887 8887
22441 6000 2033 10861 9774 775
22442 271 4094 2044 6649 8887 8887 8887
22443 366 8887 8887 8887 8887 8887 8887 8887 8887
22444 6270 10517 1068 3310 8887 8887 8887 8887 8887 8887 8887 8887 416
22445 1303 3274 3753 816 1982 402 2898 953 773
22446 9975 8728 11644 7560 10873 1013
22447 1900 296 8887 8887 8887 8887 8887 8887
22448 7943 6183 5652 6195 11735
22449 1359 2921 103 4630 1612 3170
22450 1501 4119 2130 617 2901 10510
22451 5353 8887 8887 8887 8887 8887 8887 8887 8887 8887
22452 4980 693 1387 1275 910 8887 8887 380 1223 8887 372 373 8887 8887 8887 8887 8887
22453 3669 102 5687 1882 1691 5586 1413
22454 5594 5715 10343 863 8887 8887 8887 8887 8887 8887 8887 8887
22455 1361 2454 1089 648 1465
22456 2080 775 5063 8887 8887 8887 8887 8887 8887 8887 1683 8887 8887 8887 8887 6172
22457 2678 8887 8887 8887 8887 8887 8887 8887 1638
22458 3948 6409 8887 8887 8887 8887 8887 8887 8887 8887
22459 755 572 7767 3105 128 3471
22460 6638 8887 8887 8887 8887 8887 8887 8887 8887 8887 8887 8887 302 855 11470
22461 1098 8887 8887 8887 8887 8887 8887
22462 790 1292 6887 105 2500 11106 6000
22463 301 789 8463 8887 8887 8887 8887 8887
22464 11349 11030 8887 8887 8887 8887 8887 8887 8887 8887 8887
22465 8582 8397 24 296 2061 12030
22466 4642 6506 6643 8887 8887 8887 295 8887
22467 8179 8887 8887 8887 8887 8887 11022 11953
22468 796 5057 11681 9638 3673
22469 8887 8887 8887 8887 8887 8887 8887 8887 8887 11423 8887
22470 301 10833 11550 302 8887 8887 8887 8887 8887 8887
22471 9339 9775 302 11967 11274 11932 8887 279
22472 699 8887 8887 8887 8887 8887 8887 8887 8887
22473 7627 279 8887 8887 8887 8887 8887 8887 8887 8887 8887 8887 8887 8887 8887 8887 8887
22474 929 8459 9345 8887 8887 8887 8887 8887 5843
22475 2681 6091 8887 8887 8887 8887 8887 8887 293 1779
22476 11463 1439 3974 1881 386 119 1224 371 6229 1849
22477 7746 8388 8887 8887 8887 8887 8887 8887 8887 908
22478 6311 1345 1428 4201 3746 3312
22479 6463 3021 1079 1078 1023 3021 1416 1078 6463 11754 6466 10487 5387 10487 939 821 1417
22480 278 8887 8887 8887 8887 8887 8887 8887 8887 8887 8887 8887 8887 8887 8887 8887 8887
22481 4258 8887 8887 8887 8887 8887 8887 8887 8887 8887 8887
22482 3821 8381 7915 9901 6351 5047 4276
22483 11888 7207 9146 3571 4048 1859
22484 10287 378 8887 8887 8887 8887
22485 3017 6465 3548 9744 3025 10607
22486 1216 567 1034 1872 7105 2591
22487 3290 11478 8887 8887 8887 8887 8887 8887
22488 7757 1415 11863 10628 12041 6165 6686
22489 507 93 1303 8170 3983
22490 1276 8887 3292 11417 8887
22491 613 8887 8887 8887 8887 8887 8887 8887 8887 8887 8887
22492 301 302 8887 8887 8887 8887
22493 8994 736 2601 4059 832 11463 8
22494 6327 8887 8887 10018 11759 8887 8887 8887 8887 8887 8887 8887
22495 301 279 8887 8887 8887 8887 8887 8887 8887 8887 8887
22496 2880 1408 8264 11712 1811
22497 1962 5374 8887 8887 8887 8887
22498 687 3133 8887 8887 8887 8887 8887 1974 8887
22499 146 11005 8887 8887 8887 8887 8887 8887 8887 8887 8887
22500 9785 7359 775 10728
22501 5433 8887 11746 195 11609 10344 6414
22502 5820 10411 1521 181 2699
22503 95 8887 8887 8887 8887 8887 8887 8887 8887 8887
22504 4063 929 10747 8887 8887 3238 8846
22505 1035 9962 301 11478 8887 8887 8887 8887 8887 8887 8887 8887 8887 5409
22506 8439 2398 8887 8887 8887 8887 8887 8887 8887 8887
22507 2090 8887 8887 8887 8887 8887 8887 8887 8887 8887 8887
22508 1569 2476 8887 8887 8887 8887 8887 8887 8887 8887
22509 9697 2639 3813 1947 7434 8887 8887 8887
22510 8887 8887 8887 8887 8887 8887 8887 8887 8887 8887 8887 8887 8887 8887
22511 7129 9514 2654 21 11997
22512 5299 4105 5494 1066 5625 1098 931 4166
22513 11898 5278 9751 8887 8887 8887 8887 8887 455
22514 3411 6322 8887 8887 8887 8887 8887 8887
22515 1666 2856 303 293 5843 11700
22516 8650 9452 8887 8887 8887 8887
22517 2088 1591 4205 6830 2191 992
22518 1093 7997 8887 8887 8887 8887 8887 8887 8887 8887 8887 8887 84
22519 1351 11447 278 8887 8887 8887 8887 8887 8887
22520 525 4059 9042 2453 528
22521 3417 5569 6266 3753 5925 1786
22522 5198 3682 5265 8887 927 5313 8887 8887 1175 1265 2361 5610 1269 761 1982
22523 6878 5263 4002 1457 1463 11258
22524 444 1491 1663 2133 326 1767 2650
22525 4623 8096 11127 8887 8887 9305
22526 620 2654 8887 8887 8887 8887 8887 1780
22527 9294 775 95 1034 8887 8887 8887 8887 8887 8887
22528 1863 8887 8887 8887 8887 8887 8887 8887 8887
22529 4899 3545 9744 1079 3023 3539 6466 3548 9744
22530 2611 4592 266 4797 8887 8887
22531 168 24 5860 8887 8887 8887 8887
22532 1138 90 4281 295 8887 8887
22533 834 6624 671 6436 1363 8887 8887 8887 8887
22534 3823 37 267 46 4258
22535 5265 1222 9150 5379 1075 4768 392 393 2899 398 399 4528 2898 9744 1849 8886 1851
22536 10642 11636 8288 12076 2284 1262
22537 11171 8887 8887 8887 8887 8887 8887 8887 8887 8887 8887
22538 3967 8887 8887 8887 8887 8887 8887 8887 8887 8887 8887 8887 5843
22539 271 10272 6550 8887 8887 8887 8887 8887
22540 9666 8887 8887 8887 8887 8887 8887 8887 8887 8887 8887 8887
22541 834 670 10343 8887 8887 10443
22542 3565 8887 8887 8887 8887 8887 8887 8887 2036
22543 1098 6281 8887 8887 8887 8887 8887 8887 8887
22544 2069 9406 10270 689 1277
22545 1926 8879 95 8887 8887 8887 2049
22546 657 5260 1691 4939 7826 1663 10212 3514 984
22547 5245 969 9708 9657 1068
22548 1351 2834 8843 24 1880 11425
22549 8372 1108 9553 9459 542
22550 4674 670 8461 8887 8887 8887 8887 8887 8887
22551 1498 3055 1670 10410 2462 8887
22552 8703 8887 8887 8887 8887 8887 8887 8887 8887 8887 8887 8887 8887 8887 8887 8887 8887 8887
22553 8183 4685 2520 346 8887 8887 8887 8887 8887 8887 8887 8887 8887 8197 699
22554 1098 95 8887 8887 8887 8887 8887 8887 8887 8887 8887 8887
22555 9542 2686 1089 7858 1649 13
22556 2281 343 4288 1499 88 844
22557 1753 8887 8887 8887 8887 8887 8887 8887 8887 8887 8887 8887
22558 539 522 1187 10105 3917
22559 6924 8887 8887 8887 8887 8887 8887 8887 8887
22560 444 13 296 8887 8887 8887
22561 8742 4409 103 146 1468 8887 8887 296
22562 301 302 8887 8887 8887
22563 670 11736 6646 1516 278 8887 8887 8887 8887
22564 176 11919 4080 8649 3324 1349 2431 8587 5278 7925 11294
22565 3637 7122 7806 3271 1252
22566 7930 6699 3274 8887 8887 8887 8887 8887 8887
22567 1964 10109 8887 3409 8887 8887 8887 8887
22568 8397 1765 6494 4269 8887 8887 8887 8887 8887 8887
22569 7956 4448 6783 5063 8887 8887 8887 8887 8887 8887
22570 4087 8971 7919 8887 8887 8887 8887
22571 442 796 11321 10140 613 11096
22572 6311 105 3105 9480 862 3919 6722
22573 4863 2345 2349 1040
22574 5101 8906 8172 5553 1231 2871
22575 8457 6030 8887 8887 8887 8887 8887 8887 10017 6465
22576 701 8887 8887 8887 8887 8887 8887 8887 8887
22577 8773 4807 1428 366 2188 8887 3967 8887 8887 8887
22578 2342 4870 95 3130 3158 1058 8887 8887 8887 8887 8887 8887 8887
22579 5063 8887 11700 523 8234
22580 7871 8887 8887 8887 8887 8887 8887 8887 8887 8887 8887 8887 8887 8887
22581 9273 7681 11645 2894 1719 9644
22582 693 7484 12075 8887 8887 8887 8887 8887 8887 8887 8887 8887 5394 8887 8887
22583 1056 466 1206 1809 1809 1810
22584 5303 1187 5356 3448 11190 11191
22585 11214 6940 296 8887 8887 8887 8887 8887 2274
22586 2726 2316 2462 293 6820 11549
