22364 1930 844 8887 8887 8887 8887 8887 8887 8887 8887 8887 8887 8887 8887 8887 8887 8887 8887
22365 1220 2195 6626 8887 8887 8887 8887 8887 8887
22366 6810 2188 2835 2836 2720 2714 8887 3134
22367 2088 2080 2105 1452 8157 2528
22368 6902 8887 8887 8887 8887 8887 8887 8887 8887 8887 8887
22369 8887 8887 8887 8887 8887 8887 8887 8887 8887 8887 8887 8887 8887 8887 8887
22370 1766 24 279 8887 8887 8887 8887 8887 8887 8887 8887 8887 8887 8887 8887
22371 99 8887 8887 8887 8887 8887 8887 8887 8887 8887 8887 8887 8887
22372 9137 28 765 862 985
22373 119 5036 8887 8887 8887 8887 8887 8887 8887 8887
22374 7040 10875 2056 8887 8887 8887
22375 4385 2349 370 8887 8887 8887 8887 8887 8887 8887
22376 293 8887 8887 8887 8887 8887 8887 8887 8887
22377 5398 1665 6536 4028 444 554 6671
22378 3505 950 8887 7250 1978 8887 8887 8887 8887 8887 8887 8887 8887 8887 8887 8887 8887 8887 8887 8887 8887 8887 8887 8887 8887 761 8887 8887 8887
22379 1129 3059 9958 8457 5395
22380 3666 4186 2645 8887 8887 8887 8887 8887 8887 8887 8887 8887 8887 8887 8887 8887 8887 8887 5843
22381 7895 4666 169 879 3678 3088
22382 4774 4452 523 8900 8887 8887
22383 10737 3009 2588 11944 581 802
22384 532 5763 2118 4080
22385 11591 8887 8887 8887 8887 8887 8887 8887 8887 8887 302 8887
22386 813 1775 917 816 390 1983 713 3650
22387 1035 4685 4788 8314 8887 8887 8887 5586
22388 2613 1307 7658 9622 12076 4674
22389 1997 7331 3656 172 2010 8467 8887 8887
22390 695 3273 3870 8887 8887 8887 8887 8887 8887 8887 8887
22391 1930 8887 8887 8887 8887 8887 8887 8887 8887 8887 8887 8887 8887
22392 617 8558 11347 3017 5469 4263 600 11139
22393 4660 717 471 8997 6464 2149 633 6686
22394 10385 1899 1704 261 3093 2641
22395 518 1708 5523 8887 8887 8887 8887
22396 180 4930 5810 2771 2630 594
22397 439 2849 7219 594 20
22398 301 1096 8887 8887 8887 8887 8887 8887 8887 8887 8887 8887 8887 8887
22399 5884 1224 923 8887 8887 8887 8887 8887 8887 8887 1812 770
22400 5622 8887 8887 8887 8887 8887 8887 8887 8887 1948
22401 6463 6466 2883 3548 11502 9744 3025 3549 11785 9744 3028 6687 11754 6464 10487 11766 3038 3029 8454
22402 301 3090 11574 8887 8887 8887 8887 8887 8887 8887
22403 11346 8887 8887 8887 8887 8887 8887 8887 8887 8887 8887 8887
22404 834 4258 8887 8887 8887 8887 8887 8887 8887 8887 8887 8887 8887 8887 8887 8887 8887 8887
22405 689 3983 11229 1732 10104 4012
22406 910 8887 8887 8887 8887 8887 8887
22407 333 8887 8887 8887 8887 8887 8887 8887 8887 8887 8887 8887 8887 8887 8887 8887 8887 8887
22408 2534 8887 8887 8887 8887 8887 8887 8887 8887 8887 8887 8887 8887
22409 834 8297 4452 62 4806 3295 8364 2081 3407 832
22410 5336 5903 8887 8887 8887 8887 8887 8887
22411 7304 4146 2080 743 9103
22412 8887 8887 8887 8887 8887 8887 8887 8887 8887 8887 8887 8887 8887 8887 8887 8887 8887 8887 8887 8887 8887 8887 8887
22413 6814 8887 8887 8887 8887 8887 8887 8887 8887
22414 670 6638 8887 8887 8887 8887 8887 8887 8887 8887 8887 8887 8887 8887 8887 8887
22415 862 1917 5815 8887 8887 8887 8887 1109
22416 455 6578 651 9848 10818 3363
22417 2082 4896 8887 8887 8887 8887 8887 8887 8887 8887 8887 8887 8887 8887
22418 11728 8892 261 7040 9744 10607
22419 11709 8887 5536 8887 8887 8887 8887 8887 8887 8887 8887 8887 8887
22420 3754 452 2585 6471 46 49
22421 621 8631 11757 1831 8887 8887 8887 8887 8887 8887 8887 8887 8887 8887 8887 8887
22422 8096 309 5765 8887 8887 8887 8887 8887 8887 8887
22423 2834 3191 7550 1050 2834 8175
22424 621 2644 1007 7450 9631 6404
22425 2117 6233 8887 1468 8887 8887 5596
22426 9480 1499 8887 8887 8887 8887 8887 8887
22427 3800 78 4596 4507 9244 1211
22428 8887 8887 8887 8887 8887 8887 8887 8887 8887 8887 8887 8887 8887 8887
22429 1134 2452 2485 328 6637 9723
22430 8298 6942 830 6566 2440 3859
22431 2611 7457 1098 4473 390 815 5585
22432 3589 8887 8887 8887 8887 8887 8887 8887 8887 8887 8887 8887 8887
22433 1092 1098 6310 1978 8887 8887 8887 8887 9603 1849
22434 2143 7060 10064 2725 8887 8887 8887
22435 8887 8887 8887 8887 8887 8887 8887 8887 8887 8887 8887 8887 8887 8887 8887 8887 8887 8887 8887 8887 8887 8887 8887
22436 1302 8510 2128 11956 8887 8887 8887 8887 8887 8887 8887 8887
22437 6964 141 10008 8907 8887 8887 8887
22438 2083 2895 8149 11242 2845 6008 10258 9485 1238 9268 11800 7879 4175 11776 2609 8902 11497 9178 4772 6350 7025 8891 4204 11090 6182
22439 279 8887 8887 8887 8887 8887 8887 8887 8887
22440 455 8887 8887 8887 8887 9345 5536 8887
22441 8854 9744 8887 8887 8887 8887 8887 8887 8887 8887 8887
22442 560 9700 1138 9546 1788 10325
22443 6501 3293 8887 8887 8887 8887 8887 8887 8887 8887 8887 8887 8887 8887 8887 8887 8887 8887 8887 8887 8887
22444 3844 3151 1211 8476 2137 2943
22445 878 5462 8887 8887 8887 8887 8887 8887 8887 8887 8887 8887 8887 8887 8887 8887 8887 8887 8887 8887 8887 8887 8887
22446 4784 757 8887 8887 8887 8887 8887 8887 8887 6281
22447 9756 8887 8887 8887 8887 8887 8887 8887 8887 8887 8887 8887 8887 8887 8887 8887 8887 8887 8887 8887 8887
22448 8887 8887 8887 8887 8887 8887 8887 8887 8887 8887 8887 8887 8887
22449 1188 1098 6465 2690 3549 3490 9744 3025 11868
22450 9134 8887 8887 8887 8887 8887 8887 8887 8887 8887 8887 8887 8887
22451 2090 8887 8887 8887 8887 8887 8887 8887 8887 8887 8887 8887 8887 8887 8887 8887
22452 1163 5265 8887 8887 8887 8887 8887 8887 8887 8887 8887 8887 8887
22453 5504 8887 8887 8887 8887 8887 8887 8887 8887 8887 8887 8887 8887 8887 8887 8887 8887 8887 8887 8887 8887 3505 3134
22454 1940 8887 8887 8887 8887 8887 8887 8887 8887 8887 8887 8887 8887 8887 8887 8887 8887 8887
22455 11408 9739 6436 8887 8887 8887 8887 8887 8887 8887 8887 8887 8887 8887 8887
22456 11187 4289 2361 3148 6385 8887 1786
22457 7776 8887 8887 8887 8887 8887 8887 8887 8887 8887 8887 8887
22458 1037 3312 366 8887 8887 8887 8887 8887 8887 8887 8887 8887
22459 7321 9947 7508 8887 8887 8887 8887 8887 8887 8887 8887 8887 8887 8887 8887 8887
22460 7042 8887 8887 8887 8887 8887 8887 8887 8887 8887 8887 8887
22461 5040 2659 1441 8887 8887 8887
22462 9103 598 1056 9353 1571 11162 3468 1351
22463 6629 670 278 8887 8887 8887 8887 8887
22464 8108 1537 3551 7144 10663
22465 3969 7923 8887 7332 8887 8887 8887 8887 8887 8887
22466 6394 8887 8887 8887 8887 8887 8887 8887 8887 8887 8887
22467 10747 6465 2326 5409 8846 9622 6464 11626 8887 8887 2051 8887 1618 863
22468 928 5715 8887 8887 8887 8887 8887 8887
22469 8887 8887 8887 8887 8887 8887 8887 8887 8887 8887 8887 8887 2037
22470 155 7824 3823 250 157 4313 4709
22471 9669 8887 5278 8887 8887 8887 8887 8887 8887 8887 8887 8887 8887 8887 8887 8887
22472 3191 5658 9611 2425 2539
22473 9847 8887 8887 8887 8887 8887 8887 8887 9
22474 2139 3773 7460 2141 6283 5783
22475 9369 8887 8887 8887 8887 8887 8887 8887 8887 8887 8887 8887 8887 8887 8887 8887 8887 8887 8887 8887 8887 8887 8887
22476 10291 1500 6220 8887 8887 8887 8887 8887 8887 8887 8887 8887
22477 7778 8887 8887 8887 8887 8887 8887 8887 8887 8887 8887 8887
22478 9483 10013 279 8887 8887 8887 8887 8887 8887 8887 8887 8887 8887
22479 278 8887 8887 8887 8887 8887 8887 8887 8887 8887 8887
22480 2135 9452 8887 8887 8887 8887 8887
22481 178 11297 293 8887 8887 8887 8887 8887 8887 8887 8887 8887 8887 8887 2650
22482 7043 699 648 8887 8887 8887 8887 8887 6795
22483 5658 2842 8477 3637 4537
22484 1220 7371 2133 7676 5004 2483
22485 3358 11759 2732 10118 1356 8587 46
22486 775 6963 8887 8887 8887 8887 8887 8887 8887 8887 8887 8887 8887 8887 8887
22487 11139 5414 759 2064 372 1059 3277 910 769 822
22488 8887 8887 8887 8887 8887 8887 8887 8887 8887 8887 8887 8887 8887 8887 8887 8887 8887 8887 8887
22489 2449 2502 2010 8887 8887 8887 8887 8887 8887 8887 8887
22490 8083 882 2013 7662 7748 1415 5401 1076
22491 1359 9581 10263 6424 11708
22492 11615 7654 8887 8887 8887 8887 8887 8887 8887 8887 8887 8887 8887 8887
22493 2787 89 4763 8887 8887
22494 8887 3191 956 9938 6697 9261 10280
22495 2335 5187 6409 8887 8887 8887 8887 8887 8887
22496 2652 5467 8264 3325 1112 266 6039 1887 3411
22497 2075 3823 1913 8887 8887 8887 8887
22498 8830 9224 1061 8887 8887 8887 8887 8887 8887 8887
22499 2901 2645 1604 8887 8887 8887 8887 8887 8887 8887 8887
22500 1287 8264 11827 7144 8887 8887
22501 4015 1213 11585 5644 4091 1918 3017
22502 1688 10708 3468 11574 8887 8887
22503 6636 8887 8887 8887 8887 8887 8887 8887 8887 8887 8887 8887 8887 8887 8887 8887 8887
22504 3974 410 1975 301 278 8887 8887 8887 8887 8887 8887
22505 11998 9885 11571 1490 169 5127 1086 6660 550 6003
22506 8203 861 2051 1738 471 3539 3545
22507 8887 8887 8887 8887 8887 8887 8887 8887 8887 8887 8887 8887 8887 8887 8887
22508 293 8887 8887 8887 8887 8887 8887 8887 8887 8887 8887 8887
22509 6817 8887 8887 8887 8887 8887 8887 8887 8887 8887
22510 3001 3748 1980 8887 8887 8887 2573
22511 489 8887 9185 1898 8887 8887 8887 8887 8887 8887 8887 8887 8887
22512 8363 279 8887 8887 8887 8887 8887 8887 8887 8887 8887 8887 8887 8887 8887 8887 8887 8887 8887
22513 1080 302 8887 8887 8887 8887 8887 8887 8887 10259
22514 452 8887 8887 8887 8887 8887 8887 8887 8887 8887 8887 8887 8887 8887 8887 8887 8887
22515 6030 3274 2356 6711 3281 397
22516 8797 3024 5765 12029 10306 11586
22517 4786 8620 8887 8887 8887 8887 8887
22518 10414 1683 8887 8887 8887 8887
22519 9620 8887 8887 8887 8887 8887 8887 8887 8887 8887 8887 8887
22520 105 829 8887 8887 8887 8887 8887 8887 8887 8887 8887
22521 5848 8887 8887 8887 8887 8887 8887 8887
22522 8310 471 4897 9042 8887 8887 8887 8887
22523 2689 9415 87 3898 95
22524 2036 6021 2127 2126 2273 1343 3756
22525 1708 8887 8887 8887 8887 8887 8887
22526 271 1765 1580 8887 8887 8887
22527 819 8887 8887 8887 8887 8887 8887 8887 8887 296
22528 1937 1688 1508 9905 1278 5725 128
22529 11118 8887 8887 8887 8887 8887 8887 8887 8887 8887 8887 8887 8887 8887
22530 7530 2962 2151 3025 8887 8887 4157
22531 5265 1224 8887 776 8887 8887 8887 8887 8887 8887 8887 8887 8887 8887 8887 8887 8887 8887 8887 8887 8887 8887 8887 8887 8887 8887 861 8887 8887 8887 8887
22532 9863 8887 8887 8887 8887 8887 8887 8887 8887 8887 8887 8887 8887
22533 834 754 8173 8887 8887 8887 8887 8887 8887 8887 8887 8887 8887
22534 715 5265 8887 8887 8887 8887 8887 8887 8887 8887 8887 8887 8887 8887 8887 8887 8887 8887 8887 8887 8887 8887 8887 8887 8887 8887 8887 8887 8887 8887 8887 8887 8887 8887 8887 8887 8887 8887 8887 8887 8887 8887 8887 7312
22535 8887 8887 8887 8887 8887 8887 8887 8887 8887 8887 8887 8887 8887 8887
22536 690 1978 8887 8887 8887 8887 8887 8887 8887 8887 8887 8887 8887 8887 8887 8887 8887 8887 8887 8887 8887
22537 550 1427 5460 1007 1935 9515 9271 4070
22538 2147 8887 8887 8887 8887 8887 8887 8887 8887
22539 10375 10906 8887 8887 8887 8887 8887 8887
22540 5351 1355 2152 6903 104 2010 5402 1683 12026
22541 8887 8887 8887 8887 8887 8887 8887 8887 8887 8887 8887
22542 7277 3367 3076 7425 8833 8887 8887 8887 8887 8887 8887 8887 8887 8887 8887 8887 8887 8887
22543 11425 8887 8887 6687 10607 4345 1554 9744
22544 7841 860 8887 8887 8887 8887 8887 8887 8887 8887 8887 8887 8887
22545 1856 1448 369 371 812 8887 8887 8887 8887 8887
22546 860 6581 4934 6511 3177 1508
22547 8732 1592 8887 8887 8887 8887 8887 8887 8887 8887 8887 8887 8887 8887 8887 8887 8887 8887 8887 8887 8887 8887
22548 484 5539 366 4717 8887 8887 8887 8887 8887 8887
22549 1765 11414 699 8887 8887 8887 8887 8887 8887 8887 8887 8887
22550 5715 8887 8887 8887 8887 8887 8887
22551 2342 3038 8887 8887 8887 8887 8887 8887 8887 8887 8887
22552 744 7925 8887 8887 8887 8887 8887 8887 8887 8887 8887 8887 8887 3414
22553 8459 8887 8887 8887 8887 8887 8887 8887 8887 8887 8887
22554 4836 11447 7060 5030 8887 8887 8887 8887 8887 8887 8887 8887 8887 8887 8887 8887
22555 301 279 8887 8887 8887 8887 8887 8887
22556 295 302 8887 8887 8887 8887 8887 8887 8887 8887 8887 8887 8887 8887 8887 8887 8887 8887 8887
22557 7789 295 8887 8887 8887 8887 8887 8887 8887 8887 8887
22558 11164 1356 8887 8887 8887 8887 8887 8887
22559 2051 5694 7939 5206 191 3707
22560 278 8887 8887 8887 8887 8887 8887 8887 8887 8887 8887 8887 8887 8887
22561 6891 8887 8887 8887 8887 8887 8887 8887 8887 8887 8887 8887 8887 3058
22562 2691 8046 6433 287 11758 3024 6637
22563 4397 8887 8887 4381 302 8887 8887 8887 8887 8887 8887 8887
22564 37 3457 10650 6469 8887 8887 8887 8887 8887 8887
22565 8733 10267 1349 670 10723 7919
22566 2345 905 1981 6031 822 953
22567 6278 6491 1023 2080 4926 4038 10453
22568 4312 8205 9004 263 6168
22569 1007 5251 697 878 7704 966 6468
22570 6076 2467 6502 6555 7060 3410
22571 11267 4842 6542 253 11988 10510 11989
22572 6629 6942 8887 8887 8887 12021 8887 8887 8887 8887
22573 1926 8887 8887 8887 8887 8887 8887 8887 8887
22574 5291 6410 2462 7997 8887 8887 8887 8887 8887 8887 8887 1311 8887 8887 8887 8887 8887 8887 8887 8887 8887 8887 8887
22575 455 1708 8887 8887 8887 8887 8887 8887
22576 8718 3440 8887 8887 8887 8887 8887 8887 8887 8887
22577 2105 7725 1112 222 6226 95 257 6604
22578 7044 834 8887 8887 8887 8887 8887 8887 8887
22579 7660 11966 1706 8887 8887 8887 8887 8887 8887 8887 8887
22580 4782 3969 8887 8887 8887 8887 8887 8887 279 8887
22581 4104 9944 2190 8887 8887 8887 8887 8887 8887 8887 8887 8887 8887
22582 4714 12048 3295 8887 8887 8887 8887 8887 8887 8887 8887 8887 8887 8887 8887 8887 8887 8887 8887 8887 8887 8887 8887 8887 8887 8887 8887 8887 8887 8887 8887 8887 8887 8887 8887 8887
22583 136 3685 8887 8887 8887 8887 8887 3645 8887 8887 8887 8887 8887 8887 8887 8887 8887 8887 8887 8887 8887 8887 8887 8887 8887 8887 8887 8887 8887 8887 8887 8887 8887 8887 8887 8887 8887 8887 8887
22584 3928 5930 4644 10526 8887 8887 8887 8887 8887 8887 8887 8887
22585 9932 9933 9934 10907 3410 11200
22586 4507 9183 90 2918 1872 1817
