22364 1527 884 8887 8887 8887 8887 8887 8887 8887 8887 8887 8887
22365 6799 8887 8887 8887 8887 8887 8887 8887 8887 8887 8887 8887
22366 3969 9662 8501 1666 796
22367 8231 8887 8887 8887 8887 8887 8887 8887 8887
22368 5550 1701 6974 2127 6905 8887 8887
22369 1591 2242 8887 8887 8887 8887 8887 8887 8887
22370 1109 1108 3868 1160 9595 366 8887 8887 8887 8887 8887 8887 8887 8887 287 8887 8887 8887 8887 8887 8887 8887 8887 8887 8887 8887 8887 8887 8887 8887 8887 8887 8887 8887 8887 8887 8887 8887 8887 8887 8887 8887 8887 8887 8887 8887 8887 8887 8887 8887
22371 588 7176 7270 2868 106 1995 1588
22372 2152 8887 8887 8887 8887 8887 8887 8887 8887 8887 8887 8887 8887 8887 8887 8887
22373 8011 929 8887 8887 8887 8887 8887 8887 8887 8887 8887 8887 8887 11738 8887 8887 8887 8887 8887 8887 8887 8887 8887
22374 95 8887 8887 8887 8887 8887 8887 8887 8887 8887 8887 8887 8887 8887 8887
22375 2834 7507 8887 8887 8887 8887 8887 8887 8887 8887
22376 4945 1351 4040 8887 8887 8887 8887 8887 8887 8887 8887 8887 8887
22377 5779 51 1760 5087 794 278 8887 8887
22378 9699 1351 8778 7622 8887 8887
22379 5693 287 8887 8887 8887 8887 8887 8887 8887 8887
22380 6844 934 306 3048 5252
22381 2726 11098 557 7779 8887 8887 8887 8887 8887 8887 912 3519
22382 6465 6463 1078 554 7822 75 7643
22383 4452 2687 2954 3034 4827 10118
22384 11967 5715 8887 8887 8887 8887 8887 8887 8887 8887 8887 8887
22385 287 8887 8887 8887 8887 8887 8887 8887 5843
22386 606 1566 1356 8887 8887 8887 8887 8887 8887
22387 2987 301 8887 8887 8887 8887 8887
22388 5417 8887 8887 8887 8887 8887 8887 8887
22389 301 13 4604 8887 8887 8887 8887 8887 8887 8887
22390 11945 8887 8887 8887 8887 8887 8887 8887 8887 8887
22391 695 1126 2644 8887 8887 8887 8887 8887 8887 8887 8887 8887 8887 8887 8887 8887 8887 8887 8887 8887 8887
22392 2672 301 6414 5843 3024 11425
22393 4811 379 8887 8887 1843
22394 8887 8887 8887 8887 8887 8887 8887 8887 8887 8620 8887 12026
22395 5791 2088 2168 1881 8887 8887 3506 3401
22396 8887 8887 8887 8887 8887 8887 8887 8887 8887 8887 8887 8887 8887 8887 8887 8887 8887 8887
22397 1159 1158 698 8887 8887 8887 8887 8887 8887 8887 8887 8887 8887 8887 8887 8887 8887 8887 8887 8887 8887 8887 8887 8887 8887 8887 8887 8887 8887 8887 8887 8887 8887 8887 8887 8887 8887 8887 8887 8887 8887 8887
22398 2212 8887 8887 8887 8887 862 1864
22399 1361 8887 8887 8887 8887 8887 8887 8887 4806
22400 701 1777 381 819 4529 4814
22401 5556 1385 1265 1149 8762
22402 3256 1139 5598 7142 10664 1708 8887
22403 627 1657 7806 742 5191 24
22404 446 8887 8887 8887 8887 8887 8887 8887 8887 8887 8887
22405 8887 8887 8887 8887 8887 8887 8887 8887 8887 8887 8887 8887 8887 8887 8887 8887
22406 8887 8887 8887 8887 8887 8887 8887 8887 8887 8887 8887 11059
22407 2653 2051 11276 2623 8887 8887 1082 8248
22408 3289 3662 3080 3947 491 11236
22409 9618 11296 7752 308 8454
22410 7365 10329 7776 8887 8887 8887 8887 8887 8887 8887 8887 8887
22411 8887 8887 8887 8887 8887 8887 8887 8887 8887 8887 8887 8887 8887 8887
22412 1098 2349 1161 4806 8887 8887 8887 8887 8887 8887 8887 8887 8887 8887 8887 8314
22413 1708 8887 8887 8887 8887 8887 8887 8887 8887
22414 2278 8887 8887 8887 8887 8887 8887 8887 8887 8887 8887 8887 8887 8887 8887 8887
22415 8887 8887 8887 8887 8887 8887 8887 8887 8887
22416 8206 1349 8887 8887 8887 8887 8887 8887 8887 8887
22417 9003 11573 8887 8887 8887 8887 8887 8887
22418 5423 11824 1478 7939 5972 9428
22419 10833 3562 11700 8887 8887 8887 8887 8887 8887 8887 8887 8887 8887 8887 8887
22420 9423 919 1061 2582 1781 916 763
22421 634 10553 1277 1171 1269 8887 8887 8887 10654
22422 7886 721 4784 411 8887 8887 8887 8887 8887 8887 8887 8887 8887 8887 8887 296 8887 8887 6372 8887 8887 8887 8887
22423 3364 706 5265 5274
22424 7789 5531 5278 6502 8887 8887 8887 8887 8887 8887 5527
22425 10932 6594 1903 9618 8397 98 12067 11576 7320
22426 343 1164 8887 8887 8887 8887 8887
22427 1303 1340 343 2396 8887 8887 8887 8887 8887 8887 8887
22428 1736 2372 868 10673 7613 10783 10574
22429 1622 5394 8887 8887 8887 8887 8887 8887 8887 8887 8887 8887 8887 8887 8887 8887 8887 8887
22430 9039 1881 2095 309 1264
22431 33 4552 8887 8887 8887 8887 8887
22432 6558 879 704 8887 8887 3280
22433 5374 701 1056 3753 4801 769 397
22434 98 2056 8887 8887 8887 8887 8887 8887
22435 2349 1978 8271 814 6282 1269 1977 770 1983 3695
22436 3685 707 822 6604 7085
22437 879 701 879 1775 1977 8887 8887 8887 8887 8887 8887 8887 8887 8887 8887 8887 8887 8887 8887 8887 8887 8887 8887 8887 381 3134 1061 915 1061
22438 287 8887 8887 8887 8887 8887 8887 8887 8887 8887
22439 3261 3688 8887 8887 8887 8887 8887 8887 8887 8887 8887 8887 8887 170
22440 8190 8887 8887 8887 8887 8887 8887 8388 8887 8887 8887 8887 8887
22441 9806 8887 8887 8797 309 302 4606
22442 1190 5333 10435 2088 1624 11355
22443 125 4034 8887 8887 7 5923 8887 8887 8887 8887 8887 8887 8887 8887 8887 8887 8887 8887 8887 8887 8887 8887 8887 8887 8887 8887 8887 8887 8887 8887 8887 8887 8887 8887 8887 8887 8887 333
22444 5153 133 6908 1221 41
22445 1625 8887 8887 8887 8887 8887 8887 8887 8887
22446 8887 8887 8887 8887 8887 8887 8887 8887 8887 8887 8887 8887 8887
22447 588 5823 5213 2149 6157
22448 3698 7206 8889 2349 918 2342
22449 1126 2938 964 8434 11380 8345 8478
22450 7974 8887 8887 8887 8887 8887 812 8887 8887 8887 8887 8887 8887 8887
22451 1148 2041 447 990 4110 3213 1527
22452 11253 3024 3414 6905 6627 6642 8887 8887 13 8887
22453 9847 3842 5242 2785 1643 879 1978 8271 704 706 3753 11626 2897 769 6331
22454 8732 8887 8887 8887 8887 8887 8887 8887 8887 8887 8887 8887 8887 8887 8887 8887 8887 8887
22455 2046 1319 3285 90 5842 6640 1613
22456 4559 10424 8887 8887 8887 8887 8887 8887 6643
22457 10019 8887 8887 8887 8887 8887 8887 8887 8887 8887 8887 8887 8887
22458 44 8887 8887 8887 8887 8887 8887 8887 8887 8887 8887
22459 11700 2091 8887 8887 8887 8887 8887 8887 8887 8887
22460 8931 279 8887 8887 8887 8887 8887 8887 8887 8887 8887
22461 6465 5409 3023 3550 3025 10607 11626
22462 1878 6281 3589 3131 8887 8887 1055 3688 3158 372 373 908 372 373 1269 5360 8887 8887 313
22463 6021 7224 8791 6565 4544
22464 10635 1121 3469 2134 7614 8887
22465 4926 1766 11096 2630 3765 10214
22466 10503 5698 888 8887 8887 8887 8887 8887 8887 8887 8083 8887 8887 8887 8887 8887 8887 8887 8887 8887 8887 8887 8887 8887 8887
22467 271 2042 2186 5841 3409 6781
22468 11318 130 447 321 11645 3003
22469 9106 7746 8887 8887 8887 8887 8887 8887
22470 1744 1743 719 3683 5393 2577 8887 8887 8887 8887 8887 8887 8887 8887 8887 8887 8887 8887 8887 8887 8887 8887 8887 8887 8887 8887 8887 8887 1672
22471 6372 8887 8887 8887 8887 8887 8887 8887 8887
22472 9410 539 3982 1126 2921
22473 1303 10997 1674 8451 3075
22474 2344 8887 8887 8887 8887 8887 8887 8887 8887 8887 8887 8887
22475 6105 3293 1706 10981 3414 1706 5715 11359 3395
22476 10820 1272 8887 8887 8887 8887 8887 8887 8887 8887
22477 5356 3046 4004 9624 2318 1121 3982 1935
22478 8793 7843 8887 8887 8887 8887 8887 8887 8887 8887 8887
22479 8096 272 2010 8887 8887 8887 8887 8887 8887
22480 279 8887 8887 8887 8887 8887 8887 8887 8887 8887 8887 8887 1053 8887 8887 8887 8887 8887 8887
22481 3059 8887 8887 8887 8887 8887 8887 8887 8887 8887 8887 8887
22482 7044 3061 5060 6352
22483 4985 5496 3289 113 657 1183 1748
22484 5271 95 8887 8887 8887 8887 8887 8887 8887 8887 8887 8887 8887 8887 8887 8887 8887 8887 8887 8887 8887 8887
22485 3344 363 1176 6987 6163 1364
22486 7060 298 862 3290 11550 296 8190
22487 366 8887 8887 8887 8887 8887 8887 8887 8887 8887 8887 8887 8887 8887 8887 8887 8887 8887 8887 8887 8887 8887 8887 8887
22488 10928 8887 8887 8887 8887 8887 8887 8887 8887 8887 8887 8887 8887 8887 8887 8887 8887
22489 810 8887 8887 8887 8887 8887 8887 8887 8887 8887
22490 2726 3386 10127 4134 2022
22491 6139 1025 7315 12096 8916 7660
22492 8887 8887 8887 8887 8887 8887 8887 8887 8887 8887 8887 8887 8887 8887
22493 4009 7183 794 4404 1534 5906 2627
22494 3587 8185 3286 1479 8816 9684
22495 1158 5274 1977 1179 3063
22496 6629 9728 10239 8887 8887 8887 8887 8887 8887 8887 11700
22497 9157 8887 8887 8887 8887 8887 8887 8887 8887
22498 8183 5356 5581 11919 6071 4619
22499 8199 4171 7720 4529 881 948
22500 733 3580 8887 8887 8887 8887 8887 8887 8887 8887
22501 318 3870 3852 7272 3352 8887 8887 8887 8887 8887 909 1057 6710 1780 1781 397 3695
22502 5995 9566 4459 8887 8887 8887 8887 8887 8887 8887 8887 8887 8887 8887
22503 8887 8887 8887 8887 8887 8887 8887 8887 8887 8887 8887
22504 2090 834 8887 8887 8887 8887 8887 1882
22505 4027 3720 449 2090 8887 8887 8887 8887 8887 8887
22506 7176 1096 2319 8887 8887 8887 8887 8887 8887 8887 368
22507 2678 8887 8887 8887 8887 8887 8887 8887 8887 8887 8887
22508 1108 11320 2125 2127 7144 8887 8887
22509 5374 3645 931 706 416
22510 2010 6555 7746 8887 8887 8887 8887 8887 8887
22511 301 613 6626 8887 8887 8887 8887 8887
22512 8358 1669 1655 3994 787
22513 8183 1962 8887 8083 8887 8887 8887 8887 8887
22514 4205 775 1882 3565 8887 8887 8887 8887
22515 6235 8482 3358 2338 11144
22516 879 370 911 8887 8887 8887 8887 8887 8887 8887 8887 8887 8887 8887 8887 8887 8887 8887 8887 8887 8887
22517 6123 8887 8887 8887 8887 8887 8887 8887 8887 8887 8887 8887 8887 8887 8887 8887
22518 2532 8887 8887 8887 8887 8887 8887 8887 8887 8887 8887 8887
22519 878 62 8887 8887 1107 978
22520 5314 8887 8887 8887 8887 8887 8887 8887 8887 8887 8887 8887 8887 8887
22521 452 1779 8887 8887 8887 8887 8887 295 5015
22522 10835 10735 8887 8887 8887 8887 8887 8887 8887 8887 8887 8887 8887 8887
22523 4871 13 3293 12039 3295
22524 366 1310 8887 8887 8887 8887 8887 8887 8887 8887 8887 8887 8887 8887 8887 8887 8887
22525 53 329 8887 8887 8887 8887 8887 8887 8887 8887 8887 8887 8887 8887 8887 8887 8887
22526 11930 6175 8834 7971 1305 43 2194
22527 2726 8378 5860 8887 8887 8887
22528 3575 8973 8476 1656 10895 2914
22529 3697 2624 1772 1858 2527 7482
22530 2462 8096 8887 8887 8887 8887 8887 8887 8887 8887 8887 8887 8887
22531 5843 10833 11700 3414 309 4610
22532 2449 279 8887 8887 8887 8887 8887 8887 8887 8887 8887 8887 8887
22533 6332 3593 7816 11569 7512
22534 4507 6940 279 8887 8887 8887 6638 8887
22535 6966 768 8887 8887 8887 8887 8887 8887 8887 8887 8887 8887 8887
22536 3158 8887 8887 8887 8887 2051
22537 10966 8887 8887 8887 8887 8887 8887 8887
22538 756 9749 378 374 8887 1232
22539 3862 2198 125 7144 8423 3287 4850 6814 1779 10821
22540 155 1186 1999 1356 1994 3860 9676 7348
22541 2834 138 11585 2398 8887 8887 8887 8887 8887 8887 8887 8887 8887
22542 8463 296 8887 8887 8887 8887 8887 8887 8887 8887
22543 8874 8887 8887 8887 8887 8887 8887 8887 8887 8887 8887 8887
22544 8933 2986 7784 4597 2985 10394
22545 3778 8887 8887 8887 8887 8887 8887 8887 8887 8887 8887 8887 8887
22546 3881 5598 3014 8585 1034 8863 2677 1126
22547 9756 1816 11454 1432 2102
22548 522 5755 8887 8887 8887 8887 8887 8887 8887 8887 8887 8887
22549 2834 90 9018 10330 12068 8887 8887 8887
22550 2209 8286 2316 5931 8887 8887 8887 8887 8887 8887 8887 8887
22551 7914 1903 5629 931 8120 6883 399
22552 6814 8887 8887 8887 8887 8887 8887 8887 8887 8887 8887
22553 7040 12 7734 2242 8887 8887 8887 1656 8887 301 3290
22554 6265 249 1956 453 4896
22555 10721 861 10833 11197 11055 8887
22556 666 2889 705 8278 1981
22557 5374 3840 5569 8887 8887
22558 6463 1079 3023 3025
22559 10703 1334 2966 2369
22560 3514 3584 10082 8240 8144 4937
22561 5586 3229 4529 12095 9616
22562 11784 882 2831 9330 8887 8887 8887 8887 8887 8887 8887 8887 8887 8887
22563 6805 4265 9120 5762 6720
22564 4101 8261 455 2554 5259 1614
22565 5224 8937 301 1994 7507 3295 9754
22566 8887 8887 8887 8887 8887 8887 8887 8887 8887 8887 8887 8887
22567 5831 6055 3372 8887 8887 8887 8887 8887 8887 8887 857 5524 2049
22568 888 8887 8887 8887 8887 8887 8887 8887 8887 8887 8887 8887 8887 8887 8887 8887 8887 8887 8887
22569 648 8887 8887 8887 8887 8887 8887 8887 8887 8887 8887 8887 8887 8887 8887
22570 9174 984 2088 6368 4359 333
22571 9083 5288 3175 8887 8887 8887 8887 8887 8887 8887 8887
22572 11116 1133 2127 2126 8887 8887 8887 8887
22573 7781 8887 8887 8887 8887 8887 8887 8887
22574 4102 2339 2149 11136 1830 11451
22575 777 9030 6364 8288 11021 4039
22576 2525 459 5200 6961 8887 8887 8887 8887 8887 296
22577 1157 473 6496 9949 366 11424
22578 3295 2966 2779 8625 278 8887
22579 6254 8887 8887 8887 8887 8887 8887 8887
22580 82 3761 2129 7584 796 8887 3832
22581 6075 3328 5765 12079 8887 2059
22582 3068 7974 8887 8887 8887 8887 8887 8887 8887 8887 3274 8887 8887 8887 8887 8887 8887 8887 8887 8887 8887
22583 266 8887 8887 8887 8887 8887 8887 8887 8887 8887 8887
22584 7745 2056 287 8887 8887 8887 8887 8887 8887 8887 8887 8887
22585 1789 1581 1195 6080 2855
22586 1042 1879 3427 1112 4080 4377
