22364 45 5596 10541 8066 11847
22365 4129 637 5356 278 287 298 3414
22366 6654 11378 11275 859 1776 10325 1697
22367 608 2480 1795 1803 258 3627 1141
22368 5462 7544 10127 4718 6468
22369 4672 5778 9932 9933 9934 9931 10907 10908
22370 6820 10154 7131 1166 1167 943 3650
22371 6160 4629 8271 704 385 5378 5268 769 1842 1986 7840
22372 1685 9752 11850 11552 1184 10118 2142
22373 287 298 3414 2299 11549 2984 1585 11092 11507 8473
22374 442 9769 9141 3623
22375 6476 8363 2834 1882 295 2454
22376 5063 12097 927 3505 707 3690 1232 1073 954 3135 414 5315 5585 951 6066 5365 7488
22377 1526 8627 3147 4116 1034
22378 329 6372 9370 8449 6908 11657
22379 7060 455 5655 1708
22380 834 834 10850 1363 7508 10010 6655 4289 5260
22381 2557 1438 2621 382 2896 8878 3532
22382 7914 6402 6368 6133
22383 3184 11586 10254 8817 3914 253 7591
22384 8734 3024 11425 12022 9637
22385 1618 7255 5166 9772 11520 1962
22386 6638 3024 10541 11700 5765 11576
22387 796 1351 1396 2361 2330
22388 2485 2398 11960 9405 11913 4287
22389 178 3290 90 279 293
22390 3383 24 2010 5586 24 269
22391 11152 5751 660 10339
22392 1359 8815 5185 6329 11990
22393 984 3210 844 3457 1354 10017
22394 646 4116 11059 2493 11882
22395 1041 6324 8227 4889 1240 532 796
22396 7746 11669 4604 279 11076 5278 3293 103
22397 4522 7719 613 301 293
22398 10343 2470 2360 5361 8654 2376 816 4768 3431 4529 1841 1842 401 3428 5401 6687 1843
22399 11294 12008 293 296 9345
22400 1 8378 11507 6501 11583 9046 4579
22401 12053 5279 1408 293 11574 11519
22402 1650 14 2493 7434 4407 10288 844 4518 7808 1756 11015 4378 7349 72 2161 90 5657 6870 8470 1086 2506
22403 3582 2751 11162 6140 2777 793
22404 2865 20 6970 3285 6409 11700
22405 301 302 6641
22406 10471 1437 1877 5530 1241 494 3626
22407 10620 11841 6079 4348
22408 278 1707 5765 3024 11299
22409 1197 4064 11549 6649 3914 11782
22410 6805 5640 790 1674 4622 783
22411 670 7746 10344 8461 11417
22412 1536 302 10037 10443 1707 1585 10434 3659
22413 2563 1537 44 1670 7552 6448
22414 7725 278 2070 9401 4289 5643
22415 613 11700 5536 11995
22416 8106 84 800 10253
22417 269 90 2099 2134
22418 8926 2868 489 1783 616
22419 427 3367 4301 1693 6099 7586 7209
22420 5843 10264 11420 7841 9167 11577
22421 1461 10055 1149 8461 6628 10207 11326 11327 10401 10726
22422 7285 7843 5278 4685 8368 11648 11438 8727
22423 9241 301 7925 7522 6635 7841
22424 522 1693 24 2044
22425 8255 3009 7155 3946 11315 1537
22426 3411 2125 2127 1693 3411
22427 4009 7457 6232 6222 2007 10655 1521
22428 7040 2728 1532 4896 372 373 1057 1169 1058 922 3516 3519
22429 754 5906 882 776 381 1170 1977 707 1812 3278 4801 5573 4814 1152
22430 1880 269 2372 3559 9533
22431 6701 5712 11346 6502 892 5156
22432 7655 11837 905 707 7449
22433 5402 11506 2051 3656 2649 5715
22434 6913 8649 4255 8401 1319 8352
22435 717 301 3410 279 6636
22436 12037 8397 2263 5356 20 9691 7920
22437 7737 9010 588 11048 5356 8186 10744
22438 295 302 10555 11577 1585 7598 11352
22439 5895 6569 1880 7448 2323 11022 1468
22440 2134 2828 653 12080 3121 11139 9268
22441 10627 4401 5833 3183
22442 364 9385 13 5687 298 7591
22443 6227 3285 1872 2853 11298
22444 2666 765 1880 6099 775
22445 105 7898 25 301 279
22446 4059 6761 2960 444 1896
22447 9738 11972 10100 11489 1508
22448 2283 6864 9793 3608 4939 2265
22449 3326 6928 2054 9492 172 7803 1582 1234 12078 3256 2789 5765 309
22450 3060 5570 6400 1269 380 3134 3516 5378 1264 6352 1841
22451 11555 10708 1995 1326 1566 765
22452 105 5658 267 13 4258 6714 9631 368 956 1062 1059 921
22453 7835 2706 2778 3229 1826 1211 4884
22454 11088 5919 1126 459
22455 4997 10486 6590 8771 8017 4601
22456 7011 2056 1882 3457 6626
22457 278 11192 11096 3024 3414 11425
22458 2467 6502 7120 146 901
22459 1706 4025 8929 309 1585 2059 9545 1948
22460 5462 3941 693 5415 3021 7261
22461 11041 8056 7979 3859 31
22462 6757 596 1479 2366 1475 2293 11852
22463 790 4957 2309 4570 608
22464 4649 5224 6013 3416 1108
22465 12054 10562 8410 3237 2897 6092 3135
22466 1863 5715 10625 11770 10333
22467 9263 2719 7193 815 8952 2969
22468 8410 106 6506 8651 1352
22469 4959 11931 6506 10346 844 7059 9134
22470 6166 446 556 4524 11488
22471 301 673 11924 12070 1129 2519
22472 453 1127 6816 9346 1134 7264
22473 4542 5660 3925 8609 57
22474 1466 3825 380 299 6820 5981 9527 1959 2504 1967 4427 4482 2578 712 5710 897
22475 693 366 8083 5278 6099 11900 9454 5485 8271 710 3452 2394 5149 2897
22476 8389 3851 307 2912 5450 4662
22477 834 6894 11113 1898 3457
22478 9750 7726 287 287 3609 1351 3250
22479 750 1701 6164 1121 975 8271 1083
22480 1866 301 287 293 2049
22481 8463 6250 178 10130 11669 24 278 6801 6635 7841 7591 2059
22482 2503 11573 346 302 7882
22483 743 444 2609 123 1134 9937 8831
22484 2789 4854 1037 3867 10543 422 6494 3632
22485 1599 195 2781 7405 4094
22486 2191 3370 4054 28 9545
22487 10905 1707 4785 7506 1812 11819 1007 6526 9152 9889 3028
22488 11883 4258 11021 195 714 7712 3386
22489 3842 9470 1218 1751 1310 2125 2725
22490 6463 9419 3678 2690
22491 5371 5145 2989 10006 8764 1275 1172
22492 8361 12059 8190 4810 10558 11669 11745
22493 1384 11379 3030 1079 1078 6464 3548 4790 821
22494 11554 11310 8651 3293 4146 560
22495 752 1777 2890 1977 1978 1071 4768 3692 393 710 2899 710 1074 817 943 1075 820 414 5315 820 2275 773
22496 9932 9933 9934 9931 10907 10908
22497 11384 3961 218 8979 8669
22498 302 1683 2010 3024 7121 11550
22499 146 301 309 6637 9690 8921 6628
22500 1354 8973 301 295 11746 11946 298
22501 301 2010 5843 5765 6942 5843 11409 4581 2209
22502 8574 4885 5975 4711 4296
22503 6763 4073 3396 7602 1719
22504 11762 11763 6372 3519 1738 6825
22505 105 3110 10307 3961 11076
22506 1736 880 324 3278 7191 6720 2831 9642
22507 3292 11129 11713 2010 3414
22508 2110 6889 5658 1182 11818 816 9280
22509 6409 5833 8930 5724 10940 11573 526 11061 6341
22510 5843 859 1406 176 5843 6710
22511 3393 4105 301 477 10096 492
22512 621 11254 4579 7558 1383 1096 11492
22513 4194 2243 1537 2125 1693 2918 8234
22514 3432 301 296 1475 293 754 1126 754 1475
22515 9960 511 1723 4461 2666 227 2127 1872
22516 8438 4685 2836 5472 717
22517 1359 9952 6621 4364 3988 122
22518 477 10541 6044 681 7164
22519 6436 5570 3277 1176 1977 2892 922 1176 707 3063
22520 775 4809 3275 7220
22521 1042 11837 1003 8437 8185 7116 819
22522 8516 2563 1872 11650 250 4885
22523 997 635 6509 10879 2891 7971 5259 11162 743 10918
22524 1387 2753 1156 1752 721 5274 5514
22525 6463 278 295 6628 5409 6463 10487 3038
22526 9164 1194 3210 7692 4796 1210 834
22527 8077 333 24 11422
22528 7 1311 11321 2476 95 4496
22529 5393 1313 9632 704 1265 2520 1218 9377
22530 149 236 10848 445 8714 1660 5537 9846
22531 3843 2167 7114 8863 6670 3422
22532 2519 8969 2021 4466
22533 2834 6555 9751 9988 1494
22534 897 10175 3206 8692 2316 4126
22535 5421 6369 2049 7105 1363 4452 6534
22536 3763 4752 3197 1235 1118
22537 7883 867 5222 7463 4821
22538 879 7308 761 705 2892 5378 763 5019 7312
22539 370 3068 1163 6266 1411 812 6266 4629 1225 766 1836 3808 712 817 5401 1984
22540 1188 5091 7739 46 8560
22541 9791 470 1828 3057 1711
22542 4718 904 8457 8861 1265 1071 1980 1074 771 2274
22543 105 3288 512 3823 10841 2049
22544 3291 295 9821 10555 10265 8577
22545 721 3433 3344 879 1881 3506 705
22546 1521 9481 3123 10677 2049 8665
22547 752 3130 3131 5266 1710 690
22548 6281 1775 922 3350 5314 9151 6711 954
22549 8134 5333 301 302 11967 11055
22550 287 279 302 296 309 11447 293
22551 5778 9 10017 8459 8490
22552 1052 844 3328 2592 9775 9545 8929
22553 7287 8361 3656 301 9949
22554 813 5312 3132 7307 751 813 1053 376 1169 374 376 1059 1062 3280
22555 4419 3840 11717 7952 3151 141
22556 455 494 105 1537 2044 44 3166
22557 834 1995 2018 11100 11260
22558 9117 5279 9170 6633 7978 11574 11995
22559 4871 85 10547 1475 6724 4441
22560 6027 9816 1879 9007 7054 4620 9309
22561 12086 12087 12088 12089 11626 11223 10936
22562 1037 5919 8854 5545 7310 7522 3021 1079 1078 2380
22563 3139 5499 1050 10592 9244
22564 1940 7690 10399 4193 5389 7997 4603 3841 1665
22565 740 278 278 279 293 3414 6649 2346
22566 4345 1138 7691 1765 1922 3029 5674
22567 271 6894 128 2123 3085 6872 11463
22568 2503 10300 6263 7768 10482 6588 3881 3295
22569 9096 1691 1690 1691 11055 8951
22570 8163 5098 1056 3170 1112 7989 1991 567 506 84 8457 1979
22571 861 2647 8638 1708 10628 4220
22572 3318 7911 653 12082 6203 7774 9485 10781 3555 3554 11792 5571 11802 11808 11808 653 11811 11794 11796 11805 11798 12041 11808 2536 7822 9362 11805 11794 11771 11814 11802 11771 12045 11802 1231 11802 2628 6689 11856 4935 2385 2211 12056
22573 5371 1962 2699 2761 269
22574 2069 796 302 613 11096
22575 271 24 296 12032 636 5686
22576 4520 278 5237 287 302 5843 8454
22577 8080 5142 2776 2149 1326 544
22578 10581 7483 2394 1331 2941 7778 941 11359
22579 6963 8177 3392 1610 8016 9284
22580 5707 105 3747 2644 6948 1708 9634
22581 102 6624 11992 11212 9619 11862 1079
22582 24 9856 278 861 2010
22583 8586 9775 8971 11956 10821
22584 6465 3021 8459 3693 10487 5409 3550 3021
22585 1319 1831 1508 2650 11697 8727 8764 293 11415 47
22586 3368 11965 11511 8368 11511 3112
