22364 5569 3274 911 910 703 2274
22365 3820 13 8887 8887 8887 8887 8887 8887 8887
22366 5202 2173 8887 8887 8887 8887 8887 10341
22367 5311 9107 3821 9392 4529 3282
22368 167 1766 310 4205 11438 11759
22369 7011 8887 8887 8887 8887 8887 8887
22370 5198 10673 1131 5988 5337 9 8887
22371 271 4491 1527 2010 8887 8887
22372 1007 5502 1108 2834 179
22373 278 744 8887 8887 8887 8887 8887 8887 8887 8887
22374 9863 8887 8887 8887 8887 8887 8887 8887 8887 8887 8887 8887 8887 8887 8887 8887 8887 8887 8887 8887
22375 271 1537 105 489 331
22376 7595 8575 11091 3132 1151 7892 938
22377 774 7248 1272 9706 6468 7809 8887 8887 8887
22378 2652 539 103 1766 1622 39
22379 7346 2650 4271 1674 7848 5215 4288
22380 2161 1465 4767 9102 7740 539
22381 5076 3185 11571 3235 859 279 6641
22382 7940 8887 8887 8887 8887 8887 8887 8887 8887 8887
22383 8362 5143 6372 8887 8887 8887 8887 8887 8887 8887 8887 8887 8887 3698
22384 6895 5615 8937 1879 6861 498
22385 30 8887 8887 8887 8887 8887 8887 8887 8887 8887 8887 8887 8887
22386 9393 8887 8887 8887 8887 8887 8887 8887 8887 8887 8887
22387 879 3275 1060 1062 6068 1978 771
22388 1484 8887 8887 8887 8887 8887 8887 8887 8887 8887
22389 9357 1701 10645 9743 8887 8887
22390 10735 752 812 8887 8887 8887 8887 8887 912 375 376 11631 2897 2898
22391 6592 2364 7096 743 6917 8044
22392 1631 2012 8887 10326 8887 8887 8887 8887 8887
22393 6516 2342 301 3290 287 8887 8887 8887
22394 11568 302 8887 8887 8887 8887 8887 8887 8887 8887
22395 8887 8887 8887 8887 8887 8887 8887 8887 8887 8887 8887
22396 9214 1467 980 2897 9450
22397 7054 8017 8082 8887
22398 10134 1430 10306 9723 4629 8887 8887 8887 8887
22399 8294 2316 10602 8887 8887 8887 9727 8887 8887 8887 8887 8887 8887 8887
22400 1098 8887 8887 1231 3940 3870
22401 3868 1164 757 5312 916 1977 1265 1978 915
22402 8372 8345 7259 5935 8552
22403 7044 278 8887 8887 8887 8887 8887
22404 859 8887 8887 8887 8887 8887 8887 8887 8887 8887 8887 8887 8887 8887 8887 8887 8887 8887 10443
22405 5142 95 3402 8887 8887 8887 8887 8887 8887 8887
22406 144 9198 5278 6504 598
22407 8299 714 1292 4257 522 5930
22408 99 6917 6153 473 3320
22409 4326 3834 2439 8282 1497 1606
22410 6483 178 2921 7692 5259 2493 2099
22411 2162 10344 5090 4452 6493 3295
22412 5525 2044 10406 10265 10122 8887 8887
22413 8887 8887 8887 8887 8887 8887 8887 8887 8887 8887 8887 1092
22414 8972 6372 8620 8887 8887 8887 8887
22415 171 8887 8887 8887 8887 8887 8887
22416 4158 9537 883 8887 8887 4801 1982 5401
22417 8955 9841 3123 706 707 7279
22418 2515 8887 8887 8887 8887 8887 8887 8887 8887 8887 8887 8887 8887 8887 8887 8887 302 8887
22419 1350 3440 3042 8887 8887 8887 8887
22420 3734 9740 7906 10883
22421 8934 1764 1109 10166 344 4670 5413 1994 1701 2041 181
22422 8887 95 8887 8887 8887 8887 8887 8887 8887 8887 8887
22423 3875 279 8887 8887 8887 8887 8887 8887 8887 8887 8887 8887 8887 8887 8887
22424 3058 4182 7750 5356 7766 9349
22425 5462 5265 2785 8887 8887 8887 9985
22426 10601 7806 278 8887 8887 8887 8887 8887
22427 287 11112 11739 290 5843 5876 6309 8389 11000 11030 7367
22428 3637 8149 266 8887 8887 8887 8887 8887 8887
22429 3176 2761 3600 7718 3050 1319 672
22430 7349 4313 1831 14 9287 85
22431 11903 4897 370 8887 8887 8887 258
22432 4957 8229 3183 3888 10786 7979 970 6101
22433 287 8887 8887 8887 8887 8887 8887 295
22434 4201 545 6521 1937 2640 11787
22435 9003 13 6633 5768 2918 4604 309
22436 13 266 6904 2918 2418 126
22437 5614 3199 29 4648 1648 2149
22438 295 8887 8887 8887 8887 8887 7480 6336 422
22439 4156 6797 1748 1870 8887 8887 1849
22440 5443 3250 9156 7437 6885 4529
22441 4440 8887 8887 8887 8887 8887 8887 8887 8887
22442 8887 8887 8887 8887 8887 8887 8887 8887 8887 8887 8887 8887 8887 8887 8887
22443 1498 775 8813 813 9818
22444 1 11997 2019 3934 4246 11785
22445 271 407 9737 1773 4812
22446 1411 3158 759 8887 8887 8887 8887 913 1977 8278
22447 875 9919 8887 8887 4064 8887
22448 8812 1460 10323 21 10452
22449 2360 2045 5278 8887 8887 8887 8887 8887 8887
22450 4193 646 575 7658 9859
22451 37 7760 2010 8887 8887 6372
22452 6909 10398 5843 6634 2630 6524
22453 551 105 267 301 3026
22454 790 8887 8887 8887 8887 1356 8887 8887 8887 8887 8887 8887 8887 8887 8887
22455 155 4159 2946 9500 10316 775 2430
22456 607 6642 5843 13 46
22457 8887 8887 8887 8887 8887 8887 8887 8887 8887 8887 8887 8887 8887 8887
22458 5265 4811 812 8887 8887 8887
22459 446 3839 6980 4095 9095
22460 8887 8887 8887 8887 8887 8887 8887 8887 8887 8887 8887
22461 1242 1577 11270 2466 11512 4583 891 1849
22462 11749 301 8887 8887 8887 8887 8887 8887 8887 8887 301
22463 5843 6634 12067 5490 3980 337
22464 834 12008 11348 279 8887 8887 8887 8887 8887
22465 95 5274 5360 8887 8887 8887 8887 8887 8887
22466 10411 988 8887 8887 8887 8887 8887 5260 5777
22467 2452 8887 8887 8887 8887 8887 8887 8887 8887 8887 8887 279 8887
22468 790 744 8887 8887 8887 8887 8887 8887 8887 8887 8887 8887 8887 8887 8887 8887
22469 5473 1225 8887 8887 8887 8887 8887 8887 8887 8887 8887 8887 8887 8887 8887 8887 377 8887
22470 8250 8887 8887 8887 8887 8887 8887 8887 8887 8887 8887 8887 8887 8887 8887 8887 8887 8887 8887 8887
22471 9415 11726 8397 7831 10268 2479 9745
22472 1495 279 8887 8887 8887 8887 8887 8887 8887 8887 8887 8887
22473 6494 8693 6941 12048 10851 8887 8887
22474 2185 879 3158 8887 8887 670 4073 2010 8887
22475 1340 2767 8887 8887 8887 8887 8887 3227 2879
22476 8923 8887 3797 681 10626
22477 271 6895 2863 4892 9159 8887 8887 8887 8887 3130 3131 751 5311 2357 5360 8887 8887 8887 8887 8887 6031
22478 1034 9626 269 1708 8887 8887
22479 7941 1773 796 5643 1609
22480 8887 8887 8887 8887 8887 8887 8887 8887 8887 8887 8887 8887 8887
22481 8887 8887 8887 8887 8887 8887 8887 8887 8887 8887 8887 8887 8887 8887 8887 8887 8887 8887 8887 8887 8887
22482 4731 3078 6641 301 279 296 2056
22483 3967 2349 1411 4629 922 2361
22484 3068 1411 10708 8887 8887 8887 8887 8887
22485 301 536 8887 8887 8887 8887 8887 8887
22486 99 95 8887 8887 8887 8887 8887 8887 8887
22487 11314 924 385 1414 7703
22488 1034 6592 152 734 666 11057 1149
22489 11365 8887 8887 8887 8887 8887 8887 8887 8887 1107
22490 6942 8887 8887 8887 8887 8887 8887 8887 8887 8887 8887 8887 8887
22491 11983 366 1310 8887 8887 8887 8887 296 8887 8887
22492 863 8887 8887 8887 8887 8887 8887 8887 8887 8887 8887
22493 7876 838 2554 1475 1624 546 10930
22494 507 494 3185 2778 3947
22495 8535 8887 8887 8887 8887 8887 8887 8887 8887 8887 8887
22496 5063 11667 3316 3104 3221 10520 8519
22497 563 2010 279 8887 7206 8887 8887 8887 8887
22498 2335 1109 4120 879 9074 6814 2844
22499 4629 1310 8728 6556 3134 1978 1178
22500 1195 1988 11944 727 3983
22501 3200 10869 425 782 4196
22502 1674 1988 9791 6327 2157
22503 4978 10747 7008 1079 1078 2843
22504 735 7821 292 2398 8887 8887 8887
22505 6281 8887 8887 8887 8887 8887 8887 8887 8887
22506 266 106 1766 1475 1788
22507 10005 8887 8887 8887 8887 8887 8887 8887 8887 8887 8887 8887
22508 1154 301 278 8887 8887 8887 8887 8887 8887 8887 8887 8887
22509 8290 9631 8887 8887 8887 8887 8887 8887 8887
22510 7414 3878 3213 5640 3850
22511 8124 10781 3056 10855 1860 6352 771 4814
22512 6465 7356 4403 9676 4679
22513 11192 859 8887 8887 8887 8887 8887 8887 8887 8887 8887 8887
22514 11466 348 9345 5843 11409 11425
22515 862 302 11341 296
22516 1532 178 8887 8887 8887 8887 8887 8887 8887 8887 8887 8887 8887 8887
22517 301 11405 308 3290 7598
22518 3292 301 8887 8887 8887 8887 8887 8887 8887 8887
22519 617 985 5888 5195 3221 3900
22520 4222 1457 4313 3052 10569
22521 2088 5778 2398 9402 8887 8887 2678
22522 10374 58 10668 1142 645 8887 8887 8887 8887 8887 8887
22523 594 4102 301 7746 5765 553 293 290
22524 3495 1880 8858 10017 4823
22525 6278 5849 8887 8887 8887 8887 8887 8887 8887 8887 8887 8887
22526 10262 849 6464 262 8654 8887
22527 1447 5729 95 8887 2430
22528 2084 1831 1630 8887 8887 8887 8887 8887 8887 8887 8887
22529 1388 9091 3024 3740 8397
22530 3672 7079 917 7089 2590 3975 949
22531 7535 2921 8815 1002 298 9345
22532 7508 10019 8887 8887 8887 8887 11362 8887
22533 1320 4072 2355 8887 8887 8887 8887 8887 8887
22534 3110 494 4060 3100 5170
22535 7145 3819 907 10908 9599
22536 3263 11749 3020 5680 11913 8728
22537 6626 8887 8887 8887 8887 8887 8887 8887 302 8887
22538 8887 8887 8887 11112 7280 1023 8110
22539 3213 10382 1137 672 8887 8887 8887 8887
22540 3860 11286 4844 5550 8887 8887 925
22541 1120 2825 883 777 1019
22542 2128 295 252 10010 1706 11633
22543 879 375 1977 8887 8887 8887 8887 3429
22544 6566 3112 9834 5843 99 3287 101
22545 4915 6536 3545 5685 4901 10554 7508
22546 11830 12013 671 6436 6436 253 1086
22547 4025 2550 2781 3185 1996 1779
22548 10747 1079 1078 8887 8887
22549 1155 366 6247 810 370 8887 8887 8887 8887 8887
22550 5637 366 2743 5278 9349 3951
22551 7835 7445 10461 8981 3470
22552 7633 9064 1691 2069 8506
22553 1642 301 8887 8887 8887 8887 8887 8887 8887 8887 8887
22554 7152 1363 2107 8887 8887 8887 8887
22555 2013 550 41 1441 2493
22556 11157 833 7105 11847 293 5843 4341
22557 11067 1465 5013 867 133 2912 6853
22558 7426 8107 6825 1320 3068 1163 1162 5570 5573
22559 4390 9036 3026 2998 2862 8348
22560 8187 2946 8887 8887 8887 8887 8887 8887 8887 8887 8887 8887 8887 8887 8887 8887 8887 8887 8887 8887 8887
22561 333 1648 8887 11988 613 3024
22562 11129 4839 8887 8887 8887 8887 8887 1078
22563 834 11219 10663 5229
22564 1461 8887 8887 8887 8887 8887 8887 8887 8887 8887
22565 793 8046 1260 1345 6426
22566 10109 8887 8887 8887 8887 8887 8887 8887 8887 8887 8887 8887 8887
22567 4015 9917 1215 1954 3983
22568 4682 11909 8887 8887 8887 8887 8217 10487
22569 8135 8887 8887 8887 8887 8887 8887
22570 10985 2928 1765 1537 1537 8010 8078
22571 9125 4592 11633 33 6484
22572 2188 8887 8887 8887 8887 8887 8887 8887 8887 4289 8887
22573 966 360 10268 826 6655 1034
22574 71 4454 24 1468 2049 11425 2984
22575 106 11112 10402 1272 217
22576 1162 370 1881 1977 8887 8887 8887 8887 8887 8887 8887
22577 309 10966 11595 1707 8887 8887 8887
22578 125 9452 3021 8887 8887 8887
22579 3012 690 6751 6223 2519 8887 3135
22580 5458 4578 11850 2405 10374 8975 1275
22581 1855 7112 3869 10693 2502 449
22582 6636 8887 8887 8887 8887 8887 8887 8887 8887 8887 8887
22583 1788 301 278 8887 8887 8887 3170
22584 446 8887 8887 8887 8734 652 2045
22585 13 1537 8887 8887 8887 8887 8887 8887
22586 8887 8887 8887 8887 8887 8887 8887 8887 8887 8887 8887
22587 2031 6372 8887 5550 10958 96 8546 10501
22588 281 7813 6811 8887 8887 8887 8887
22589 970 9822 794 1292 9099
22590 8887 8887 8887 8887 8887 8887 8887 8887 8887 8887 8887 8887 8887
22591 7484 3278 6014 8887 3515 11424 1836
22592 1242 5403 6273 8887 8887 8887 8887 8887 8887 8887 8887 8887
22593 2834 6044 2844 6999 105 4462
22594 5843 309 6942 8887 8887 8887 8887 8887
22595 1319 195 1272 3958 9711 1371
22596 2344 11259 2172 5526 7079 566
22597 775 2861 3003 8887 296 8887 8887 8887 8887 8887 8887 8887 8887 8887
22598 3295 3274 3386 1421 5571
22599 1396 1346 1376 8022 373 7220 1264 2265
22600 11454 3656 10236 10341 7841 8887
22601 74 6862 9507 8887 8887 8887 8887 6031 4921
22602 7535 8887 8887 8887 8887 8887 8887 8887 8887 8887 8887
22603 5790 3010 2728 3445 7254
22604 3656 670 859 11296 11406 8887 8887
22605 796 447 9480 1574 6756 685 7340
22606 2859 9651 8096 9979 5762 8887 8887 8887
22607 8834 370 375 763 5409 1068 3874 2265 912 2274
22608 2965 1231 1708 1195 11771
22609 6706 8887 8887 8887 8887 8887 8887 8887 8887 8887 8887
22610 3416 861 10216 8887 8887 8887 8887 8887
22611 8648 301 670 3293 7540 6634
22612 11720 4130 10855 12002 170
22613 6046 3870 8887 8887 8887 8887 8887 8887 8887 8887 8887
22614 1444 7098 940 169 2553 578
22615 1962 2727 3823 2822 972 169 2080
22616 9421 8887 8887 8887 8887 8887 8887 8887 8887 8887 8887 8887 8887 8887
22617 10459 5557 3048 8809 6582 801
22618 1708 8887 8887 8887 8887 8887 8887 8887 8887
22619 293 8887 8887 8887 3627 8380 8887
22620 4522 302 613 8887 8887 8887 8887 287 8887
22621 301 11573 8887 8887 8887 8887 8887 8887 8887 8887 8887 8248
22622 1240 4718 11756 5260 1441 3645 1974 1265 4528
22623 1029 8408 1800 7548 1458 2363
22624 3761 4110 10117 103 1914 9010 6222
22625 3273 3685 3638 8887 1053 2009
22626 726 8887 8887 8887 8887 8887 8887 8887 8887 8887
22627 5393 3272 5569 1044 8887 8887 8887 961
22628 878 2232 8634 3013 3750 3457 11412
22629 2870 8887 455 8887 6764 8887 8887 8887
22630 12093 2686 2360 6638 6840 721 2769 1498 5707
22631 1092 7525 11880 3707 1583
22632 10483 295 11946 90 5765
22633 5198 5594 6594 8887 8887 8887 8887 8887
22634 7760 8887 8887 8887 8887 8887 8887 8887 8887 8887 8887 8887
22635 1663 1906 7824 1872 7559 4094
22636 302 8887 8887 8887 8887 8887 8887 8887 8887
22637 301 3659 8887 8887 8887 8887 8887 8887 8887 8887 8887
22638 1346 3920 975 9403
22639 8887 8887 8887 10395 8887 8887 8887 8887 8887
22640 8996 8887 8887 8887 8887 8887 8887 8887 8887 8887 2648
22641 408 3818 11279 867 868
22642 1370 10396 4537 100 1932 5057 926
22643 2523 70 189 1354 3750 5596 1695
22644 752 3871 8887 8887 8887 8887 8887 8887 8887 8887 8887 8887 8071
22645 1772 381 8887 8887 8887 8887 8887
22646 1930 1917 5081 1766 11107 8887 8887 8887 8887 8887
22647 5813 551 2010 11438 10130 5765
22648 8927 8887 8887 8887 8887 8887 8887 8887 8887 8887 8887 8887
22649 10335 278 8887 8887 8887 8887 8887 8887 8887 8887 8887
22650 369 3130 700 378 1412 3277 1060 706 8887 8887 8887 4139
22651 301 11550 5715 8887 8887 8887 8887 8887 8887
22652 1 3398 2059 10225 3520
22653 4015 7780 1240 78 11264
22654 567 2032 56 8135 7064 10593 8887 5402 3586 287 296 1707 10562
22655 9606 8887 8887 8887 8887 8887 8887
22656 1918 1251 11662 8887 2718 10217 5548
22657 176 6559 6559 8908 5445
22658 7573 3815 8887 8887 8887 8887 8887 8887 8887 8887
22659 966 1148 11247 1720 5407
22660 7060 1062 3396 7035 5421
22661 3179 11990 95 2349 8887 8887 8887 401
22662 2166 8207 7092 8887 8887 8887 1119
22663 9003 11868 301 613 6414 293 5765 291
22664 1046 6183 6659 7327 3781
22665 6722 2647 3915 10320 3921 7792 796 2238 94 7855
22666 58 8887 8887 8887 8887 8887 8887
22667 293 8887 1922 8887 8887 8887 8887
22668 4857 8870 1311 8887 8887 8887 8887 8887 8887 8887
22669 855 301 8887 8887 8887 8887 8887 8887
22670 9003 8887 8887 8887 8887 8887 8887 8887 8887
22671 11251 5570 379 8887 8887 8887 8887
22672 95 8887 8887 8887 8887 8887 8887 8887 8887 8887
22673 11742 3656 301 8887 8887 8887 2010 8887
22674 176 775 10768 8887 8887 8887 8887 1594 422
22675 879 5570 1060 706 1229 1068 943 1265 1074 390 769 1077
22676 8893 6030 1312 8887 5385 5401 9436
22677 8790 11837 8887 8887 8887 8887 8887 8887
22678 6515 5171 9060 9971 7676
22679 11910 2180 11940 2779 12052 1361
22680 9941 11884 10858 1979 4528
22681 3306 1508 9619 8887 8887 8887 8887 8887 287 6463 8887
22682 902 3275 1268 402 4085 1234 10572 6031 11876 4725 11754 4649
22683 4294 10869 6043 10628 8887 8887 9
22684 11300 8206 3060 8887 8246 759 758 8887 8887 8887
22685 613 4602 8887 8887 8887 8887
22686 44 7708 1192 1084 3969 8887
22687 176 1098 1265 8887 8887 8887 5268 963
22688 301 11967 279 8887 8887 8887 8887 8887 8887 8887 8887
22689 7261 10410 279 8887 8887 8887 8887
22690 1926 2129 1406 5278 9962 11219 9450 4529
22691 796 1505 1099 8887 8887 8887
22692 11112 3867 1142 95 8887 8887 8887 8887 8887 8887 956 5149
22693 7112 7519 11387 12077 11782
22694 11910 8768 3852 3839 8887 8887 8887 8887 8887 8887 8887 8887 8887
22695 8887 8887 1623 3967 8887 8887 8887 8887 8887 8887 8887 8887 8887 8887 8887 8887
22696 2414 1729 10266 11971 1766 13 2493
22697 6629 11295 5715 8887 8887 8887 8887
22698 3195 10230 3957 8797 10355 9044 6687 7008 2690 3549
22699 775 992 9833 170 1580
22700 738 5312 8887 8887 8887 1211 463
22701 8927 8887 8887 8887 8887 70 3656 8887
22702 6631 8887 8887 8887 8887 8887 8887 754 8887 8887 8887 8887
22703 7843 8887 8887 8887 8887 8887 8887 8887 8887 8887 8887 8887 8887 8887 8887
22704 4060 2101 5015 8887 8887 8887 8887 8887 8887 8887
22705 1359 10962 8887 8887 8887 8887 8887 8887 8887 8887 8887 8887 8887 8887 8887 8887 8887 8887 8887 8887 8887 1311 8887
22706 754 1363 8887 8887 8887 8887 8887
22707 8185 7060 11276 8177 5356 7885
22708 7883 9372 8887 8887 8887 8887 8887 8887 8887 8887 8887
22709 1741 4757 6413 1247 2672
22710 8741 2075 2563 2349 8887 8887 8887 8887 8887 8887
22711 9168 11143 5019 2058 7743
22712 6463 10747 7008 6463 3021 1079 11983 8459 6465 5595
22713 9949 1595 7662 4791 927 1303 3753 5401 5514
22714 9003 302 8887 8887 8887
22715 2844 5550 11459 4640 2503 10359
22716 1046 2956 11284 6432 6430 2914
22717 8887 8887 8887 8887 8887 8887 8887 8887 8887 8887 8887
22718 1451 610 301 8887 8887 8887 8887 8887 8887 8887 8887 8887 8887 8887 8887 8887 8887 8887
22719 1231 1348 10877 1656 7
22720 1098 956 380 8887 8887 8887 8887 8887 3515 10428 1192 819
22721 775 1292 589 5746
22722 5427 113 5261 8887 8887 8887 8887 2088
22723 844 4729 13 4518 4258 1969 10085
22724 11265 4730 3683 8887 8887 8887 8887 8887 8887 8887 8887 8887 8887 8887
22725 9895 8764 8887 8887 8887 8887 8887 8887 8887 8887
22726 5169 685 2077 10806 8887 8887
22727 3274 5706 6267 8887 8887 8887 1874 9444
22728 6966 2557 11883 8887 8887 8887 8887 861 912
22729 1567 2759 5765 3656 8887
22730 7437 1872 9691 4598 4024 6221
22731 10013 4581 8887 8887 8887 8887 8887 8887 8887 8887 8887
22732 5562 985 8887 8887 8887 8887 8887 8887 8887 8887 8887 8887 8887 8887 8887
22733 10398 5594 11418 11326 11299
22734 24 6635 13 90 1907 23 1913 2728
22735 9806 11573 8887 8887 8887 8887 8887 8887 8887 8887
22736 366 8887 8887 8887 8887 8887 8887 8887 8887 8887 8887 8887 8887
22737 9979 8349 8887 8887 8887 8887 8887 8887 8887 8887 8887
22738 1098 6030 8887 8887 8887 8887 8887 8887 8887 8887 8887 8887 8887 8887 8887
22739 1736 8887 8887 8887 8887 8887 8887 8887 8887 8887 8887 8887 8887
22740 4926 2219 3707 3004 9303 1640
22741 1600 4227 8887 8887 8887 8887 8887 8887 8887 2051
22742 11454 104 10019 2844 4579 2668
22743 9952 303 11714 1764 9066 10106 4024 9
22744 879 879 4949 1842 774
22745 1486 5311 1070 8887 8887 1053 1170 761 8887 8887 2686
22746 10806 3344 368 737 5268 4768 3532 8887 1836 8887 8887
22747 1108 2499 10715 138 11192 11931 10289 6595
22748 6439 5861 7816 7627 8362 3458 422 2931
22749 4389 3632 1838 5444 9891 4175 1177 2357 1812 1232 1071 2380 771 772 3063
22750 2834 844 830 8887 8887 8887 8887
22751 3221 4126 5336 1561 2561 1056 1624
22752 5063 812 8887 8887 8887 8887 8887 8887 9603 8887 8887 8887 8887
22753 3633 1516 7649 2014 831 3514
22754 2719 1475 2946 6919 11286 3503 3908
22755 8887 8887 8887 8887 8887 8887 8887 8887 8887 8887 8887 8887 8887 8887 8887 8887
22756 4928 610 13 5237 279 8887 8887 8887
22757 4062 1708 9403 1935 3025 6464 9744 6670
22758 4898 826 5394 8887 8887 8887 8887 8887 8887 8887 8887 909
22759 3178 782 11266 6547 10410
22760 9725 106 2049 2049 301 6524
22761 167 2931 11904 9984 293 8887 8887 8887 8887 8887 8887 8887 8887 8887 8887 8887 8887 8887 8887 8887 8887 8887 1988
22762 10408 128 620 3700 5462 2651
22763 10509 11156 58 1263 8887 8887 8887 8887
22764 10564 2080 699 3274 8887 8887 8887 8997 759 927 711 5401 7314
22765 8887 5570 910 707 8278 6031
22766 7130 93 3529 3542 1393 1794 8767
22767 9091 287 11700 11746 11406 8887 8887
22768 1385 997 1058 1981 8195 1841 1841 3280 415
22769 2850 301 279 8887 8887 8887
22770 1555 4253 3627 8973 8989 151 1058 11987 1806 839 11820 11857 11858
22771 33 9295 10902 8887 8887 8887 8887 8887 8887 8887 8887 8887
22772 11490 990 7011 8887 8887
22773 6230 8887 8887 8887 8887 8887 8887 8887 8887 8887 8887 8887
22774 4326 9141 4094 6767 6532
22775 11689 2889 1802 8887 8887 8887 8887 8887 8887
22776 5905 2125 8991 1513 6286 821
22777 7257 3748 3457 2041 7227 985
22778 11737 7011 7060 9962 8887 8887 8887 8887 8887 8887
22779 1663 796 128 8887 8887 8887 8887 8887
22780 1385 7122 7806 659 1582 1188 2461 5998
22781 1535 302 8887 8887 8887 8887 8887 8887 8887 8887 8887
22782 4650 598 9511 4411 681 3291 7425
22783 92 46 6320 3017 5591 2672
22784 37 146 4289 9091 8648
22785 985 8887 8887 8887 8887 8887 8887 8887 8887
22786 617 2677 10781 385 386 705 6676 2377 1071 959 1839 1075 953 769 5316
22787 301 279 8887 8887 8887 8887 8887 8887 8887 8887
22788 1029 7679 797 9058 9054 5464
22789 1948 2863 271 1509 105 4543 1126
22790 5014 2382 5502 997 4072 2994 1441 1831 1157 1770 3589 2076 1781 1060 1223 1060 3519 1782 7644 377 2573
22791 7347 5054 1892 1356 1350
22792 51 11001 9595 13 7921 51
22793 4821 53 1475 7060 1693
22794 11507 1708 2163 11687 301 296 863
22795 6372 8887 8887 1354 5550 7724 675 8887
22796 812 8887 1232 6483 3197 3438
22797 8865 2188 8887 8887 8887 8887 8887 8887 8887
22798 4981 8887 8887 8887 8887 8887 8887 1107 5951 8887 8887
22799 8093 5516 3697 4899 511 1640 4059
22800 7006 3842 7034 105 2083
22801 4193 1667 9655 986 5034
22802 3187 7912 5694 8887 8887 8887 8887 8887 8887 8887
22803 5517 1995 1291 811 4448 1260
22804 11294 3656 8593 8887 8887 8887
22805 10833 11700 8887 8887 8887 8887 3017 940
22806 2080 1508 8887 8887 8887 8887 8887 8887 8887 8887
22807 1564 5504 7985 6959 8887 8887 8887 8887 8887
22808 11063 8797 295 5861 2493 2570
