22364 13 477 2688 3290 296 1406
22365 862 278 279 8887 8887 8887
22366 4168 9950 8734 11021 11882 11997
22367 240 8887 296 5843 296 10833 10443
22368 9479 11571 6129 7803 3175 4489 8349
22369 8787 6638 279 8887 7054 42 1904
22370 10028 2222 6713 4802 1687 2227
22371 8176 4101 5827 3127 8548 1935 3842
22372 10747 6463 7008 5409 9341 9341 4948 7008
22373 2010 1537 2010 2418 295 302 11421
22374 1609 2327 1918 11988 1767
22375 2834 5264 5278 6502 5278 2015 11931
22376 4326 4804 6005 9615 3878 7028
22377 6247 8083 707 7703 5315
22378 8887 7746 613 12020 11968
22379 5504 11575 10747 3021 8846 6466 3549 9744 10607
22380 7970 1201 2868 3247 447 4657 112 408 790
22381 3060 4811 8887 912 8887 8887
22382 1265 3562 382 378 3133 3134 381 912 3277 1062 1977 926 1066 2891
22383 2055 7919 11219 8887 8887
22384 715 2349 1978 764 8278
22385 3275 9128 11698 4402 5420 10310
22386 1446 834 1917 4099 796
22387 9109 3408 255 11661 7434 7806 7020
22388 657 1565 4980 3993 7593
22389 3898 370 8887 8887 1211 4579
22390 2623 3395 2051 9690 302 8887
22391 11259 7660 6457 5423 1517 4196
22392 3011 4590 7376 9423 2725
22393 776 10628 8887 8887 977 4801 3277
22394 4193 1034 3285 90
22395 2678 3414 2686 7776 102 2049
22396 5961 1964 2407 107 11929 5211 5504 4348
22397 2622 5356 1760 11219 3287 9287 3286 8753
22398 11246 3666 2915 2127 10263 11941 8887 11999 2110 3106
22399 8789 7381 7495 7535 5453 6034
22400 227 1881 7886 3640 495 6222 7221 6465 3017 6677 1681
22401 1186 3700 5064 7789 4166 8278 11603 5884 8887
22402 3698 9735 9958 4650 794
22403 5007 2920 447 134 3526
22404 9470 933 3216 1224 1164 1165 6281 5378 8887 1192 3123 6108 3133 11854 3548 2389 955
22405 11506 302 8887 8887 5170
22406 4430 14 1622 4128 10628
22407 95 8887 8887 8887 8887 296 2651
22408 3666 685 4250 8575 11880
22409 7726 2418 269 5207 8887 302 296
22410 5893 591 5356 11667 7409 9911
22411 2190 8887 11700 309 4640
22412 319 1667 6313 4487 9767 651 6514 4559
22413 6338 379 913 702 1977 1977 3425 931 400 401 4801 10475 824
22414 256 3184 8887 8887 8887 8887 1707
22415 105 2335 866 8887 374 8887
22416 4381 7607 8436 1323 2650
22417 2841 662 10213 8887 8887 8887 8887 8887 8887
22418 5659 3290 6629 10143 1116
22419 301 278 8887 8887 8887 2051
22420 7828 370 917 919 1312 1062 1269 4801 5783
22421 2080 95 3685 3130 3131 5750 5783
22422 1640 9342 776 8887 8887 10833
22423 862 24 1483 3823
22424 3014 796 11159 2000 7747 1099 3214 10195
22425 2778 1370 10396 1723 366 9430
22426 3128 4295 1408 9437 675 2774 8397
22427 6752 11907 6414 5843 5765 10833 1585 3880 10303
22428 6072 2051 5569 10670 5268 6031 820 2268
22429 2015 279 8887 8887 8887 8887 8887
22430 5569 8887 8887 2555 7312
22431 3445 8683 8083 1150 918
22432 3656 5715 7841 12054 8887 758
22433 1408 10013 39 7508 5067 7649 2000
22434 11898 666 381 2774 1829 1338
22435 333 278 8887 3878
22436 11133 8887 1195 5762 2725 2012
22437 4748 14 2188 3164 3167 8791
22438 9 8887 10917 4911 1599 1641
22439 301 296 6633 8887 8887
22440 670 5715 1706 302 8887 3107
22441 588 917 8887 8887 8887 8887 6924 8887
22442 1372 4416 373 377 4448 4212
22443 997 1003 9068 801 598
22444 1153 696 6266 1415 931 8887
22445 98 172 6626 11359 302 10341 3880 12015 7602 90
22446 7681 3656 278 8887 8887 8887
22447 9 1016 8887 7869 1892 3271
22448 9640 2888 8378 1776 2446
22449 11123 296 8620 5843 8288 1564
22450 4714 24 6410 11533 3086 2844 9155
22451 5930 2271 4179 4724 9897 10100
22452 283 10279 1688 11485 6831 6643
22453 5643 10009 11286 11876 11438 4579
22454 5294 1952 9342 8503 4182 1149
22455 7538 779 1441 1265 2361 1978 1982 1839 415
22456 10226 7808 10862 1019 4718 5749
22457 2559 140 2134 10905 8887 8887 8887
22458 5265 2257 8861 70 3063
22459 7009 7091 10784 1725 2393 8887 796
22460 657 257 6637 1990 6504 8419
22461 2884 8887 8887 8887 4768 8887 8887 8887
22462 141 3872 11681 10896 8887 9603
22463 6638 6958 8887 8887 8887
22464 201 782 2288 1706 11001 279 287
22465 8845 855 7109 471 5070
22466 693 198 4846 3685 369 371 4811 1977 1265 5611
22467 2616 3969 10628 9450
22468 8525 59 1946 1766 2996
22469 796 5550 4461 7071 6092 10820 9362 1232
22470 1564 11229 10099 301 2056
22471 2534 6982 5929 8887 9499 3061
22472 6638 5598 4823 863 8887
22473 5462 8165 4200 939 5634 629 1267
22474 1874 301 302 293 8887 8887
22475 7237 3133 8887 8887 296
22476 4496 7704 10238 6472 2556 11166 10501
22477 7310 1764 1537 11752 2810 1494
22478 5310 4539 11317 102 1190
22479 6781 301 2010 8887 8887 8096 10018
22480 613 10382 10977 278 8887 8887
22481 4401 8887 2313 8887 8887 819
22482 2782 8083 8887 822
22483 4594 5319 1034 10227 2041 1800 10244 11686 1498 176
22484 1349 8620 11746 6643 8887 8887 296
22485 6465 6463 8846 6465 9622 3539 8997 5409 6466 2536 3550
22486 5698 2838 8360 1857 3410 11055
22487 8425 5541 7312 8995 98 9744 3036
22488 1765 2010 8887 1913 8887 8887 3414 8887
22489 7747 10316 278 8887 8887 1211 4604 10642
22490 1736 3876 1775 5395 11544 11200 11686 4801 9662 8886
22491 6463 10747 9744 821 10607
22492 2015 2167 6657 169 4498 3454 241
22493 8022 10268 10833 11076 8887
22494 10013 293 8887 8887 8887 6097 1913
22495 236 1977 8887 8887 8887 8887 8887
22496 270 2292 301 302 8887 8887
22497 2051 4182 3009 6450 10509 5045
22498 95 8887 8887 8887 7774 301 279
22499 648 3255 6483 11932 1520 3700
22500 544 1691 1690 9015 7958 8887 3992
22501 6465 3021 1416 1078 5409 10607
22502 1013 2017 7649 8728 2584 6022 6646 27 296 11 5639
22503 2013 6210 10821 1537
22504 302 8887 8887 8887 8887 8887 309
22505 301 279 8887 8887 8887 8887
22506 646 9620 6942 8887 8887 8017
22507 1863 8887 8887 8887 8887 5324 95 913 9 1057 706 1071 1980 1839 1078 5409 11861 2268 1841 4801 3896 7531 75 7074 4782
22508 530 3380 782 6216 2339 81 1770 1816 5640 2563
22509 10041 978 7162 511 10769 7065
22510 2358 10783 3642 8887 8887 99 3806
22511 1517 8887 1974 830 1112 1108
22512 699 1974 763 8887 861 416 3532 5316
22513 2834 2309 10191 8887
22514 796 3021 8887 8887 1468
22515 7198 148 12080 4444 2361 5540 2757 9268 10781 11821 1238
22516 9932 9933 9934 10907 10908
22517 1516 2335 11096 3009 1079
22518 1754 775 3800 5170 2666 11684 9696
22519 4550 7377 105 2693 9805 9463
22520 105 4604 536 3274 1224 8887 6266 3628 8887 708 4801
22521 5356 5356 8728 3269 10898
22522 3479 4788 7985 1798 8887 966 309
22523 11025 8887 8887 8887 295 9690
22524 3967 8887 2637 2453 10510 5514
22525 878 2349 1218 812 5378 8887
22526 670 296 7561 7591 5402 8887 8887
22527 8378 1521 4606 8887 8887 2051
22528 6550 10815 3068 3134 3688 1977 822 3532
22529 4353 7867 2373 1183 610 4654 790
22530 2069 726 3285 10553 11551 669
22531 10343 2932 11990 1161 2895 4768 3532 2899 820 3532 6711 954 2391 822 1984
22532 8887 8887 1928 8887 8887 8887 8887 8887 1882
22533 6558 6556 9480 7060 3010
22534 10144 2641 11698 10137 327 7074
22535 1319 11035 830 269 2454 4754 1521 287
22536 8648 290 1122 301 302
22537 5556 1120 829 8887 8887 1779
22538 6633 10146 8887 8887 8887 8887 1468
22539 1544 2751 8887 6859 296 1706 2641 4289 1593
22540 10747 9744 3025 11502 11626
22541 24 613 302 296 5843 5765
22542 5063 8887 331 7987 279 9690
22543 155 934 6222 5720 11766
22544 271 4289 11847 5964 477 5790
22545 24 6632 296 11574 5843 6633
22546 862 635 5213 8370 8185 3414 10260 9626 11005 2066 8729
22547 5866 3688 1059 1062 1061 2890 704
22548 5031 6673 1092 7984 3492
22549 20 1211 2708 2125 1693
22550 7841 8887 8887 8887 8887 8887 8887 8887
22551 536 5265 700 1978 8887 8887
22552 4871 1537 5059 550 1765
22553 1183 8370 10617 11511 8887 8887
22554 2476 9480 6501 29 6440 5400
22555 918 8288 2054 12080 12054 8887
22556 6781 6486 95 6632 8887 8887
22557 7642 2553 2939 39 2033 3685
22558 301 278 673 287 8887 2678
22559 369 933 2896 8886 8887 8887 772 394 402 8750 2274
22560 6799 10628 5527 8887 8846 6464
22561 3292 9620 9895 11510 10216 8887 8887
22562 10810 8887 8887 4258 8887 8887
22563 2582 9932 9933 9934 9931 10907 10908
22564 8846 11868 8459 10747 3021 6465 3036 9744 11869 3549 955
22565 4381 11406 10747 1078 3021 3548 1231
22566 2960 1693 172 7750 6636 8887
22567 8593 8887 8887 1109 2353
22568 5014 2933 5924 9708 11134 1555
22569 7628 7535 9207 5279 1581 6341 1656 1322
22570 6764 301 8887 8887 8887
22571 11 171 2774 4883 1490 172 861
22572 4546 8773 12052 7144 7649 10757
22573 10747 8846 708 8846 1422 1079 1416 1078 5409 3539 6687 8846 9341 2690 3545
22574 9313 3296 7787 2415 794 5178
22575 5791 157 8815 6940 956
22576 3285 1674 4387 5291 2674 1090 2123 5595
22577 6799 3324 7009 8887 8887
22578 271 1872 4207 2123 8887 8887
22579 2090 1701 8673 6177 2728
22580 3612 10463 6432 878 2080 3869 366 1161 1977 5378 380
22581 10482 4685 635 3023 3099 576
22582 11285 583 5655 105 2358
22583 8592 4054 775 7164 2126 1356
22584 5053 9952 302 1683 6637
22585 5330 1872 11534 7395 1465
22586 7261 4241 7107 6830 105 1765
