22364 8887 8887 8887 8887 8887 8887 8887 8887 8887 8887 8887 8887 8887 8887 5765
22365 727 7493 8887 8887 8887 8887 8887 8887 8887 8887 8887 8887 8887 8887 8887 8887 8887 8887 8887
22366 5358 5884 8887 8887 8887 8887 8887 8887 8887
22367 8887 8887 8887 8887 8887 8887 8887 8887 8887 8887 8887 8887 8887 8887 8887 8887 8887 8887 8887 8887 8887 8887 8887 8887 8887 8887 8887 8887 8887 8887 8887 8887 8887 8887 8887 8887 8887 8887 8887
22368 1092 8887 8887 8887 8887 8887 8887
22369 670 2013 8887 8887 8887 8887 8887 8887 8887 8887 8887 8887 8887 8887 8887 8887 8887 8887 8887 8887 8887 8887 8887 8887 8887 8887 11096 8887 8887 8887 8887 8887 8887 8887 8887
22370 8887 8887 8887 8887 8887 8887 8887 8887 8887 8887 8887 8887
22371 8887 8887 8887 8887 8887 8887 8887 8887 8887 8887 8887 8887 8887 8887 8887 8887 8887 8887 8887 8887 8887 8887
22372 668 8887 8887 8887 8887 8887 8887 8887 8887 8887 8887 8887 8887 8887 8887 8887 8887 8887 8887
22373 37 6452 1080 4604 8887 8887 8887 8887 8887 8887 8887 8887
22374 6722 8887 8887 8887 8887 8887 8887 8887 8887 8887 8887 8887 8887 8887 8887 8887 8887 8887 8887 8887 8887 8887 8887 8887 8887 8887 8887 8887 8887 8887
22375 3745 9157 8887 8887 8887 8887 8887 8887 8887 8887
22376 5464 7119 8626 8887 8887 8887 8887 8887 8887 8887 8887
22377 452 7811 8887 8887 8887 8887 8887 8887 8887 8887 8887 8887
22378 5050 6699 9584 360 8489 7080
22379 6463 3021 1079 1078 1201
22380 8887 8887 8887 8887 8887 8887 8887 8887 8887 8887 8887 8887 8887 8887 8887 8887 8887 8887 8887 8887 8887 8887 8887 8887 8887 8887 8887 8887 8887 8887 8887 8887 8887 8887 8887 8887 8887 8887 8887
22381 687 8887 8887 8887 8887 8887 8887 8887 8887 8887 8887 8887 8887 8887 8887 8887 8887 8887 8887 8887 8887 8887
22382 9 6465 2690 10487 8887 8887 301
22383 10702 1670 9897 775 2490
22384 8887 8887 8887 8887 8887 8887 8887 8887 8887 8887 8887
22385 3638 8887 8887 8887 8887 8887 8887 8887 8887 8887 8887 8887 8887 8887 8887 8887 8887 8887 8887 8887 8887 8887 8887 8887 8887 8887 8887 8887 8887 8887 8887
22386 8887 8887 8887 8887 8887 8887 8887 8887 8887 8887 8887 8887 8887 8887 8887 8887 8887 8887 8887 8887
22387 3305 5700 1240 128 794 8887 8887 8887
22388 5473 8887 8887 8887 8887 8887 8887 8887 8887 8887 8887 8887 8887
22389 3084 5641 6869 8887 8887 8887 8887 8887
22390 8887 8887 8887 8887 8887 8887 8887 8887 8887 8887 8887 8887 8887 8887 8887 8887 8887 8887 8887
22391 4589 5843 11550 7591 8887 8887 8887 8887 8887 8887 8887 8887 8887 8887 8887 8887 8887 8887 8887 8887
22392 4453 7060 4592 3767 370 368 1723 8887 8887 8887 8887 8887 8887 8887 8887 8887 8887 8887 8887 8887 8887 8887 8887 8887 8887 1777 1265 382 2890 1066 1172 381 924 2890 706 926 8887 8887 8887 8887 8887 8887 1264 1981 815
22393 8887 8887 8887 8887 8887 8887 8887 8887 8887 8887 8887 8887 8887 8887 8887 8887 8887 8887 8887 8887 8887 8887 8887 8887 8887 8887 8887 8887 8887 8887 8887 8887 8887 8887 8887 8887 8887 8887 8887 8887 8887 8887 8887 8887 8887 8887 8887
22394 11186 8887 8887 8887 8887 8887 8887 8887 8887 8887 8887 8887 8887 8887 8887
22395 4600 8887 8887 8887 8887 8887 8887 8887 8887 8887 8887 8887
22396 4604 5569 8887 8887 8887 8887 8887 8887 8887 8887 8887 8887 8887 8887 8887 8887 8887 8887 8887 8887 8887 8887 8887 8887 8887 8887 8887 8887 8887 8887 8887 8887 8887
22397 1197 7105 8887 8887 8887 8887 8887 8887 8887
22398 283 1468 6348 8887 8887 8887 8887
22399 8887 8887 8887 8887 8887 8887 8887 8887 8887 8887 8887 8887 8887 8887 8887 8887
22400 2637 8887 8887 8887 8887 8887 8887 8887 8887 8887
22401 5843 8887 8887 8887 8887 8887 8887 8887 8887 8887 8887 8887 8887 8887 8887 8887 8887 8887 8887 8887 8887 8887 8887 8887 8887 8887 8887 8887 8887 8887 8887 8887 8887 8887 8887 8887 8887
22402 7848 1689 6598 924 3208 8887 8887 8887 8887 8887 8887 8887 8887 8887 8887 8887 8887 8887 8887 8887 8887 8887 8887 8887 8887 8887 8887 8887 8887 8887 8887 8887 8887 8887 8887 8887 8887 8887 8887 8887 8887 8887 8887 8887 8887 8887 8887 8887
22403 8887 8887 8887 8887 8887 8887 8887 8887 8887 8887 8887 8887 8887 8887 8887 8887 8887 8887 8887 8887 8887 8887
22404 8887 8887 8887 8887 8887 8887 8887 8887 8887 8887 8887 8887 8887 8887 8887 8887 8887 8887
22405 1738 11014 7979 8887 8887 8887 8887 8887 8887 8887 8887 8887 8887 8887 8887 8887 8887 8887 8887 8887 8887 8887 8887 8887 8887 8887 8887
22406 70 6494 8887 8887 8887 8887 8887 8887
22407 9123 8887 8887 8887 8887 8887 8887 8887 8887 8887 8887 8887
22408 9740 3612 3358 1183 2642 4618
22409 7552 484 8887 8887 8887 8887 8887 8887 8887 8887 8887 8887 8887 8887 8887 8887 8887 8887 8887 8887 8887 8887 8887 8887 8887 8887 8887 8887
22410 1400 2825 2125 2127 2126 11253
22411 10526 6463 6465 3550 8887 8887 8887
22412 4102 11051 8887 8887 8887 8887 8887 8887 8887
22413 11721 8887 8887 8887 8887 8887 8887 8887 8887 8887 8887 8887 8887 8887 8887 8887
22414 11300 528 6615 6970 3509
22415 9169 5715 8887 8887 8887 8887 8887 8887 8887
22416 9273 918 5469 8887 8887 8887 8887 8887 8887
22417 11899 128 301 8887 8887 8887 8887 8887 8887 8887 8887 8887 8887 8887 8887 8887 8887 8887
22418 369 8887 8887 8887 8887 8887 8887 8887 8887 8887 8887 8887 8887 8887
22419 1116 8887 8887 8887 8887 8887 8887 8887 8193
22420 3652 8887 8887 8887 8887 8887 8887 8887 8887 8887 8887 8887 8887 8887 8887 8887 8887 8887 8887 8887 8887 8887 8887 8887 8887 8887 8887 8887 8887 8887 8887 8887 302 8887
22421 2245 8932 5350 2010 8887 8887
22422 6463 3023 5595 3025 3550 11625 6466 9743 6687 10607
22423 369 370 6267 8887 8887 8887 8887 8887 8887 8887 8887 8887 8887 8887 8887 8887 8887 8887 8887 8887 8887 5378 3532
22424 4784 8887 8887 8887 8887 8887 8887 8887 8887 8887 8887 8887 8887 295
22425 4634 8887 8887 8887 8887 8887 8887 8887 8887 8887 8887 8887 8887 8887 8887 8887 8887 8887 8887 8887 8887 8887 8887 8887 8887 8887 8887 8887 8887 8887 8887 8887 8887 8887 8887
22426 2383 8887 8887 8887 8887 8887 8887 8887 8887 8887 8887 8887 8887 8887 8887 8887 8887
22427 3158 8887 8887 8887 8887 8887 8887 8887 8887 8887 8887 8887 8887 8887 8887 8887 8887 8887 8887 8887 8887 8887 8887
22428 2083 2945 2978 6969 8759 956
22429 8535 8887 8887 8887 8887 8887 8887 8887 8887 8887 8887 8887 8887 8887 8887
22430 7801 5641 8887 8887 8887 8887 8887 8887 8887 8887 8887 8887 8887 8887 8887 8887 8887 8887 8887 8887 8887 8887 8887 8887 8887 8887 8887 8887
22431 1120 8887 8887 8887 8887 8887 8887 8887 8887 8887 8887 8887 8887 8887 8887 8887 8887
22432 1565 1092 1117 1521 4024
22433 8887 8887 8887 8887 8887 8887 8887 8887 8887 8887 8887 8887 8887 8887 8887 8887
22434 4718 3274 378 912 1269 923 1164 8887 8887 8887 8887 8887
22435 511 2467 8887 8887 8887 8887 8887 8887 8887 8887 8887 8887 8887
22436 10398 8887 8887 8887 8887 8887 8887 8887 8887 8887 8887 8887 8887 8887 8887 8887 8887 8887 8887
22437 95 8887 8887 8887 8887 8887 8887 8887 8887 8887 8887 8887 8887 8887 8887 8887 8887 8887 8887 8887 8887 8887 8887 8887 8887 8887 8887 8887 8887 8887 8887 8887 8887 8887 8887 8887 8887 8887 8887 8887 8887 8887 8887 8887 8887 8887 8887 8887 8887 8887
22438 1917 8755 6843 10919 8887 8887 8887 8887 8887 8887 4102
22439 8887 8887 8887 8887 8887 8887 8887 8887 8887 8887 8887 8887 8887 8887 8887 8887 8887 8887 8887 8887 8887 8887 8887 8887
22440 521 2547 8887 8887 8887 8887 8887 8887 8887 8887 8887 8887 8887 8887 8887 8887 8887 8887 8887 8887
22441 5818 10541 8887 8887 8887 8887 8887 8887 8887 8887 8887
22442 3939 8887 8887 8887 8887 8887 8887 8887 8887 8887 8887 8887 8887 8887 8887 8887 8887 8887
22443 1218 1693 8887 8887 8887 8887 8887 8887 8887 8887 8887 8887 8887 279 8887 8887 8887 8887
22444 10857 6915 8887 8887 8887 8887 8887 8887 8887 8887 8887 8887 8887 8887
22445 176 8887 8887 8887 8887 8887 8887 8887 8887 8887 8887 8887 8887 8887 8887 8887 8887 8887
22446 8887 8887 8887 8887 8887 8887 8887 8887 8887 8887 8887 8887 8887 8887 8887
22447 6123 8887 8887 8887 8887 8887 8887 8887 8887 8887 8887 8887 8887 8887 8887 8887 8887 8887 8887 8887 8887 8887 8887 8887 8887 8887
22448 11143 5307 2645 3765 8887 8887 8887 8887 8887 8887 8887 8887 8887 8887 8887 8887 8887 8887 8887 8887 8887 8887 8887 8887 8887 8887 8887 8887 8887 8887 8887 8887 8887 8887 8887 8887 8887 8887 8887
22449 10768 10562 6529 1349 6782 9419 8887 8887 8887
22450 8887 8887 8887 8887 8887 8887 8887 8887 8887 8887 8887 8887 8887 8887 8887 8887 8887 8887 8887 8887
22451 8887 8887 8887 8887 8887 8887 8887 8887 8887 8887 8887 8887
22452 8887 8887 8887 8887 8887 8887 8887 8887 8887 8887 8887 8887 8887
22453 7611 2817 3136 11555 11842 10447
22454 9079 5302 2309 8477 4990
22455 3680 701 368 8887 8887 8887 8887 8887 8887 8887 8887 8887 8887 8887 8887 8887 8887 8887 8887 8887 8887 8887 8887 8887 8887 8887 8887 8887
22456 8186 3286 8887 8887 8887 8887 8887 8887 8887 8887 8887 8887 8887 8887
22457 13 4258 8887 8887 8887 8887 8887 8887 8887 8887 8887 8887 8887 8887
22458 1034 8887 8887 8887 8887 8887 8887 8887 8887 8887 8887 8887 8887 8887
22459 8859 249 7638 1527 2424 1767 653
22460 1319 636 4275 21 4387
22461 6457 4022 8887 8887 8887 8887 8887 8887 8887 8887 8887 8887 8887 8887 8887 8887 8887 8887 8887 8887 8887 8887 8887 8887
22462 8887 8887 8887 8887 8887 8887 8887 8887 8887 8887 8887 8887 8887 8887
22463 4501 8887 8887 8887 8887 8887 8887 8887 8887 8887 8887 8887 8887 8887 8887
22464 4396 8887 8887 8887 8887 8887 8887 8887 8887 8887 8887 8887 8887 8887 8887 8887 8887 8887 8887 8887 8887 8887 8887 8887 8887 8887 8887
22465 1460 1474 8887 8887 8887 8887 8887 8887 8887 8887 8887 8887 8887 8887 8887 8887 8887 8887 8887
22466 7919 8887 8887 8887 8887 8887 8887 8887 8887 8887 8887 8887 8887 8887 8887 8887 8887 8887 8887
22467 1524 9198 657 4071 1977 3134 8887 8887 8887 1188
22468 444 1896 8887 8887 8887 8887 8887 8887 8887 8887 8887 8887 8887 287 279 8887 8887 8887 8887 8887 8887 8887 8887 8887 8887
22469 6638 8887 8887 8887 8887 8887 8887 8887 8887 8887 8887 8887 8887 8887
22470 9966 494 2079 6330 729
22471 4488 8887 8887 8887 8887 8887 8887 8887 8887 8887 8887 8887 8887 8887 8887 8887 8887 8887 8887 8887 8887 8887 8887 8887 8887 8887
22472 8887 8887 8887 8887 8887 8887 8887 8887 8887 8887 8887 8887 8887 8887 8887 8887 8887 8887 8887 8887
22473 775 4763 8887 8887 8887 8887 8887 8887 8887 8887 8887 8887 8887 8887 8887 8887 8887 8887 8887 8887
22474 11930 1014 10289 1550 8887 8887 8887 8887 8887 8887
22475 8887 8887 8887 8887 8887 8887 8887 8887 8887 8887 8887 8887 8887 8887 8887 8887 8887 8887 8887 8887 8887 8887 8887 8887 8887 8887 8887 8887 8887 8887 8887 8887 8887 8887 8887 8887 8887
22476 98 8887 8887 8887 8887 8887 8887 8887 8887 8887 8887 8887
22477 752 8887 8887 8887 8887 8887 8887 8887 8887 8887 8887 8887 8887 8887 8887 8887 8887 8887 8887 8887 8887 8887 8887 8887 8887 8887 8887 8887 8887 8887 8887 8887 8887 8887 8887 8887 8887 8887 8887 8887 8887 8887 8887 8887 8887
22478 3724 6633 8887 8887 8887 8887 8887
22479 1536 8887 8887 8887 8887 8887 8887 8887 8887 8887 8887
22480 6687 9341 8887 8887 8887 8887 8887 8887 8887 8887 8887 8887 8887 8887 8887 8887 8887 8887 8887 8887 8887 8887 8887 8887 8887 8887 8887
22481 5658 8887 8887 8887 8887 8887 8887 8887 8887 8887 8887
22482 1683 8887 8887 8887 8887 8887 8887
22483 8887 8887 8887 8887 8887 8887 8887 8887 8887 8887 8887 8887 8887 8887 8887 8887
22484 6121 9080 11177 2897 9051 8887 8887 8887 8887 8887
22485 3344 5113 8887 8887 8887 8887 8887 8887 8887 8887 8887 8887 8887 8887 8887 8887 8887 8887 8887 8887 8887 8887 8887 8887 8887 8887 8887 8887 8887 8887
22486 822 3414 8887 8887 8887 8887 8887 8887 8887 8887 8887 8887 8887 8887 8887
22487 8887 8887 8887 8887 8887 8887 8887 8887 8887 8887
22488 302 8887 8887 8887 8887 8887 8887 8887 8887 8887
22489 295 8887 8887 8887 8887 8887 8887 8887 8887 8887 8887 8887 8887 92
22490 8887 8887 8887 8887 8887 8887 8887 8887 8887 8887 8887 8887 8887 8887 8887 8887 8887 8887 8887
22491 715 366 2080 1059 6222 8887 8887 2274 1836 8887 8887
22492 5265 812 8887 8887 8887 8887 8887 8887 8887 8887 8887 8887 8887 8887 8887 8887 8887 8887 8887 8887 8887 8887 8887 8887 370 701 379 1775 1059 922 1303 6031 5315
22493 8887 8887 8887 8887 8887 8887 8887 8887 8887 8887 8887 8887 8887 8887 8887 8887 8887 8887 8887 8887 8887 8887
22494 8887 8887 8887 8887 8887 8887 8887 8887 8887 8887 8887 8887 8887 8887 8887 8887 8887
22495 2032 8887 8887 8887 8887 8887 8887 8887 8887
22496 5303 1174 8887 8887 8887 8887 8887 8887 8887 8887
22497 1670 859 8887 8887 8887 8887 8887 8887 8887 8887 8887 8887 8887 8887 8887 8887 8887 8887 1765 8887 8887 8887
22498 5394 8887 8887 8887 8887 8887 8887 8887 8887 8887 8887 8887 8887 8887
22499 8463 8887 8887 8887 8887 8887 8887 8887
22500 588 8887 8887 8887 8887 8887 8887 8887 8887 8887 8887 8887 8887 8887 8887 8887 8887 8887 8887 8887 8887 8887 8887 8887 8887 8887 8887 8887 8887 8887 8887 8887 8887 8887 8887 8887 8887
22501 3514 11396 3634 10382 8887 8887 8887 8887 8887 8887 8887 8887 8887 8887 8887 8887 8887 8887 8887 8887 8887 8887 8887 8887 8887 8887 8887 8887 8887 8887 8887 8887 8887 8887 8887 8887 8887 8887 8887 8887 8887
22502 1 8887 8887 8887 8887 8887 8887 8887 8887 8887 8887 8887 8887 8887 8887 8887 8887 8887 8887 8887 8887
22503 2418 8887 8887 8887 8887 8887 8887 8887 8887 8887 8887 8887 8887 8887 8887 8887 8887 8887 8887 8887 8887 8887 8887 8887 8887 8887 8887 8887 8887 8887 8887 8887 8887 8887 8887
22504 8183 8554 8887 8887 8887 8887 8887 8887 8887 8887 8887 8887 8887 8887 8887 8887 8887 8887 8887 8887 8887 8887 8887 8887 8887 8887 8887
22505 5594 249 24 6409
22506 8887 8887 8887 8887 8887 8887 8887 8887 8887 8887
22507 8887 1893 7591 8887 8887 8887 8887 8887 8887 8887 8887 8887 8887 8887 8887 8887 8887
22508 6521 11212 8887 8887 8887 8887 8887 8887 8887 8887 8887 8887 8887
22509 8887 8887 8887 8887 8887 8887 8887 8887 8887 8887 8887 8887
22510 521 494 8887 8887 8887 8887 8887 8887 8887 8887 8887 8887 8887 8887 8887 8887
22511 8757 8887 8887 8887 8887 8887 8887 8887 8887 8887
22512 8887 8887 8887 8887 8887 8887 8887 8887 8887 8887 8887 8887 8887 8887 8887 8887 8887
22513 6504 10288 9886 491 1510
22514 280 8887 8887 8887 8887 8887 8887 8887 8887 8887 8887 8887
22515 9469 1129 2080 1800 6483
22516 2181 296 8887 8887 8887 8887 8887 8887 8887 8887 8887 8887 8887 8887 8887 8887 8887 8887 8887 8887 8887 8887 8887
22517 2476 8887 8887 8887 8887 8887 8887 8887 8887 8887 8887 8887 8887 8887 8887
22518 5817 1824 1527 4453 7091 3589 8887 8887 8887 8887 8887 8887 8887 8887 8887 8887 8887 8887 8887 8887
22519 278 7776 8887 8887 8887 8887 8887 8887 8887 8887 8887 8887 8887 8887 8887 8887 8887 8887 8887 8887 8887 8887 8887 8887 8887 8887 8887 8887 8887 8887 8887 8887 8887 8887 8887 8887 8887 8887 8887 8887 8887 8887 8887 8887 8887 8887 8887 8887 8887 8887
22520 7373 11256 8887 8887 8887 8887 8887 8887 8887 8887 8887 8887 8887 8887
22521 8887 8887 8887 8887 8887 8887 8887 8887 8887 8887 8887 8887
22522 2133 2985 8887 8887 8887 8887 8887 8887
22523 1765 2242 8887 8887 8887 8887 8887 8887 8887 8887 8887
22524 6558 8887 8887 8887 8887 8887 8887 8887 8887 8887 8887 8887 8887 8887 8887 8887 8887 8887 8887 8887 8887 8887 8887 8887 8887
22525 6736 5569 3638 8887 8887 8887 8887 8887 8887 8887 8887 8887 8887 8887 8887 8887 8887 948 2361 8887 8887 8887 8887 812 377 373 703 8887 8887 8887 8887 8887 8887 822
22526 3290 1524 8887 8887 8887 8887 8887 8887
22527 1112 8887 8887 8887 8887 8887 8887 8887 8887 8887 8887 8887 8887 8887 8887
22528 10935 8887 8887 8887 8887 8887 8887 8887 8887 8887 8887 8887 8887 8887
22529 279 8887 8887 8887 8887 8887 8887 8887 8887 8887 8887 8887 8887 8887 8887
22530 6119 2834 4629 8887 8887
22531 8887 8887 8887 8887 8887 8887 8887 8887 8887 8887 8887 8887 8887 8887 8887 8887 8887 8887 8887 8887 8887 8887 8887 8887 8887 8887 8887 8887 8887 8887 8887 8887 8887
22532 8887 8887 8887 8887 8887 8887 8887 8887 8887 8887 8887 8887 8887
22533 11613 4358 7142 2464 2038 8887 8887 8887 8887
22534 3101 10694 1878 9145 8887 8887 8887
22535 2015 7873 278 8887 8887 8887 8887 8887 8887 8887 8887
22536 2015 7626 8887 8887 8887 8887 8887 8887 8887 8887 8887 8887 8887 8887 8887 8887 8887 8887
22537 3833 2934 1265 4289 1415
22538 287 8887 8887 8887 8887 8887 8887 8887 8887 8887 8887 8887 8887 8887 8887
22539 6254 8887 8887 8887 8887 8887 8887 8887 8887 8887 8887 8887 8887 8887 8887 8887 8887 8887 8887 8887 8887 8887 8887 8887 8887 8887 8887 8887 8887 8887 8887 8887 8887 8887 8887
22540 8887 8887 8887 8887 8887 8887 8887 8887 8887 8887 8887 8887 8887 8887 8887 8887 8887
22541 5013 855 5643 7127 8887 8887 8887 8887 8887 8887 8887 8887 8887 8887 8887 8887 8887 8887 8887 8887 8887 8887
22542 8887 8887 8887 8887 8887 8887 8887 8887 8887 8887 8887 8887 8887 8887
22543 8887 8887 8887 8887 8887 3024 8887 8887 8887 8887 8887 8887 8887 8887 8887 8887
22544 1349 8887 8887 8887 8887 8887 8887 8887 8887 8887 8887 8887 8887 8887 8887 8887 8887 8887 8887 8887 8887 8887 8887 8887 8887 8887 8887 8887 8887 8887 8887 8887 8887 8887 8887 8887 8887 8887 8887
22545 11973 8887 8887 8887 8887 8887 8887 8887 8887
22546 8887 8887 8887 8887 8887 8887 8887 8887 8887 8887 8887 8887 8887 8887 8887 8887 8887 8887 8887 8887 8887 8887 8887 8887 8887 8887 8887 8887 8887 8887 8887 8887 8887 8887 8887 8887 8887 8887 8887 8887 8887 8887 8887 8887 8887 8887 8887 8887 8887 8887
22547 10588 8887 8887 8887 8887 8887 8887 8887 8887 8887 8887 8887 8887 8887 8887 8887 8887 8887 8887 8887 8887 8887 8887 8887 8887 8887 8887 8887 8887 8887 8887 8887 8887 8887 8887 8887 8887
22548 5594 9729 8887 8887 8887 8887 8887 8887 8887 8887
22549 9247 8887 8887 8887 8887 8887 8887 8887 8887 8887 8887 8887 8887 8887 8887 8887 8887
22550 2160 8887 8887 8887 8887 8887 8887 8887 8887 8887 8887 8887 8887 8887 8887 8887
22551 8887 8887 8887 8887 8887 8887 8887 8887 8887 8887 8887 8887 8887
22552 8887 8887 8887 8887 8887 8887 8887 8887 8887 8887 8887 8887 8887 8887 8887 8887 8887 8887 8887 8887 8887 8887 8887 8887 8887 8887 8887 8887
22553 8887 8887 8887 8887 8887 8887 8887 8887 8887 8887 8887 8887 8887 8887 8887 8887 8887 8887 8887 8887
22554 4965 3271 8887 8887 8887 8887 8887 8887 8887 8887 8887 8887 8887 8887
22555 10019 8887 8887 8887 8887 8887 8887 8887 8887 8887 8887 8887 8887 8887 8887 8887 8887 8887 8887 8887 8887 8887 8887 8887 8887 8887 8887 8887 8887 8887 8887 8887 8887 8887 8887 8887 8887 8887 8887 8887
22556 10942 3068 8887 8887 8887 5608
22557 1555 2345 8887 8887 8887 8887 8887 8887 8887 8887 8887 8887 8887 8887 8887 8887 8887 8887 8887 8887 8887 8887 8887 8887 8887 8887 8887 8887 8887 8887 8887 8887
22558 3298 11501 8887 8887 8887 8887 8887 8887 8887 8887 8887 8887 8887 8887 8887 8887 8887 8887
22559 8887 8887 8887 8887 8887 8887 8887 8887 8887 8887
22560 1779 4718 8887 8887 8887 8887 8887 8887 8887 8887 8887 8887 8887 8887 8887 8887 8887
22561 3778 8887 8887 8887 8887 8887 8887 8887 8887 8887 8887 8887 8887
22562 3754 8887 670 8887 8887 8887 8887 8887 8887 8887 8887 8887 8887 8887 8887
22563 717 8887 8887 8887 8887 8887 8887 8887 8887 8887 8887 8887 8887 8887 8887 8887 8887 8887 8887 8887 8887
22564 6629 3904 855 1865 8887 8887
22565 3361 493 8021 7848 2762 1887
22566 7530 849 8887 8887 8887 8887 8887 8887 8887 8887
22567 308 7011 8887 8887 8887 8887 8887 8887 8887 8887 8887 8887 8887 8887 8887 653
22568 6498 5013 790 3781 33 1125
22569 3283 5394 8887 8887 8887 8887 8887 8887 8887 8887 8887 8887 8887 8887 8887 8887
22570 12 1479 2644 8887 8887 8887 8887 8887 8887 8887 8887 8887 8887 8887 8887 8887 8887
22571 3967 8887 8887 8887 8887 8887 8887 8887 8887 8887 8887 8887 8887 8887 8887 8887 8887 8887 8887 8887 8887 8887 8887 8887 8887 8887 8887 8887 8887 8887 8887 8887 8887 8887 8887 8887 8887 8887 8887 8887 8887 8887 8887 8887 8887 8887 8887 8887 8887 8887
22572 271 477 8887 8887 8887 8887 8887 8887 8887 8887 8887 8887 8887 8887 8887 8887 8887 8887 8887 8887 8887 8887 8887 8887 8887
22573 9003 8887 8887 8887 8887 8887 8887 8887 8887 8887 8887 8887 5315
22574 9649 25 11127 6067 5253 9524 9245
22575 295 103 10306 8887 8887 8887 8887 8887 8887 8887 8887 8887 8887 8887 8887 8887 8887 8887 8887 8887 8887 8887 8887
22576 715 8887 8887 8887 8887 8887 8887 8887 8887 8887 8887 8887 8887 8887
22577 2834 8178 8887 8887 8887 8887 8887 8887 8887 8887 8887 8887 8887 8887 8887 8887 8887 8887
22578 369 1059 922 8887 8887 8887 8887 8887 8887 8887 8887 8887 8887 8887 8887 8887 8887 8887 8887 8887 8887 8887 8887 8887 8887 8887 8887 8887 8887
22579 6638 8887 8887 8887 8887 8887 8887 8887 8887 8887 8887 8887 8887 8887 8887 8887 8887 8887 8887 8887 8887
22580 301 309 303 8887 8887 8887 8887 8887 8887 8887
22581 879 8887 8887 8887 8887 8887 8887 8887 8887 8887 8887 8887 8887 8887 8887 8887 8887 8887 8887 8887 8887 8887
22582 5001 7450 278 8887 8887 8887 8887 8887 8887 8887
22583 8887 8887 8887 8887 8887 8887 8887 8887 8887 8887 8887 8887
22584 153 11261 10319 6190 9812 4536 8887 8887 8887 8887 8887 8887 8887 8887 8887 8887 8887 8887 8887 8887 8887 8887 8887 8887 8887 8887 8887 8887 8887 8887 8887 8887 8887 8887 8887 8887 8887
22585 11129 8887 8887 8887 8887 8887 8887 8887
22586 9273 5233 7144 1349 2049 2044
