22364 7367 11318 2251 640 5410 9005 143
22365 8463 308 8887 8887 8887 8887 8887 8887 8887 8887
22366 3823 6816 11294 4685 95 8887 8887 8887 8887
22367 6687 6463 3023 3693 5595 9744 3548 11785
22368 751 5311 1072 8887 8887 8887 8887 8887 8887 8887 8887 8887 8887 8887 8887 8887 8887 8887 5315
22369 8887 8887 8887 8887 8887 8887 8887 8887 8887 8887 8887 8887 8887 8887 8887 8887 8887 8887
22370 6463 3038 8887 8887 7921 8887
22371 13 51 9961 667 5989 8887 8887 8887 8887 8887 8887 8887
22372 1498 7163 254 8887 8887 8887 8887 8887 8887 10017
22373 11300 269 99 8887 8887 8887 8887
22374 997 4552 2630 8887 8887 5661
22375 1917 1487 2049 4081 2622 8352
22376 2826 10747 5409 3023 3023 3021 5595 6466 9744 3025 9744 3550 3039 10607
22377 3362 8887 8887 8887 8887 8887 8887 269
22378 1125 1465 9502 8887 8887 8887 8887 8887 8887 8887 8887 8887 8887 8887 8887 8887 8887 8887 8887 8887 8887 8887 8887 8887 8887 8887 8887 8887 8887 8887 8887 8887 8887 8887 8887 8887
22379 988 2169 2371 9844 8887 8887 8887 8887 8887 8887 8887 8887 8887 8887
22380 6606 5063 8887 8887 8887 8887 8887 8887 8887
22381 9946 5594 8887 8887 8887 8887 8887 8887 8887 8887 8887 8887 8887 8887 8887 8887
22382 8045 2322 6846 3227 6457 687
22383 6206 2056 8887 8887 8887 8887 8887 8887 8887
22384 2298 235 849 1455 8887 8887 3017 8887 8887 8887 8887 8887 8887
22385 588 719 4062 10227 11905 6044
22386 744 2859 8887 8887 8887 8887 8887 8887 8887
22387 2985 8887 8887 8887 8887 8887 8887 8887 8887 8887 8887
22388 5550 302 10710 8887 8887 8887
22389 30 8887 8887 8887 8887 8887 8887 8887 8887 8887
22390 8887 8887 8887 8887 8887 8887 8887 8887 8887 8887 8887 8887 8887 8887 8887 8887 8887
22391 3505 185 5314 2393 1411 908 702 1781 923 1174 5378 6352 8887 8887 7765 413 6031
22392 6632 14 9891 859 8887 8887 8887 8887 8887
22393 9048 1446 6063 452
22394 2080 4863 10838 8887 8887 8887 8887 8887 8887 8887 8887 8887 8887
22395 5397 7660 9164 8887 8887 8887 8887 8887 8887 8887 1656 8887 8887 8887 8887 296
22396 8204 287 8887 8887 8887 8887 8887 8887 8887 8887 8887 8887 8887 8887 8887 8887 8887 8887 8887 8887 279 8887 8887 8887 8887 8887 8887 8887 8887 8887 8887 8887
22397 8887 8887 8887 8887 8887 8887 8887 8887 8887 8887 8887 8887 8887
22398 879 6266 370 3871 8887 8887 8887 8887 8887 8887 8887 8887 8887 8887 8887 8887 8887 8887 8887 8887 8887 8887 8887 8887 8887 8887 8887 8887 8887 8887 8887 8887 8887 8887 8887 8887 8887 8887 8887 8887 8887 8887 8887 8887 8887 8887 8887 8887 8887 8887
22399 302 8887 8887 8887 8887 8887 8887 8887 8887 8887 8887 8887 8887 8887 8887
22400 2865 4543 8887 8887 8887 8887 8887 8887 1812 9954
22401 574 1052 6410 2186 2476 7350
22402 8024 775 511 1408 3411
22403 790 8887 8887 8887 8887 8887 8887 8887 8887
22404 8744 11866 6465 8887 8887 8887 8887 4336
22405 9572 8887 8887 8887 8887 8887 8887 8887 8887 8887 8887 8887 8887 8887 8887 8887 301 8887
22406 484 2676 2017 13 90 3167 7919
22407 3682 369 8887 8887 8887 8887 8887 8887 8887 8887 8887 8887 8887 8887 8887 8887 8887 8887 8887 8887 8887 1812
22408 6515 2803 2373 9962 3925 8929 298
22409 10189 2585 2248 1136 1125 7991
22410 2498 2495 1629 44 1809 6659
22411 9328 553 10851 4718 95 9956 4629 2895 2897 2898 415 416 4180
22412 3142 3097 4808 3426 9381
22413 478 4270 8887 8887 8887 8887 8887 8887 8887 8887 8887 381
22414 834 494 796 9457 76
22415 554 8805 6099 1701 11253 3194
22416 8887 8887 8887 8887 8887 8887 8887 8887 8887 8887 8887
22417 9270 2598 4489 302 11298 8642 157 10377
22418 3698 579 8887 8887 8887 8887
22419 8545 8887 8887 8887 8887 8887 8887 8887
22420 8887 8887 8887 8887 8887 8887 8887 8887 8887 8887 8887 8887 8887 8887 8887 8887 8887 8887 8887 8887
22421 10192 8887 8887 8887 8887 8887 8887 8887 8887 8887 8887 8887 8887 8887 8887 8887
22422 3721 100 775 7069 7677 985 8887 7985
22423 6917 7187 261 7411 1247 3947 10668 4154
22424 856 11856 8924 8887 8887 8887 8887 8887 8887 8887 8887 8887 8887 8887 8887 8887 8887 8887 8887 3896 1663
22425 8887 10343 8887 8887 8887 8887 8887 8887 8887 8887 8887 8887 8887 8887 8887 8887
22426 106 9979 9441 8887 8887 8887 8887 8887 8887 8887 2441
22427 6196 170 511 1939 2978
22428 10942 3687 1783 11666 4272 8962 1108
22429 7943 10740 4489 10270 11741 7548
22430 6622 293 8887 8887 8887 8887 8887 8887 8887 8887 8887 8887 8887 8887 8887 8887 8887 8887 8887 8887 8887 8887 8887 8887 8887 8887
22431 1108 10279 8406 8887 8887 8887 8887 8887 8887 8887 8887 8887 8887 8887 8887 8887 8887
22432 715 8887 8887 8887 8887 8887 8887 8887 8887 8887 8887 8887 8887 8887 8887 8887
22433 2186 8096 8887 8887 8887 8887 8887 8887 3290
22434 370 8887 8887 8887 8887 8887 8887 8887 8887
22435 457 634 611 11766 8352 773 548
22436 1220 4347 7334 215 2188 1831
22437 1466 6021 195 4156 4571 2719 1723 546
22438 3867 1310 3175 4768 2339 3763 773
22439 419 12054 3337 11286 3656
22440 5145 5921 37 1693 8580 5994
22441 3338 6784 570 37 7843 6635
22442 4677 5162 738 1201 8887 8887 8887 8887 8887
22443 3942 687 5505 2578 7279
22444 4374 1863 8887 8887 8887 8887 8887
22445 8887 8887 8887 8887 8887 8887 8887 8887 8887 8887 8887 8887 8887 8887 8887 8887 8887
22446 8887 8887 8887 8887 8887 8887 8887 8887 8887 8887 8887 8887 8887 8887 8887 8887
22447 1446 775 9786 6320 189 1788
22448 827 8887 8887 8887 8887 8887 8887 8887 8887 8887 8887 8887
22449 690 8887 8887 8887 8887 8887 8887 8887 8887 8887 8887 8887 8887 8887 8887 8887 8887 8887 8887 296
22450 301 278 8887 8887 8887 8887 8887 8887 8887
22451 11559 2133 9663 6521 10356 2399 6655 2091
22452 862 4053 8887 8887 8887 8887 8887 8887
22453 1359 2090 8887 8887 8887 8887 8887 8887 8887 8887 8887
22454 9255 2645 3061 8887 8887 8887 8887 8887 8887 8887 8887 8887 8887 8887 8887 8887 8887 8887 8887 8887 8887 8887 8887 8887 8887
22455 4522 7060 7060 7586 302 8887 8887 8887 8887 8887 8887
22456 343 1465 410 598 119
22457 8887 8887 8887 8887 8887 8887 8887 8887 8887 8887 8887 8887 8887 8887 8887 8887 8887 8887 8887 8887 8887 8887
22458 3132 8887 8887 8887 8887 8887 8887 8887 8887 8887 8887 8887 8887 8887 8887 8887 8887 8887 8887 8887 8887 8887 8887 8887 8887 8887 8887 8887 8887 8887 8887 8887 8887 8887 8887 8221
22459 5707 11614 718 53 3085 8887 8887 8887
22460 3719 2894 271 7919 8887 8887 8887 373 8887 8887 8363
22461 471 2125 2127 1999 754 8887 8887 8887 8887 8887 8887 8887 8887 8887 8887 8887 8887
22462 1484 8887 8887 8887 8887 8887 8887 8887 8887 8887 8887 8887 8887
22463 8887 8887 8887 8887 8887 8887 8887 8887 8887 8887 8887 8887 8887 8887
22464 283 11087 8728 8887 8887 8887 9783
22465 278 278 8887 8887 8887 8887 8887 8887 8887
22466 4823 3323 777 775 5794
22467 6723 574 8887 7207 1656 7680 5489
22468 8887 8887 8887 8887 8887 8887 8887 8887 8887 8887 8887 8887 8887 8887 8887 8887 8887 8887 8887 8887 302 8887 8887
22469 9 3021 8887 5715 8071
22470 4756 10258 2650 3402 817
22471 5428 2349 764 8887 8887 8887 8887 381 8887 8887 1836 8887 8887 8887 8887 8887 396 397
22472 1873 8887 8887 8887 8887 8887 8887 8887 8887 8887 8887 8887 8887 8887 8887 8887 8887 8887 8887
22473 6494 11158 8887 8887 8887 8887 8887 8887
22474 3967 8887 8887 8887 8887 8887 8887 8887 8887 8887 8887 8887 8887 8887 8887 8887 8887 8887
22475 8692 8887 8887 8887 8887 8887 8887 8887 8887 8887 8887 8887 8887 8887 8887 8887 8887 8887 8887 8887 8887 8887 8887 8887 8887 8887 8887 8887 8887 8887 8887 8887 8887
22476 2149 8887 8887 8887 8887 8887 8887 8887 8887 8887 8887 8887 8887
22477 8735 8887 8887 8887 8887 8887 8887 8887 8887 8887 8887 8887 8887 8887 8887 8887 8887
22478 8187 8178 8887 8887 8887 8887 8887 8887 8887 8887 8887 8887 8887
22479 6763 10324 8887 8887 8887 8887 8887 8887 8887 8887 8887 8887 8887 8887
22480 4620 1277 909 7308 1265 1067 821 3428 3429
22481 2685 8887 8887 8887 8887 8887 8887 8887 8887 8887 8887 8887
22482 8887 8887 8887 8887 8887 8887 8887 8887 8887 8887
22483 8887 8887 8887 8887 8887 8887 8887 8887 8887 8887 8887 8887 8887 8887 8887 8887
22484 925 8887 8887 8887 8887 8887 8887 8887 8887 8887 8887 8887 8887 8887 8887 8887 8887 8887 5843
22485 1783 8887 8887 8887 8887 8887 8887 8887 8887 8887 8887 8887 8887 8887 8887 8887 8887 8887 8887 8887
22486 8838 8887 8887 8887 8887 8887 8887 8887 8887 8887 8887 8887 9
22487 7852 9203 509 10130 11574 8887 8887 8887 8887
22488 1663 8046 1688 11454 10978 5213
22489 2476 8778 8887 8887 8887 8887 8887 8887 8887 8887 8887
22490 2271 687 8887 8887 8887 8887 8887
22491 4956 1805 1872 9691 76
22492 9113 8887 8887 8887 8887 8887 8887 8887 8887 8887 8887 9 8887
22493 8887 8887 8887 8887 8887 8887 8887 8887 8887 8887 8887 8887 8887 8887 8887 8887 8887
22494 10115 8887 8887 8887 8887 8887 8887 8887 8887 1416 8887 2650
22495 9704 8887 8887 8887 8887 8887 8887 8887
22496 3508 8887 8887 8887 8887 8887 8887 8887
22497 1736 9448 5376 8887 8887 8887 8887 8887 8887 8887 8887 8887 8887 8887 8887 8887 8887 8887
22498 4978 8887 8887 8887 8887 8887
22499 3016 2372 1126 10486 8887 296
22500 5683 5392 10716 6852 912 2890 1211 10979
22501 790 6901 8887 8887 8887 8887 8887 8887 8887 8887
22502 8887 8887 8887 8887 8887 8887 8887 8887 8887 8887 8887 8887 8887 8887 8887 8887 8887 8887
22503 8887 8887 8887 8887 8887 8887 8887 8887 8887 8887 8887
22504 1126 1116 5871 1116 2944 343 616
22505 7681 8887 8887 8887 8887 8887 8887 8887 8887 8887 8887 8887
22506 1371 1521 5987 10074 1106 9138 5169 4584 9727 920 10634 935 902
22507 10747 6463 2883 6465 11869 9341 1954 4528
22508 10708 4666 1627 10108 501 3215 7141 8355
22509 1410 8194 8887 8887 8887 8887 8887
22510 1182 8887 8887 8887 8887 8887 8887 8887 8887
22511 3967 3060 8887 8887 8887 8887 8887 8887 8887 8887 8887 8887 8887 8887 8887 8887 8887 8887 8887 8887 8887 8887 8887 8887 8887 8887 8887 8887 8887
22512 1609 8887 8887 8887 8887 8887 8887 10607 8887 8887 8887 8887 8887
22513 95 10193 8887 8887 8887 8887 8887 8887 8887 8887 8887 8887 8887 8887 8887 8887 8887 8887 8887 8887 8887
22514 8887 8887 8887 8887 8887 8887 8887 8887 8887 8887 8887 8887 8887 8887 8887 1666
22515 879 371 368 8887 8887 8887 8887 8887 8887 8887 8887 8887 8887 8887 8887 8887 8887 8887 8887 8887 8887 8887 8887 8887 8887 8887 8887 8887 8887 8887 8887 8887 8887 8887 8887 8887 8887 8887 8887 8887 8887 8887 8887 8887 8887
22516 8177 287 8887 8887 8887 8887 8887 8887 8887 8887 8887 8887
22517 8887 8887 8887 8887 8887 8887 8887 8887 8887 8887 8887
22518 1937 8887 8887 8887 8887 8887 8887 8887 8887 8887 8887 8887
22519 4062 301 8887 8887 8887 8887 8887 8887 8887 8887
22520 444 2332 8857 95 8887 8887 8887 8887 8887 8887 8887 8887 8887 8887 8887 8887 8887 8887 8887 8887 8887 8887 8887 8887 8887 8887
22521 1034 8887 8887 8887 8887 8887 8887 8887 8887 8887 8887
22522 2774 8887 8887 8887 8887 8887 8887 8887 8887 8887 8887 8887 8887
22523 1255 5278 8887 8887 8887 8887 8887 8887 8887 8887 8887
22524 8887 8887 8887 8887 8887 8887 8887 8887 8887 8887 8887 8887 8887 8887 8887 8887 8887 8887
22525 8850 968 8887 8887 8887 8887
22526 411 8397 8887 8887 8887 8887 8887 8887 8887 8887 8887 8887 8887 8887
22527 1272 3918 321 594 1961 4052
22528 2491 2360 659 9 5409 10607
22529 6266 6281 8887 8887 8887 8887 8887 8887 8887
22530 3656 863 8887 8887 8887
22531 5265 700 8887 8887 8887 8887 8887 8887 8887 8887 8887 8887 8887 8887 8887 8887 8887 8887 8887 8887 8887 8887 8887 8887 8887 8887 8887 8887 8887 8887 8887 8887 8887 8887 8887 8887 8887
22532 2660 7991 8887 8887 8887 8887 8887 8887
22533 1976 6638 8887 8887 8887 8887 8887 8887 8887 8887 8887 8887
22534 3638 8887 8887 8887 295
22535 90 8887 8887 8887 8887 8887 8887 8887 8887 8887 8887 8887 8887 8887 8887 8887 8887 8887 8887 8887 8887 8887 8887 8887 8887 8887 8887 8887 8887 8887 8887 8887 8887 8887
22536 4102 1350 8887 8887 8887 8887 8887 8887 8887 8887 8887 8887 8887 8887 8887 8887 8887
22537 2454 544 447 5725 8696 1706 2053
22538 3726 278 8887 8887 8887 8887 8887 8887 8887 8887 8887 296
22539 10167 8887 8887 8887 8887 8887 8887 8887 8887 8887 8887 8887 8887 8887 8887 8887 8887 8887
22540 2973 3215 6175 1356 2774 8887 8887 8887
22541 8378 3656 8887 8887 8887 8887 8887 8887 8887 8887 8887 8887 8887 8887 8887 8887 8887 8887 8887 8887 8887 8887
22542 5489 2760 2163 9808 7668 956 5570 3515 1057 4723
22543 5427 479 8887 8887 8887 8887 8887 8887 8887 8887 8887
22544 6807 1349 3656 8887 8887 8887 8887 8887
22545 775 8609 2841 8887 8887 8887 8887 8887 8887 8887 8887 8887 8887 8887 8887
22546 8887 8887 8887 8887 8887 8887 8887 8887 8887 8887 8887 8887 8887 8887 8887 8887 8887
22547 4980 301 1527 8887 8887 8887
22548 4512 6247 8887 8887 8887 8887 8887 8887 8887 8887 8887 8887 8887 8887 8887
22549 10237 8887 8887 8887 8887 8887 8887
22550 1671 5196 8887 8887 8887 8887 8887 8887 8887 8887 8887 8887 8887 8887 8887 8887 8887 8887 8887
22551 5755 6940 8388 8887 8887 8887 8887 6633
22552 8183 3869 292 89 8887 8887 8887 8887 3187 8887 8887 8887 8887 8887 8887 8887 8887 8887 8887 8887 8887 8887 8887 8887 8887 8887 8887 8887 8887 8887 8887 8887 8887 8887 8887 8887 8887 8887 8887 8887 8887 8887 8887 8887 8887 8887 8887 8887 8887 8887
22553 1997 9546 8887 8887 8887 8887 8887 8887 8887 8887 8887 8887 8887
22554 5398 5817 7463 2803 5212
22555 545 2402 4418 1747 8887 8887 8887 8887
22556 278 8887 8887 8887 8887 8887 8887 8887 8887 8887 8887 8887
22557 8887 8887 8887 8887 8887 8887 8887 8887 8887 8887 8887 8887 8887 8887
22558 7175 3093 10474 2845 10268 5843 10020 2049
22559 1092 10706 8887 8887 8887 8887 8887 8887 8887 8887 8887
22560 7184 603 10875 9611 5259
22561 1097 3965 715 5374 8887 8887 8887 8887 8887 8887 8887
22562 10226 7101 105 3453 1126 3652
22563 8550 24 1707 6635 5843
22564 532 10192 8887 8887 8887 8887 8887 8887 8887 8887 8887 8887 8887
22565 1684 8887 8887 8887 8887 8887 8887 8887 8887 8887 8887 8887 8887 8887 8887 8887 8887 8887 8887 8887 8887 8887 8887 8887 8887 8887
22566 10726 10833 11550 8887 8887 8887 8887 8887
22567 7261 9536 7563 8887 8887 8887 8887 8887 8887 8887 8887 8887 3290
22568 8887 8887 8887 8887 8887 8887 8887 8887 8887 8887 8887 8887 8887 8887 8887 8887 8887 8887 8887 8887 8887 8887 8887 8887 8887 8887
22569 2227 8887 8887 8887 8887 8887 8887 8887 8887 8887 8887 8887 8887 8887 8887 8887 8887
22570 693 1303 4034 11336 2359 5829 5924 52
22571 8887 8887 8887 8887 8887 8887 8887 8887 8887 8887 8887 8887 8887 8887 8887 8887 8887 8887 8887 8887
22572 9542 4801 5385 8887 8887 928 925
22573 11 3959 3947 10979 1633
22574 796 8887 8887 8887 8887 8887 8887 8887 8887 8887 8887 8887
22575 1220 195 87 2165 471 2863 2802 6063
22576 343 2767 8887 8887 8887 8887 8887 8887 8887 8887 8887 1192 1111
22577 3500 1126 5598 855 4746 6332 3187 11351 988
22578 1537 250 1537 9932 2643 2973 6365 3066 2414 9665
22579 2051 3838 1519 8454 7538 101 2921 10521
22580 8887 8887 8887 8887 8887 8887 8887 8887 8887 8887 8887 8887 8887 8887 8887 8887 8887 8887 8887 8887 8887
22581 1487 6941 8126 2687 11659 8887 8887 8887
22582 715 2345 8887 8887 8887 8887 8887
22583 9690 8887 8887 8887 8887 8887 8887 8887 8887 8887 8887 8887 8887 8887 8887
22584 4128 7008 8887 8887 8887 8887 8887 8887 8887
22585 7746 8887 8887 8887 8887 8887 8887 8887 8887 8887 8887 8887 8887 8887 8887 8887 8887 8887 8887 8887
22586 5057 8210 2681 95 8887 8887 8887 8887 8887 8887 8887 8887 287 8887 279 8887 8887 1880
