22364 4718 1098 370 3871 8887 8887 1053 8887 8887 8887 8887 8887 8887 8887 8887
22365 4642 3424 8887 8887 8887 8887 8887 8887 8887 707 1452 3169
22366 3800 790 8887 7060 2015 7681
22367 9908 653 2259 21 11716
22368 1268 865 598 1441 3344 7155
22369 8372 1222 9361 8887 8887 8887 11317
22370 4316 2046 4946 11957 8887 8887 8887 8887
22371 777 2983 965 3148 986
22372 2433 511 8175 2683 5628 8887 8887 8887 8887 8887
22373 8846 5409 3023 6466 3548 9744 3549
22374 8868 920 922 1173 383 6068 5360 3873 3874 1982 3532
22375 10761 594 8932 5413 7655 2049 9631
22376 8274 8236 12096 3571 6018 2894 6622
22377 5013 7981 2062 8318 2049 476
22378 10806 6234 8887 8887 8887 8887 8887 8887 8887 8887 8887 8887 8887 8887 8887 8887 8887
22379 1967 83 13 11999 7591 8887
22380 632 301 11662 9300 5550 6927
22381 6629 2678 6638 8887 8887 8887
22382 5843 11550 8887 8887 8887 8887 8887 8887 8887 8887 8887 8887 8887
22383 7017 1577 5533 8887 8887 8887
22384 8044 9349 8642 1082 3020 448 8887
22385 2129 10267 7673 8887 8887 10341 9023
22386 3256 4507 6670 2265 11208 11890
22387 8881 366 3158 2576 8887 8887 8887 8887 8887 8887 8887 8887 8887 8887 8887 3851 2875
22388 7037 11578 8887 8887 8887 8887
22389 4206 8887 8887 2713 8887 8887
22390 8592 2904 563 2900 1970 1069
22391 5409 3023 3693 9744 10607
22392 9292 4581 2046 4364 301 2733
22393 7028 4208 1458 422 2416 6908 616 2733
22394 4291 1962 8861 8887 8887 8887 4736 1077
22395 7378 6306 6320 447 6964 301 3414 103
22396 744 5861 6502 8887 8887 8887 8887
22397 3969 6785 10616 5133 2586
22398 1988 10392 10442 4836 301 7591 8887 8887
22399 4809 2834 279 8887 8887 8887 8887 8887 8887
22400 1526 8218 36 2732 9880 3014
22401 227 1348 178 1461 620 10382 1765 10130
22402 2125 279 8887 8887 8887 8887 8887 8887 8887 8887 8887 8887 98
22403 128 2010 8887 8887 8887 8887 8887 8887 8887 8887
22404 1034 1023 6725 1376 8887 8887 8887 8887
22405 3150 5374 3644 2123 8887 8887 8887 8887
22406 649 4452 754 754 7980 8887 8887 8887 8887
22407 7819 1693 1882 10311 8887 8887 8887 8887 8887 8887
22408 11449 1484 302 8887 6635
22409 8887 8887 8887 8887 8887 8887 8887 8887 8887 8887 8887 8887 8887 8887 8887 8887 8887 8887 8887
22410 8887 8887 8887 8887 8887 8887 8887 8887 8887 8887
22411 5698 90 10631 12 1350
22412 3291 8887 8887 8887 8887 8887 8887 8887 8887 8887 8887 8887 8887
22413 283 11568 6887 10696 8887
22414 7586 13 11574 8887 8887 8887
22415 1878 796 9522 3994 947 850 5178 5437
22416 9973 8887 8887 8887 8887 8887 8887 8887 6372 1336
22417 754 1797 2918 442 913
22418 1547 3413 796 10521 4380
22419 3967 8887 8887 8887 8887 8887 8887 8887 8887 8887
22420 5901 9046 2051 6635 3407 2544 339
22421 4409 6559 11568 8887 8887 8887
22422 3656 12008 11743 8887 8887 8887 8887
22423 5268 5705 5572 1688 5570 5485 6068 2895 768 768 958 4529 1668 12090
22424 278 8887 8887 8887 8887 8887 8887
22425 813 1775 2361 379 8887 8887 8887 3280
22426 8187 9003 12008 9193 10562
22427 3756 3807 8887 8887 8887 8887 8887 8887 8887 8887 8887 8887 8887 8887 8887
22428 3130 3068 1169 956 1265 763 380
22429 7841 9170 3414 8887 8887 8887 8887
22430 7679 8887 8887 8887 8887 8887 8887 8887 8887 9003 8887
22431 5393 1164 916 8887 8887 8887 8887 8887 8887 8887
22432 8887 8887 8887 8887 8887 8887 8887 8887 8887 8887 8887 8887 8887 8887 8887 8887
22433 6638 8846 8620 6466 11626
22434 725 2478 8138 3506 1977 1978
22435 2574 10587 6885 7714 10516 4242
22436 693 366 5265 381 382 8887 8887 8887 8887 8887 8887 8887 8887 8887 587
22437 5588 3409 5075 854 5201 1881
22438 9837 8286 353 6958 10285 3878 6464
22439 3545 8887 8887 8887 8887 8887 379 8887 8887 373 3506
22440 8096 10245 4602 8887 8887 8887 8887 8887 8887 8887 1977 1977
22441 6559 4581 11863 2452 7254
22442 9198 3293 144 1693 1610
22443 10478 269 3093 5413 141
22444 7943 10382 4453 10521 459
22445 99 5569 8887 8887 7069 5992
22446 3589 8887 8887 8887 8887 754 8887 8887 8887 8887
22447 9615 9960 8887 8887 8887 8887 8887 8887 8887 8887 8887 1760
22448 3361 7363 1464 9540 4318 9654 9009 5218 701 6675 369 370 1163 2875 2357 913 759 1054 1781 3519 6068 385 5378
22449 8887 11574 8887 8887 8887 8887 8887 8887 8887 8887 8887 8887 8887
22450 33 10574 5550 11630 5091 4109 11800
22451 6722 11573 9004 4581 8887
22452 484 6008 3014 10378 4498
22453 1154 1156 1156 5393 10545 8887 8887 8887 8887 8887 8887 8887
22454 1362 301 279 8887 8887 8887 8887
22455 3747 11458 11746 5547 10574 6160
22456 1927 11275 9325 10072 373 1676
22457 8391 11687 6528 5100 10332 7164 5831
22458 670 672 8887 8887 8887 8887 8887 8887 8887 8887 8887 8887 8887
22459 5063 701 812 8887 1055 8887 8887 8887 1779
22460 6837 2110 485 2984 8951 12058
22461 9470 879 370 4629 8887 8887 8887 8887 11413
22462 1754 11757 7949 9413 11665 10453 9091 2678 5594 5573 4792
22463 888 8887 8887 8887 8887 8887 8887 8887 8887 8887 8887 8887 8887 8887
22464 8117 5923 8887 8887 8887 8887 8887 8887 8887 8887 8887 8887
22465 1007 1962 9047 1682 2080 268 11127
22466 7211 13 11761 309 11096 8887 8887
22467 10555 10398 5409 670 11286 8887 8887
22468 2729 11478 8887 8887 8887 8887 295
22469 4242 10646 11624 11447 8887 8887 8887 8887 8887
22470 10943 5836 11301 6345 693 3129 536 700 812 8887 8887 8887 8887
22471 4126 6800 1670 3045
22472 988 4274 985 8887 8887 8887 8887 8887 8887 8887 8887 8887
22473 875 879 8887 8887 8887 8887 8887 8887 8887 8887
22474 3610 1962 6266 8887 8887 8887 8887 8887 8887 8887
22475 8711 24 7691 8887 8887 8887
22476 9860 3842 4579 8873 958 943 8195 5315
22477 5265 705 11793 2758 1234 8071
22478 1946 103 9323 8887 8887 8887 8887 8887 8887 8887 8887 8887
22479 4105 1349 8887 8887 8887 8887 8887 8887 8887 8887 8887 8887 8887 8887 8887 8887
22480 5063 8887 8887 8887 8887 8887 8887 8887 8887 8887 8887 8887
22481 4396 5531 8370 10015 801 12058
22482 1135 6373 7956 9549
22483 4080 8664 1930 1247 1351 4863 2120 6592
22484 1755 879 8887 1780 11702 8886 943
22485 343 706 2898 712 2268 4529 5514 8195
22486 8927 278 8887 8887 8887 8887 8887 8887
22487 931 10135 6251 1092 4801 1073 2274 3650
22488 6323 4428 4202 8887 8887 8887
22489 2145 10942 157 1800 4447 1962
22490 2573 3411 11766 1588 10271 11059 1009 2049 2789
22491 4956 105 29 104 8553 1349 691
22492 366 3589 5394 8887 8887 8887 8887 8887 776 8887 8887 8887 8887 8887 8887 8887 8887 8887 8887 8887
22493 9412 8887 8887 8887 8887 8887 8887 8887 8887 8887 8887 8887
22494 10019 3274 8887 8887 909 8887 8887 8887 8887 8887 8887 8887
22495 8880 1743 4102 4801 8887 8887 8887 8887 402
22496 5479 216 1838 1859 4605
22497 535 5197 3889 1537 1779 419
22498 9730 8087 2672 9035 2655 170 5489
22499 2134 1096 8887 8887 8887 8887
22500 149 8822 1767 5015 2838 6364 4529
22501 6940 278 8378 11993 2983 8887
22502 715 1067 5268 8887 10628
22503 1708 8887 8887 8887 8887 8887 8887 8887 8887
22504 1560 6917 6830 9838 6494
22505 5507 851 8887 8887 8887 8887 8887 301
22506 2056 8887 8887 8887 8887 8887 8887 8887 8887 8887 8887 8887 8887
22507 2515 1625 9010 8230 337
22508 8887 8887 8887 8887 8887 8887 8887 8887 8887 8887 8887 8887
22509 10343 8887 8887 8887 8887 8887 8887
22510 5525 369 8887 8887 8887 8887 8887
22511 3769 8887 8887 8887 8887 8887 8887 8887 8887 8887 8887 8887 8887
22512 11086 6942 8887 8887 8887 8887 8887 8887
22513 11735 5394 4647 100 1887 4222
22514 2297 8887 8887 648 8887 8887 8887 1707 1475
22515 3842 6280 715 8887 3907 8887 8887 2486 816 2896 1079 4768 395
22516 5310 1184 8887 416 1314 669
22517 3708 2212 3046 1195 1195 3641 10359
22518 9321 10303 278 8887 8887 8887 8887 8887 8887
22519 1359 7740 5630 8888 785
22520 2560 2571 3735 620 2166 3221
22521 5278 11568 8887 8887 8887 8887
22522 8357 11687 9690 10279 8461 8887 295
22523 5523 7654 2984 11700 7654 10607
22524 10064 8887 8887 8887 8887 8887 8887 8887 8887 8887 8887 8887
22525 343 6286 6531 8887 8887 8887 8887 8887
22526 9 10747 8887 8887 8887 8887 370 8887 8887 8887 8887 8887 8887 8887 8887 8887 8887 8887 8887 8887 8887 8887
22527 9000 422 7934 1994 3412 4209
22528 7763 8443 8887 8887 8887 8887 8887 8887 8887 8887 8887
22529 3295 8624 8887 8887 8887 8887
22530 1206 3492 444 9196 103
22531 4881 4128 1195 2628 5559
22532 3745 690 1962 170 775 1411 1164
22533 9003 301 8887 8887 8887
22534 2051 1706 8887 8887 8887 8887 8887 8887 8887 8887 8887 8887
22535 2912 2489 876 2382 3402 8913
22536 6638 6634 8887 8887 8887 8887 8887 8887 8887 8887 8887
22537 2560 6831 10034 6758 1252 9661 11793 2474 3352 4774 5485 1909
22538 6823 9289 296 10265 3085
22539 2144 5496 10401 8887 302 11967 8887
22540 715 3272 8887 8887 8887 8887 8887 8887 8887 8887 8887 8887 8887 8887 8887 8887 657 3038 8887 8887 8887 8887 8887 8887 8287
22541 8860 3024 1707 298 3028 9485 1238 3818
22542 6781 4102 1056 1887 2771 4898
22543 6687 8846 10607 11626 2395 1614 1047
22544 8884 9480 698 8887 8887 8887 8887 8887 8887 8887 8887 8887
22545 5333 11687 5578 11943 4258
22546 5063 5278 8887 8887 8887 8887 8887 8887 758 381 1171 1312
22547 7995 12073 4184 10000
22548 8586 9775 11880 7806 789
22549 4674 8681 3278 7585 1206 1110
22550 5778 2015 302 8887 8887 8887
22551 1354 597 95 8887 8887 8887 8887 9662 8887 8887 8887
22552 1524 10324 2774 8887 8887 8887 8887 8887 8887 8887 8887 8887 8887 8887 8887
22553 8612 1406 1472 7939 1629
22554 1206 3402 5218 7260 1624 2049 611
22555 5063 1411 882 1265 1172 1979
22556 366 4784 8887 8887 8887 8887 8887 8887 302 8887 8887 8887 8887
22557 1120 2785 8887 8887 8887 8887 8887 8887 8887
22558 9470 3708 1155 1156 695 95 3685 2349 812 701 4089
22559 6629 10664 1175 8887 8887 8887 8887 9603
22560 2269 7660 1351 4913 9852
22561 2051 278 8887 8887 8887 8887 8887 8887 8887 8887
22562 105 2748 3776 1356 8887 8887
22563 5886 371 2257 8887 8887 1981 11716
22564 1439 8887 8112 493 8887 8157
22565 11720 73 8432 1327 469
22566 12008 4923 11746 8887 8887 8887 8887 8887
22567 3395 1124 610 6635 8797 3410 4604
22568 3213 6211 4604 8887 8887 1881 8887
22569 3656 10019 8887 8887 8887 8887 8887
22570 2242 8887 8887 8887 8887 8887 8887 8887 8887 8887
22571 1508 8887 8887 8887 8887 8887 8887
22572 4409 5975 1554 127
22573 11998 2678 9046 2672 8887 8887 8887 3507 375 3753 1264 1840
22574 3868 699 3068 3068 879 370 1779 1173 923 818 1836
22575 8164 280 8887 8887 8887 8887 8887 8887 8887 10747
22576 879 3158 8887 8887 8887 8887 8887
22577 4095 9042 301 8887 8887 8887 8887
22578 680 13 1882 7172 1693
22579 5437 9450 9051 8887 8887
22580 598 796 8887 8887 8887 8887 8887 8887 8887 8887
22581 10928 3514 8887 7675 8887 8887 8887
22582 3059 701 4629 761 6954 1264
22583 4203 7257 1582 8887 8887 669 764 3031
22584 4209 343 3481 10082 3547
22585 1909 10657 95 8887 8887 8887 8887
22586 10790 8887 8887 8887 8887 8887 8887 8887 8887 8887 8887
22587 790 8887 8887 8887 8887 8887 8887 8887 8887 8887
22588 10833 11700 7803 138 8887 8887 8887 8887 8887
22589 5637 1035 2110 537 6841
22590 3241 1092 2679 1935 5571 7449
22591 9635 844 892 8887 8887 8887 8887 8887
22592 8648 1362 3409 8887 8887 8887 390
22593 5462 6670 7999 7656 10668
22594 3884 2419 4957 10168 804
22595 10833 11519 11200 8887 8887 8887 8887 8887
22596 11355 8410 3072 2385 2536 8072 2339
22597 271 810 1766 3364 8523 2577 1044 3869
22598 301 11746 9871 11946 8512
22599 1354 754 8887 8887 8887 8887 8887 8887 8887 8887 8887 8887
22600 657 998 7676 5980 3411
22601 10288 7381 572 5356 9671 11745 296
22602 1190 99 98 1240 1081 278 279
22603 1475 4929 11197 11001 279 8887 8887 8887 8887 8887
22604 4571 10555 8887 8887 8887 8887 8887 8887 8887
22605 1046 7455 2945 4728 7639 4919 40
22606 4389 8349 3003 8887 8887 8887 8887 8887 8887 8887
22607 11701 3967 8416 1639 8887 3548 3855
22608 1090 7628 3445 3344 2418 5176
22609 775 5063 812 8887 1192 3134 1977 8887 8887 8887 8887 8887 8887 8887 8887 8887 8887 1984
22610 6288 621 878 11457 8887 8887 3645 8887 8887 8887 8887 8887 8887 1055 8887 8887 8887
22611 6321 12073 4239 7060 1556 333 9301 2687 1322 6948 8080 6628
22612 8887 8887 8887 8887 8887 8887 8887 8887 8887 8887 8887 8887 8887 8887
22613 2576 8887 8887 8887 8887 8887 8887 8887 8887 8887 8887 8887
22614 6349 11497 3825 7375 817 2899
22615 1354 3860 455 11941 8887 8887
22616 6515 1125 511 2161 8159 2366
22617 3656 11743 366 3869 8887 8887 8887 8887 8887 8887 8887 8887 8887 8887 8887 8887 8887 8887 301 8887 8887 8887 8887 8887 8887 8887 8887 8887 8887 8887 8887
22618 1918 6858 1473 10942 5959 3304
22619 3949 168 672 6648 8887 8887 444 4339
22620 2860 1111 7495 1626 6948 5483
22621 11916 5278 6504 10330 7527 7979 8056
22622 9509 4473 3254 3084 10693 2134
22623 7740 1522 2169 302 6633 10555 3024 1585
22624 10473 9606 9322 4779 102 3125
22625 531 616 8887 8887 8887 1918 9120 4072
22626 2649 8887 8887 8887 8887 8887 8887 8887 8887 8887
22627 9351 1086 396 1851
22628 3967 8887 8887 822 396
22629 2191 6928 2214 11871 891 762 702 5923 923 1174 8887 8887 956
22630 888 8887 8887 8887 8887 8887 8887 8887 8887 8887 8887 8887
22631 24 14 494 3457 3338
22632 2627 1978 8887 8887 8887 1836 8887 8887
22633 11575 12093 8887 8887 8887 8887 8887 8887 8887 8887 8887 8887
22634 5543 3326 6220 10288 4825 8887
22635 6633 9018 9198 11946 3414
22636 4543 11865 7105 8887 8887
22637 3291 8887 4018 1683 8887 8887 8887 8887 8887 8887 8887 8887
22638 7562 8887 8887 8887 8887 8887 8887 8887 8887 8887 296
22639 4029 10557 8887 8887 8887 8887 8887 8887 8887 8887 8887
22640 1997 1852 278 8887 8887 8887 8887
22641 4400 8887 8887 8887 8887 10395 8887 8887 8887
22642 3110 4101 1187 11327 1652 3503
22643 4201 8887 8887 10362 8887 8887 8887 8887 8887
22644 6466 6464 3025 10747 5409 3021 6465
22645 13 7247 9653 8887 8887 8887 8887 8887 8887
22646 5472 834 1477 241 5048 5562 452
22647 672 2871 1278 9352 8887 8887 8887 8887 8887
22648 4809 1363 8887 8887 8887 8887 8887 8887 8887 8887 8887 8887 8887
22649 6339 4791 8887 8887 8887 8887 8887 170
22650 6000 8105 11563 11021 8887 8887 7919
22651 8887 8887 8887 8887 8887 8887 8887 8887 8887 8887 8887 8887 8887
22652 3073 301 8887 8887 8887 8887 8887
22653 2585 499 1626 4576 1490 1360 2310
22654 917 8887 8887 8887 8887 8887 8887 8887 8887 8887 8887 8887
22655 2449 4765 246 516 6523 9741
22656 8887 8887 8887 8887 8887 8887 8887 8887 8887 8887 8887 8887
22657 5665 1499 1535 3006 1112 2505 1465 9285 3881
22658 4648 4240 4481 1520 6443
22659 1109 7747 8887 8887 8887 8887 8887 8887 8887 7009
22660 6763 7647 9942 447 171 1056
22661 3746 9295 1815 273 1995 4133 7928 11558 2091
22662 1706 11884 8887 1192 9247 8887 8887 8887 8887 8887 8887 8887 8887
22663 6457 13 2341 3864 11030 1356
22664 3011 1877 3520 4064 4982 8089
22665 992 1361 1349 3476 8887 8887 8887 8887 8887 8887 8887 8887 8887 1108
22666 9788 6869 385 2640 1303 3088 3061
22667 8363 6306 6606 675 8887 8887 8887 8887 8887 8887 8887 8887 8887
22668 2109 801 8887 8887 8887 8887 8887 8887
22669 13 4258 8887 8887 8887 8887 8887 287 8887
22670 2678 8887 8887 8887 8887 8887 8887 381 8887
22671 1565 444 11367 105 3411 6628
22672 5594 96 791 3338 4259 1195 170
22673 2736 8887 8887 8887 8887 8887 8887 8887 8887 8887 8887 8887 8887 8887 8887
22674 10104 8887 8887 8887 8887 8887 8887 8887 8887 8887 8887 8887 8887 8887
22675 2852 8887 8887 8887 8887 8887 8887 8887 8887 8887 8887 8887 6465
22676 295 613 8376 7591 6641 3880
22677 2625 551 8474 10259 5058 11021 8886
22678 2406 301 7776 10915 6649 8887 8887
22679 10653 287 5765 3859 308 8056 3290 11550
22680 4231 8887 8887 8887 8887 8887 8887 8887 8887 8887 8887 8887 8887 8887 8887 8887 8887 8887 8887
22681 494 1708 9051 8887 8887 2937
22682 3290 1706 278 8887 8887 8887 8887
22683 6494 8887 8887 8887 8887 8887 8887 8887 8887 8887 8887 8887 8887 8887 8887 8887 8887
22684 8200 1688 410 4452 8887 8887 8887 8887 8887
22685 6990 8887 8887 8887 8887 8887 8887 8887 8887
22686 8887 8887 8887 8887 8887 8887 8887 8887 8887 8887 8887 8887 8887 8887
22687 9238 8887 8887 8887 8887 8887 8887
22688 5507 4518 3860 9958 853
22689 8887 8887 8887 8887 8887 8887 8887 8887 8887 8887 8887 8887 8887 9
22690 1292 11136 5379 6919 7598
22691 7922 8887 8887 8887 8887 8887
22692 7851 93 3947 2670 9287 10392
22693 717 2953 8887 8887 855 422 5832
22694 620 10958 11537 924 11310 9798 4529 816 11660
22695 271 637 5778 2288 46
22696 3312 775 5063 7308 1978 8887 8887 2788
22697 1092 1348 1406 3586 5694
22698 10385 10722 875 11402 6655 3139
22699 6571 890 500 11956 9545 8887 8887
22700 511 888 1195 2273 3786 12079 10781 12054 11854
22701 2111 8887 8887 8887 8887 8887 8887 8887
22702 1667 1591 6387 4240 1437 10976 5550 128 3409 5058
22703 2355 3584 5374 5265 2875 906 287 8887 8887 2275 4162 6269
22704 3208 12054 8887 8887 8887 8887 1706 6641
22705 1399 6419 11460 12 1408
22706 295 302 8887 8887 8887
22707 1042 8135 4418 8373 10732 10657 2128
22708 11535 8887 8887 8887 8887 8887 8887 8887 8887 8887 1526
22709 862 1766 5431 8887 8887 8887 8887 8887 8887
22710 536 366 8887 8887 8887 8887 8887 8887 8887 8887 8887 8887 8887 8887 8887 8887 8887 8887 8887 8887 8887 8887 8887 8887 8887
22711 978 8586 6504 6005 6757 1497
22712 8887 8887 8887 8887 11574 8887 8887 8887 8887 8887 8887
22713 2563 7803 1408 7725 7958 8887 8887 8887 8887 8887 8887 8887 8887 8887 8887 8887
22714 301 279 8887 8887 8887 8887 8887 8887 1332
22715 3762 4731 1727 5534 8887 8887 8887 8887 8887
22716 2877 8285 8671 9148 655 6663
22717 9702 7419 3434 8642 11842
22718 2817 2033 5262 3270 8032 94
22719 5231 302 8887 8887 8887 8887 8887 2649 8887 8887
22720 5394 7206 3158 8887 8887 8887 8887 8887 972
22721 7981 6504 705 8268 817 416
22722 8522 6309 810 7974 8887 8887 122
22723 6937 7297 11466 813 3629 8887 8887
22724 5371 2666 8887 8887 8887 8887 8887 8887 8887 8887 8887
22725 7919 2051 11574 8887 8887 8887 8887 8887
22726 5265 1161 10725 1980 396 397
22727 1999 10532 8887 8887 8887 1108 657
22728 7746 8887 8887 2841 8887 8887 8887 8887 8887 8887 3656 8887
22729 278 8887 8887 8887 8887 8887 8887 8887 8887 8887
22730 278 287 8887 8887 8887 8887 8887 8887 8887
22731 4241 7925 6556 8908 7883 491 122
22732 5153 1412 1780 1062 703 1782 1780 909 1057 3277 1232 3519
22733 6808 8887 8887 8887 8887 8887 8887 8887
22734 956 3649 1102 7711 83 3546 6225 3542 3546 1841
22735 879 761 8887 8887 1264
22736 4389 11010 2563 12020 9454
22737 8292 11025 8887 8887 8887 8887
22738 2149 8206 2024 9077 11615 4427
22739 271 1779 8887 8887 8887 8887 8887 8887 8887 8887
22740 2771 1231 7931 9268 9392
22741 2406 588 8887 8887 8887 8887 8887 8887 8887 8887
22742 2784 2225 7719 8887 8887 8887 8887 8887 8887 8887 8887 8887 8887 8887 8887 8887 8887 8887
22743 8887 8887 287 8887 8887 8887 8887 8887 8887 8887 8887 8887
22744 796 1348 1441 1788 4714 8256
22745 4455 8370 913 8887 8887 8887 8887 8887 8887 8887 8887 6390
22746 11723 9973 2650 5813 3815 11877
22747 494 9651 10938 4646 10301
22748 5436 983 8887 8887 8887 8887 8887 8887 8887 8887 8887
22749 6880 1240 2915 2590 2492 2360
22750 4979 578 4507 6536 6281 4811 8887 8887 8887 8887 8887 8887 8887 8887 8887 8887 8887 1055 8887 8887 8887 9538
22751 4561 8887 8887 8887 8887 8887 8887 8887 8887 8887 296
22752 701 904 812 5570 919 3519 1781 1061 3277 1982 9507 937 925 3874 2380 9419 819
22753 3589 8887 8887 8887 8887 8887 8887 1974 8887 8887 8887 8887 8887 8887 8887 8887 8887 8887 8887 8887 8887 8887
22754 6422 9841 9962 4005 2652
22755 865 8887 8887 8887 8887 8887 8887 8887 8887 8887 8887 8887 8887 8887
22756 5853 51 2155 8887 8887 8887
22757 8887 8887 8887 8887 8887 8887 8887 8887 8887 8887
22758 125 6569 250 7395 2045 1042
22759 9856 8887 8887 8887 8887 8887 8887 8887 8887 8887 8887 8887 224
22760 4881 1681 11307 1408 5673 279 8887 309
22761 12053 6631 11838 8887 8887 8887 8887 8887 8887 8887 8887 8887 8887 8887 8887 8887 8887 8887
22762 343 9717 624 4878 2452
22763 1778 1691 2696 2683 3087 8887
22764 8887 8887 8887 8887 8887 8887 8887 8887 8887 8887
22765 754 4763 8887 8887 8887 8887 8887
22766 5643 7782 11709 11645 11660 9597 5814
22767 812 8887 8887 8887 8887 8887 296
22768 444 5765 2051 2045 8183 675 100
22769 696 11946 8887 8887 8887 8887 8887 8887 8887
22770 5003 269 10601 9694 7308
22771 6666 2080 3638 8887 8887 8887 8887 8887 884 8887 6526
22772 6912 8887 8887 8887 8887
22773 2856 13 2938 7168 8887 8887 8887 8887
22774 1098 3736 1158 2722 8887 8887 8887 8887 8887 8887 8887 8887 8887 8887 8887 8887 8887
22775 6323 7610 4261 6785 10013 11935
22776 10830 8545 8651 1656 6891 7449 11854 451
22777 6323 2544 6472 1455 3257 10762
22778 9690 8432 3973 6344 8887 8887 296 11096
22779 790 6181 1173 8887 8887 8887 8887 8887 8887 8887 8887 8887 8887 8887 8887 8887
22780 3656 11716 8887 8887 8887 8887 8887 8887 8887 8887 3876 8887 672
22781 687 8887 8887 8887 8887 8887 8887 8887 8887 8887 8887 8887
22782 834 670 859 7841 9018 11935 6297
22783 8671 9893 4524 2090 24
22784 8612 7219 9074 11288 2625 8887 8887 8887
22785 9263 9434 2186 6556 5356 63
22786 878 5111 8887 8887 8887
22787 6515 10192 5898 471 4814
22788 11954 1428 147 1519 5181 3897
22789 6910 8887 8887 8887 8887 8887 8887 8887 8887
22790 1917 670 5237 2010 8887 24
22791 7285 11585 11569 6942 8887 8887
22792 11155 2650 1350 2651 1302
22793 1183 3871 8887 8887 8887 8887
22794 6465 3021 11765 2824 3539
22795 5166 8887 8887 8887 8887 8887 8887 8887 8887
22796 6057 8887 10018 3656 8887 8887
22797 9282 302 9620 6942 8887 8887
22798 2418 670 1738 10344 8887 8887
22799 7331 5536 296 8887 8887 8887 11998 8887 8887
22800 1093 877 138 87 543 5818 2774 2537 685
22801 1521 8887 8887 8887 8887 8887 8887 8887 8887 8887
22802 6463 8846 6464 5595 8113 5568 2849
22803 10192 8887 5197 4054 95
22804 7226 1350 1723 8887 8887 8887 8887 8887 8887 8887
22805 3452 1689 10123 10031 3636
22806 5404 8887 8887 8887 8887 8887 8887 8887 296
22807 446 6347 11030 4316 4956 8340 8340 39 4304
22808 6119 8123 2920 1872 39 4206
22809 7169 1399 849 2127 8887 8887 8887 8887 8887
22810 6001 6788 2148 849 39
22811 2441 8887 8887 8887 8887 8887 8887 8887 8887 8887 8887 8887
22812 9 564 6465 10747 3693 1079 6463 9341 3549 3550
22813 5550 98 6633 11574 8887 1062 11286
22814 11194 301 8887 8887
22815 1098 3851 914 1982 1808 4814
22816 6558 8728 10244 5977 1630 2959 9645
22817 8887 8887 8887 8887 8887 8887 8887 8887 8887 8887 6465
22818 3266 1872 39 4205 9418
22819 775 4809 8363 9480 4664 8185 7888 11601 2456 3769 3491 2559 7956
22820 6501 5392 1186 8887 8887 8887 8887
22821 6381 3414 296 5765 7843 11406 7883 6722
22822 4897 6461 1766 8887 8887 8887 8887
22823 8719 10313 11272 10807 8887 8366
22824 8813 253 10145 32 6893 9916 8638
22825 8887 8887 8887 8887 8887 8887 8887 8887 8887 8887
22826 140 1501 6922 6400 924 1059 2578 1232 1986 7228
22827 6571 5320 3748 4548
22828 10483 302 8887 8887 8887 8887 8887 8887 8887 8887 8887 8887
22829 10874 4576 4981 11247 11883 8887
22830 7278 8887 8887 8887 8887 8887 8887 8887 8887 8887 8887 8887 8887 8887 8887
22831 2125 3941 7008 2883 6463 5595 6466 9743 9744 10607 11626
22832 3825 3224 8078 8887 8887 8887 8887 8887 8887 8887 8887 8887 8887 8887 8887
22833 3898 8887 8887 8887 8887 8887 8887 8887 8887 8887 8887 914 8887 8887
22834 7896 20 511 1116 8454 1350
22835 4576 1708 1089 7272 1164 1224 9481 1760
22836 8363 3656 279 8887 8887 8887 8887 295
22837 5710 445 8546 5954 7804 5667 2894
22838 4571 103 7607 8887 8887 8887 8887 8887 8887 295 8649 855 491 1024
22839 9882 7431 1708 8887 8887 8887 8887 8887 8887
22840 2129 6580 3816 9125 7523 6753 11066
22841 8185 278 4702 10282 11625
22842 1917 4385 10851 1356 4709 5172
22843 8559 138 6329 4199 5945 6445 5595 2690
22844 5271 6958 662 8887 8887 8887 8887 8887 8887 9538
22845 12093 9662 9597 11445 529
22846 709 7291 3628 6453 906 11810 915 8887 377 1170 757 898 2890 5360 385 704 705 1066 9872 9153
22847 7219 8887 8887 8887 8887 8887 8887 8887 8887 295 309
22848 6099 9962 1565 1779 8887 8887 8887 8887 8887 8887 1843
22849 701 8887 8887 759 4408
22850 7408 9620 674 6942 8887 8887
22851 2645 6862 8887 8887 8887 8887 8887 8887 8887 8887 8887 8887 8887
22852 1125 789 1641
22853 4293 4198 10634 1713 279 291
22854 370 368 905 919 1170 707
22855 2174 6792 4552 7634 548 8572
22856 2168 8272 4310 8887 8887 8887 8887 8887 8887
22857 1091 8862 4774 803 5710
22858 3341 1359 10886 44 8970
22859 8397 2844 796 11134 8887
22860 9994 8887 8887 8887 8887 8887 8887 1893 3348
22861 9640 489 6959 7607 8887 8887 4258 2650
22862 7078 1624 1195 554 2439 2128 1354 668 11297 9168
22863 4809 10011 8887 8887 8887 8887 8887 8887 8887 8887 8887
22864 6907 618 115 9457 95
22865 2883 3023 9744 3025 6465 5409 3023 6465 6465 3023 9744 5525
22866 9179 8887 8887 8887 8887 8887
22867 11166 8583 3162 2197 6215 511
22868 9535 7631 6825 1670 7505 11474 2649
22869 2282 2349 1363 8887 8887 8887 8887 8887 8887 8887 8887 8887 8887 8887
22870 4152 1427 2090 8887 8887 8887
22871 2010 613 6635 11192 8887 8887
22872 366 2168 8887 8887 8887 8887 8887 8887 8887 8887 8887 8887 8887 8887 8887 8887 8887 8887 8887 4814
22873 744 8022 298 301 859 12037 8887 8887
22874 8119 594 10306 444 9720 5840 5721 4666 1555
22875 2508 1536 8887 8887 8887 8887 8887 8887
22876 4991 7434 3402 4816 523 1753 271 1941
22877 2088 9613 2964 343 856 2486
22878 10231 11828 905 1414 1981 7279 816 2897 416
22879 3867 1697 2361 380 1178 6687 8887
22880 9196 6430 854 5817 4446 7061
22881 7956 12093 11682 6405 4341
22882 2107 10859 8887 8887 8887 8887 8887 4736
22883 5818 10351 9065 7806 1239
22884 5705 8887 8887 8887 8887 8887 8887 8887 8887 8887
22885 11849 2263 4821 3704 5590 6092 3516 10762
22886 1829 3851 1171 1978 818 8887 8887 8887 4801 4814
22887 651 1670 2452 1788 8887
22888 2570 672 989 831 128 8887 8887
22889 24 51 4448 2133 2728 9940 2149
22890 6281 812 8887 8887 8887 8887 8887 8887 8887
22891 1351 2937 51 8887 8887 8887
22892 4452 8887 8887 8887 8887 8887 8887 8887 8887 8887 8887
22893 6030 7745 1723 4814 8071 9261 3695 955
22894 2683 102 8887 8887 8887 8887 8887 8887 8887 8887
22895 3068 1163 1168 372 1978 955 2275
22896 10013 8887 8887 8887 8887 8887 8887 8887 8887 8887 8887 8887 8887 8887 8887
22897 1918 6783 6427 8692 3720
22898 9040 2726 227 2493 107
22899 6314 1367 735 1708 8887 8887
22900 10254 7921 8887 8887 8887 8887 8887 8887
22901 1013 51 8887 8887 8887 8887 8887 8887 8887
22902 5813 11324 2350 8887 8887 8887 8887 8887
22903 5288 7525 7371 2334 1278
22904 3750 6465 3548 2690 9743 3549 1812 1925 4385 5210 6477 4163 5959 413 5573
22905 7261 11612 8935 3852 2361 1784 11770 390 1269
22906 3187 8381 8887 8887 8887 8887 8887 8887 1708 8887 8887 8887
22907 7119 87 3401 6005 1508 11351 1511
22908 2015 10840 8887 8887 8887 8887 8887 102 8887 8887 8887 8887 8887 8887
22909 4757 5374 9695 757 703 382 3515 3516 1170 1978 921 1781 1781 3428
22910 8285 7766 6638 8887 8887 8887 8887
22911 8376 6502 301 8887 8887 8887 8887 8887
22912 7018 8887 8887 8887 8887 8887 8887 8887 8887 8887 8887
22913 9877 8638 2418 11277 11310 11568 9620 10840 11409 6641 11505 8887
22914 84 6751 2540 9808 8540
22915 2012 11973 11297 8887 8887 8887
22916 1490 1872 1706 10768 1674 8664 4221
22917 10985 24 24 13 51 10626 11700 287
22918 3476 3800 1387 1554 1206 7798
22919 9603 1913 8887 8887 8887 8887 8887
22920 3402 4377 8887 8887 8887 8887 8887 8887 8887 8887 8887
22921 536 8887 8887 5265 706 8887 8887 8887 8887 8887 8887 811
22922 3782 7192 2825 62 4339
22923 9229 883 912 12069 5315
22924 985 8887 8887 8887 8887 8887 8887 8887 8887 8887
22925 985 8887 8887 8887 8887 8887 8887 1211
22926 2636 10329 10881 592 11132 1498
22927 403 5402 278 8887 8887 8887 8887 8887 8887 8887 8887 8887
22928 834 7493 335 9536 3767 7248 1768
22929 8887 8887 8887 8887 8887 8887 8887 8887 8887 8887 8887 8887 8887
22930 3656 2678 8887 8887 8887 8887 8887
22931 20 8887 8887 8887 8887 8887 8887 8887 8887
22932 2036 290 302 8887 8887 8887 8887 8887
22933 11129 5869 2051 278 8887 5523
22934 4452 6477 2363 1520 10316 859 3656 279
22935 752 812 8887 8887 8887 8887 8887 8887 8887 8887 8887 8887 8887 8887 8887
22936 857 5715 11361 8887 8887 8887 8887 8887 8887 8887 8887
22937 5463 2149 11385 11149 3239 3769 2274
22938 3235 11272 2056 8887 8887 8887 8887 8887 8887 8887 8887 8887 8887 8887 8887 8887 8887 8887 8887 8887 8887
22939 11531 7333 36 1275 2954 6092
22940 3564 8887 8887 8887 8887 8887 983 8887 8887 8887
22941 1224 8887 5462 8887 8887 8887 8887 8887 8887 8887 8887
22942 7383 10421 8887 8887 8887 8887 8887 8887 8887
22943 9192 4585 1995 6705 2603 810
22944 9605 82 9333 1642
22945 8887 8887 8887 8887 8887 1468 8887 8887 5388
22946 700 912 760 8887 8887 8887 8887 956 1176
22947 563 12009 10019 6626 8887 8887 8887 8887 8887 8887 8887
22948 279 8887 8887 8887 8887 8887 8887 8887 8887 8887
22949 9039 2050 8676 3229 9036
22950 4355 7105 11946 245 11874 8506 6536 4309
22951 6737 10240 1937 7060 11253
22952 725 3092 10463 14 690 4416 8887 8887 8887 8887 8887 1981
22953 6267 701 1775 1978 4166
22954 1706 11478 8887 8887 8887 8887 8887 8887 8887 8887
22955 4182 5892 1994 6151 8887
22956 12093 9391 794 9962 9932 1494 5292
22957 5285 125 3201 12089 271 3549
22958 3966 5462 8887 8887 8887 8887 8887 1974 761 1057
22959 8887 8887 8887 8887 8887 8887 8887 8887 8887 8887 8887 8887 8887 8887
22960 8887 8887 8887 8887 8887 8887 8887 8887 8887 8887 9
22961 53 2080 10272 3424 10307 1808 937 5275 525
22962 715 366 5462 8887 8887 8887 8887 8887 8887 2655 8887 761 8887 8887 5265 1412 6709 1059 2889 4166
22963 10279 11988 2983 3441 6159 6641 11298
22964 8436 8887 4545 8887 8887 8887 8887 8887 8887 8887 8887 8887
22965 5197 7060 1452 3514 6850 554 657
22966 1187 8887 8887 8887 8887 287 8887 8887 8887 8887 8887 8887 8887
22967 3277 1058 1175 923 2898 2896 5360 2536 3532 4529 2275
22968 3272 698 8887 8887 2686 450 9160
22969 6687 8846 7008 6463 5595 6466 935 9744 2690 3548 9744 10607
22970 883 11993 8887 8887 8887 8887 8887 8887 8887 8887 8887 8887
22971 11120 1779 8887 8887 8887 8887 8887 8887 8887 8887
22972 6208 9592 6357 4801 3586
22973 6395 617 2633 1973 1952 5190 542
22974 1565 796 1441 8887 8887 8887 8887 8887 8887 8887 8887
22975 1902 10526 5552 4501 5013 1023
22976 4213 716 788 5367 1359 7868
22977 1753 8887 8887 8887 8887 8887 8887 8887 8887 8887 8887
22978 812 2982 8887 7776 8887 8887
22979 3975 10336 3967 8887 2289
22980 192 6465 11144 1078 4282 6463 935
22981 149 4288 4522 5356 8938
22982 6569 10343 6404 5789 2047 6603
22983 6409 3415 6942 11274 8887
22984 588 3111 2360 11409 6909
22985 6638 295 278 8887 8887 8887 8887 8887
22986 5165 1233 4132 2038 611
22987 5005 6292 3652 7600 8887 3235 1302
22988 4811 1164 1164 2361 1455 8887 8887 8887 5552 926 8887 8887 8887 8887 754 8887 8887 8887 8887 8887 8887 4921
22989 1162 4811 8887 8887 8887 956
22990 716 3707 775 1475 11188 10956
22991 8777 8887 8887 8887 8887 8887 8887 8887
22992 444 5692 287 3859 8887 8887
22993 3571 10466 1521 2198 102
22994 2485 302 8887 8887 8887 8887
22995 579 4529 8887 8887 8887 8887 8887 8887
22996 6798 8887 8887 8887 8887 8887 8887 8887 8887 909 8887 8887
22997 7040 1078 8887 8887 8887 8887 8887 8887 8887 8887 8887
22998 4505 5765 7838 990 5687 247 105 2335
22999 4503 11191 11034 8887 8887 8887 8887
23000 834 670 7060 6649 2049 5766
23001 371 4811 8887 8887 8887 8887 8887 8887 8887 8887
23002 834 754 671 6436 253 754 136 11976 70 1799 39
23003 5481 7919 296 8887 8887
23004 7746 296 8887 8887 8887 8887 8887 8887 8887 8887 8887
23005 1108 4991 5559 2032 9403 8095
23006 7573 1354 10536 3290 7932 1201
23007 10144 2044 1913 3818 2780 3624
23008 604 8229 2955 4827 5065 8887
23009 1337 2728 78 655 8340 3334
23010 11245 5465 9979 7250 8908
23011 369 757 8887 8887 8887 8887 8887 8887 8887 8887 8887 8887 8887 8887 8887 8887 8887 8887 8887
23012 10013 278 8887 8887 8887 8887 8887 8887 8887 9155
23013 11288 3825 4429 1127 2998
23014 5569 5265 706 8887 8887 8887 8887 752 704 763
23015 9470 3842 747 878 5374 2576 4814
23016 4530 5356 5993 6779 6000 2841 5540 5649
23017 5013 5658 5794 3480 7060 2849
23018 3242 3275 1756 8887 8887 8887 9 2750
23019 4851 301 279 8887 8887 8887 8887 8887 8887 10858
23020 8728 10966 2805 1375 3603 5738
23021 10747 3023 3545 6466 9744
23022 3967 8887 8887 8887 8887 8887 8887 8887 8887 8887 296
23023 5063 9034 8084 705 2380 1851
23024 10231 1725 8887 8887 8887 8887 8887 8887 8887 8887 8887 8887 8887
23025 1451 105 8887 8887 8887 8887 8887
23026 7312 1482 4634 8887 8887 8887 8887 8887 8887
23027 3730 1903 5362 11624 8269
23028 301 8887 8887 8887 8887 8887 8887 8887 8887 8887
23029 8451 10042 8340 11172 7165 3130 6693
23030 7974 812 8887 8887 6406 5149
23031 277 7222 3445 4498 499 1016
23032 744 1642 8887 8887 8887 8887 8887 8887 8887 8887 8887 8887 8887 8887 8887 8887
23033 2726 11697 8887 8887 8887 8887 8887 8887 8887 8887 8887 8887 10008
