22364 4289 813 3143 8537 2666 2667 653 3028 11800 2536 2536 938 9268 11278 10258 11731 12081 7449 11114 10258 2273 3028 11771 11803 11802 11790 11771 9268 12042 12043 12044 11771 9835 3254 7479 3382 10539 7052 5746
22365 1708 8887 8887 9603 9170 9950 12076 2214
22366 1329 3123 4529 3650 3429
22367 3012 834 4579 11179 3705 7507 3471 10017
22368 2174 1157 9962 368 918 956 919 1781 921 4767
22369 1532 12061 4269 653 5098 215
22370 37 128 70 4682
22371 39 296 12048 298 7979 3414 9950 8734
22372 4104 3285 4373 1706 5444 6915 24 6508 281
22373 2359 4536 10145 7139 2938 68
22374 10678 12072 447 12064 3137 2468
22375 6558 10016 8887 9664 3517 5576
22376 4400 1917 2438 5882 6339
22377 4291 4466 388 764 1162 702 703 2889 2361 924 385 1058 380 707 3452 8760 1071 1232 1981
22378 4843 3208 4043 2720 4073 7655 7653
22379 4488 7660 5239 5207 8658 1671 5979 7090 1536 2150
22380 1160 5265 2875 813 3506 3277 5570 373 1977 1314 3125
22381 10312 7845 9949 6410 10537 4170
22382 6463 6463 12061 10747 10747 10607
22383 3290 301 2091 928 11740
22384 879 751 3597 1841 4801
22385 6725 3325 8887 8887 6319 10955 834 1988 6436
22386 5853 3414 6640 7475
22387 5394 370 8887 908 378 1054
22388 7345 7355 478 11973 4162 1104 1105
22389 528 2327 9990 359 927 6462 1809 1808 377 1311 1311 1977 1978 708 3431 397
22390 879 2746 5762 392 3650
22391 6465 925 10607 11626 5573
22392 1311 8555 882 814 1059 814 761 8887
22393 6706 477 90 1112 5262 7162
22394 3840 11140 7660 3029 11766
22395 8895 5598 2946 8951 447
22396 985 8887 8887 8887 9152 2502 2932 2315
22397 11714 10541 8931 7925 1225 11172 3207 3407 11920 5553
22398 2550 1703 4222 2973 2809
22399 279 4289 11876 10555 12073 6943
22400 1310 2349 5311 1169 4990
22401 1670 7978 2015 11953 657 8847
22402 5843 11550 3024 296 5765
22403 796 537 1478 6787 1653 6641
22404 9690 10890 4162 5536 2349 912 3646 5570 1062 3133 920 1265 1977 1978 6283
22405 3274 5312 6954 2875 1981
22406 9344 4178 1855 7217 2125 11149 7750
22407 1241 1829 8887 912 378 1055 3645 375 916 1265 385 2361 1066 4814 5401 3429 5385
22408 3333 10605 5058 303 11261 8076
22409 8895 1026 1032 6078 6518 5591 578
22410 301 278 279 4768 816
22411 1463 985 8779 11336 4998 7518 1192 2271 9760 11388 9871 7596 4377 9399
22412 136 5278 4792 8368 1708 99 4650
22413 5693 11667 11977 11978 1811 11593 4871 9506 2031 10153 1684 2031 2650 4273 5780 770 6746 6954 11642 1170 7559
22414 6079 261 4982 8340 190 1860 3182 1453 9299
22415 2987 10747 9744 5409 3693 7008 6390 10654 3550 2269
22416 6084 4302 4975 3456 2903 3897
22417 3251 606 4324 5998 169 446
22418 8512 11990 7040 398 5721
22419 5962 1204 6189 7612 7849 488
22420 8973 9835 523 7403 6254 1350 337
22421 3656 11269 5715 11715 11575 4606 5687
22422 279 1706 11739 296 3024 11337
22423 1708 5524 5524 9660 5523 9664
22424 5333 1319 3565 4712 1880 6626 8056 7979 6501 7803 10344 378 374 1054 1168 909 909 1978 704 1269 385 2361 1977 1269 1232 1232 3088 1982 1984
22425 4546 1206 344 99 794
22426 9620 11478 7591 8887 2049 8461
22427 4625 2683 6271 1038 1090 490 6961
22428 9284 184 12060 925 5409 9726 6942 8760
22429 1775 3275 1058 703 703 702 1059 9153 398 399 953 6269
22430 581 176 6675 1162 5313 4811 384 761 762 5378 1977 388 10428 4416 761 3425
22431 301 613 2051 309 7591
22432 6463 9744 9744 9744 3025 9744
22433 227 4355 603 659 1871 11728
22434 719 6181 366 3440 898
22435 1896 550 2012 653 12079 11370
22436 2349 7355 757 912 3326 7133
22437 5566 4361 1554 1385
22438 1677 8388 13 90 46
22439 7537 5356 1500 3175 8388 8139 4319 11581 7576 10331 8199 4832 10136
22440 4863 6009 10620 11779 9194 8334
22441 7344 3137 9136 5060 4149 1160 1219
22442 4452 9699 9120 8463 578 3280
22443 13 51 51 1766 1126 46 2570
22444 674 657 9005 3387 2784
22445 1688 2174 1446 5293 4340 5128 6945
22446 6706 7564 8887 8887 8887 105 9451
22447 5824 2125 2127 1482 10223
22448 1080 3293 5278 301 1706 309
22449 1487 366 285 9788 4153 1170 1978 4166 705 1232
22450 5356 8041 5101 8514 42 6707 5831
22451 7095 2396 6091 8887 1452 5170
22452 1081 2971 10027 2844 510 2844 6915
22453 6629 287 11700 309 309 8380
22454 301 287 9092 11788 11405 7280 6628
22455 6942 11423 10833 3024 6414 7843 3555 11771 4549 1598 7777 3414 5765
22456 9162 2726 7622 9766 6961
22457 7519 301 9690 3024 10146
22458 3289 9383 1195 4529 4653
22459 8846 8248 10747 8846 536 3021 3023 6466 9744
22460 4150 5629 8312 8313 3196
22461 11572 308 301 302 8887 10316 6636
22462 366 6247 2041 3967 2349 3131 4629 4629 1161 3061 1218 6266 1595 954 8269
22463 6501 775 10298 7815 3656 8908 10235 11957 675 102 3130 1710 3135
22464 608 9902 9026 8907 6464 3548 5387 6466 3548 3693 5574 11139 2536 2795
22465 8349 775 6880 1109 1994 6021 9663 2191
22466 4461 3288 2726 2316 8983 3455
22467 7210 3002 10824 2093 2316
22468 8777 24 296 10555 11788 5765 293
22469 37 8970 703 4157 8851 3029
22470 3633 597 2915 796 6175 10180 4551 4403 10985
22471 9247 12021 2045 2834 536 95 8887
22472 5409 3021 822 415 416
22473 1446 7126 2400 2015 5278 4522 8924 9012
22474 3870 4811 3507 911 1062 1059 3519 1062 3277 920 1059 922 3645 1175 3753 5149 9943 1178 401 5567 3431 817 961
22475 4216 10420 844 11832 2301 10404
22476 6632 195 4901 862 9726
22477 3741 4082 10320 8642 3815 11642 3297 584
22478 4086 6940 613 298 11708
22479 5715 301 613 6641 309
22480 1871 494 1262 4561 1383
22481 10680 6632 7843 267 6458 9421 11229 1707 1585
22482 7612 4278 1878 7835 6969
22483 134 2872 6610 1901 6515 2079 8887 4139
22484 1599 754 1201 7254 4080
22485 4606 302 301 1683 10037 7920
22486 1736 1446 571 68 11515
22487 2834 11271 11467 3105 7803 10016 3295
22488 1548 4014 3090 1217 7362 3930 100
22489 8887 1441 7063 5081 831 2931
22490 2168 859 3505 8464 6684 821 1660 8051 963
22491 2585 3863 7632 6903 6991 11903 11522 53 11427 1859 9676 9106 610 1371 655 11230
22492 8887 6465 1079 3023 3026 985 4812
22493 2775 10259 381 301 309
22494 301 1921 4604 279 6410 4600
22495 1155 370 5394 6602 1172 763 916
22496 5697 2010 12059 7 7591 2360
22497 9101 4025 8887 834 859 2747
22498 2119 2973 3402 6847 1230
22499 752 2875 2357 422 1265
22500 2920 1623 1126 1120 6624 3750
22501 4695 1799 706 707 1414 5401 413
22502 279 11192 11574 8887 8887
22503 878 5374 7703 1841 1842
22504 301 287 296 5843 10607 11001
22505 3106 2041 2855 7088 11485 8306
22506 657 511 8879 490 28
22507 6909 5356 3471 10840 11900
22508 2075 1565 2080 1519 1872
22509 11089 6568 4576 4242 4002
22510 5872 8131 3788 8988 4475 3025 172 11799 6687 10487 2269 3034 10487 3025 6465 3025
22511 2476 4731 3659 3826 8887 8887 8887 3505 11822 1781 1841 7703 8885 1981 1416
22512 6692 12 1766 5265 812 5395 912 3123 3425 4768 1983
22513 6463 3023 2883 6463 3539 9744
22514 6942 295 11421 11112 278 11197 11407
22515 2485 1800 11140 609 59 9658
22516 302 7925 6414 8887 1468 1913
22517 1855 3933 586 6965 3215
22518 1281 6030 2242 8887 6668 11786
22519 8648 2678 10279 9018 10027 5586 9046 3659 6634
22520 5868 10837 5170 946 3114 3800
22521 796 8716 2044 9662 6068 9893
22522 2859 5278 296 9751 10223 6629 7745 10659 6414 6629 8361 9768 8421
22523 4288 9088 1978 8887 9925
22524 2573 9196 2371 801 7845
22525 295 9003 11700 11719 242 11705
22526 7746 2250 8558 11292 4581 9345
22527 4116 12093 8887 8887 7538 5155 3677
22528 1287 8131 5461 7815 4604 279 309 9519
22529 2454 7539 11608 3433 6247 3688 1775 917 6400 2890 383 5378 1314 773
22530 872 1873 297 1994 1356 494 4054
22531 7974 6266 6703 1580 5783
22532 1526 4119 10023 9902 3319 8887
22533 6278 5556 5258 8231 4495 2008
22534 3608 7289 28 323 817 1053 3486 2713
22535 4828 12022 10606 11700 11199 11669
22536 494 7887 4166 8887 5260
22537 24 13 6633 7809 3024 11199 290 1350
22538 1348 12032 11280 6122 2045 10303 7883
22539 10205 5598 4872 4040 11234 8378 1240 11409 9662 3400 1106
22540 8421 1533 8887 10019 301 6420 1880
22541 2889 8887 5287 1053 377 913 3425 1051
22542 5595 1535 12031 9046 9047
22543 10152 7276 2678 301 279 302
22544 9633 7256 7898 6465 5595 3548
22545 6549 603 6091 2668 4682
22546 1909 2427 6369 3683 5881 465 511 2504
22547 630 8386 11760 6631 6404
22548 1856 834 609 7024 3721 1934 4946 5427 10514
22549 10573 3949 3121 1321 2495 10366
22550 1162 700 8887 2135
22551 7095 2118 497 3118 5002 4063 3167 1621
22552 5029 3947 554 1320 1356
22553 690 3274 378 3425 380 4801 4814
22554 11910 4028 6557 3135 5891
22555 697 366 5374 2345 95 536
22556 2348 3068 1163 3592 8837 3645 3150 3431 1981 7488
22557 4293 4685 8887 8887 8380 11877
22558 1208 12007 8002 1521 2943 9426
22559 10562 12 1549 4081 11850
22560 11904 6634 8887 8887 8887 1147 3244
22561 1736 2639 1821 8887 4621 5586 99 661
22562 2590 9550 5432 1847 796
22563 2080 2180 1135 9247 9823 9886 1292 4937 862
22564 3710 1288 4233 6437 3303 11697 5373 5554 375 374 704 385 926 9963
22565 4561 7377 6121 5469 8944
22566 10543 5065 778 2451 10647 9596 7275
22567 670 24 3503 157 10243 11172
22568 11434 7009 471 1118 2147 1112 4054 4431
22569 3710 6482 9914 4080 11144
22570 9427 7658 1108 9520 5715 39 4885 28
22571 271 2451 775 13 44
22572 8340 1775 6395 7562 1009
22573 9738 5456 1436 10634 3932 1001 119 8412
22574 4851 296 4606 7591 10398 7591
22575 10478 301 278 11572 2678 6414 5765 11421
22576 2080 699 812 8887 5569 5706
22577 7843 301 10833 11574 11001 12069
22578 301 287 10798 295 10285 279 7746 5765
22579 11383 9029 8887 8907 9071 3589 2109 3132 5076 5360 3690 840 11876 11805 385 1974 385 386 705 1881 12080 1812 940 2268 5401 389 3429 3282
22580 834 136 905 8873 958 958 1836 393 1843 773 773
22581 2476 366 11309 6001 719 616 8878 7975 1210
22582 4709 11247 7803 6558 6559 6502 8056 675 278 8593 3324 11001
22583 12065 11267 2056 12080 11746 309
22584 2372 6379 319 2077 283 7040 1228
22585 104 7210 1710 6857 1623
22586 9932 9933 9934 10907 10908 9931
