22364 2342 22 95 898 8887 8887 8887 8887 8887 8887
22365 1691 4216 1863 10042 9516
22366 3962 8887 8887 8887 8887 8887 8887 8887 8887 8887 8887
22367 2052 1041 1121 2332 867
22368 5830 9385 8887 8887 8887 8887 8887 8887 8887 8887 8887 8887
22369 6558 6099 11568 5356 8887 8887 8887 9872
22370 278 8887 8887 8887 8887 8887 8887 8887 8887 8887 8887 8887
22371 10311 8887 8887 8887 8887 8887 8887 8887 8887 8887 8887 8887
22372 10690 7577 2986 12083 8887 8887 8887
22373 7883 8887 8887 8887 8887 8887 8887 8887 8887 8887 8887 8887 8887 8887 8887 8887 8887 8887 8887 8887 8887 8887 8887 8887 8887 8887
22374 693 5780 4073 3688 1224 879 8887 3688 4785 1977 1264 6711 953
22375 3055 8887 8887 8887 8887 8887 8887 8887 8887 8887 8887 8887 8887 8887 8887 8887 8887 8887 8887 8887
22376 5402 5884 8887 8887 8887
22377 4606 8887 8887 8887 8887 8887 8887 8887 8887 8887 8887
22378 6367 11320 1441 5608 8887 8887 8887 8887 8887 8887 8887 8887 8887 8887 8887
22379 3404 8932 865 7576
22380 4102 1565 7624 4891 6165 8887
22381 5623 515 8149 8887 8887 8887 8887 8887 302 8887
22382 2338 7062 2953 809 1304 3865
22383 2850 8887 8887 8887 8887 8887 8887 8887 8887 8887 8887 8887 8887 8887 8887 8887 8887 8887
22384 8887 8887 8887 8887 8887 8887 8887 8887 8887 8887 8887 8887 8887 8887 1881 8887 8887 8887 8887 8887 8887 8887
22385 2090 9413 1917 8887 8887 8887 8887 8887 8887 8887 8887 8887 8887 8887 8887
22386 3656 295 8264 8887 8887 8887 8887 8887
22387 296 8887 8887 8887 8887 8887 8887 8887 8887 8887 8887 8887 8887 8887 8887 8887 8887 8887 8887 8887 8887 8887 8887 8887 8887 8887 8887 8887 8887 8887 8887
22388 301 12037 8887 8887 8887 8887 8887 8887 8887
22389 5753 1591 1361 8887 8887 8887 8887
22390 8361 8887 8887 8887 8887 8887 8887 8887 8887
22391 733 1212 8887 8887 8887 8887 8887 8887 8887 8887
22392 2933 11800 8887 8887 8887 8887 8887 8887 8887 8887 8887 8887 8887 8887 8887 4629 8887 8887 8887 8887 8887 8887 8887 8887 302 8887
22393 2295 8909 8887 8887 8887 8887 8887 8887 296
22394 2160 1138 8734 652 8288 819
22395 4400 8887 8887 8887 8887 8887 8887 8887 8887 8887 8887 8887 8887 8887 8887
22396 9761 11256 51 8887 8887 8887 8887 8887 8887 8887 8887 8887 8887 8887 8887 8887 8887 8887 8887 8887
22397 5563 11501 8887 8887 8887 8887 8887 8887 8887 296
22398 4782 8887 8887 8887 8887 8887 8887 8887 8887 8887 8887 8887 8887 8887 8887 8887 8887 8887 8887 8887 8887 8887 8887 8887 8887
22399 10985 1139 4344 7188 12024 24 675
22400 6638 8887 8887 8887 8887 8887 8887 8887 8887 8887 8887 8887 8887 8887 8887 8887 8887
22401 99 9302 11665 3898 8887 8887 8887 8887 8887 8887
22402 10747 3023 8887 8887 8887 8887 8887 8887 8887 8887 10523
22403 1241 3843 10216 4715 1879 1621
22404 4381 8887 6284 8887 8887 8887 8887 8887 8887 8887 8887 8887 8887
22405 3213 6463 8887 8887 8887 8887 8887 8887
22406 4027 8887 8887 8887 8887 8887 8887 8887 8887 8887 8887 8887 8887 8887 8887 8887
22407 195 988 484 10783 6306 245 337 3548
22408 6310 8887 8887 8887 8887 8887 8887 8887 8887 8887 8887
22409 278 10017 5715 8887 8887 8887 8887 8887 8887 8887 8887 8887 8887 8887 8887 8887 8887 8887 8887 8887
22410 3574 938 8088 307 1594 11326
22411 1120 7060 775 8887 8887 8887 8887 8887 8887 8887 8887 8887 8887 8887 8887 8887 8887 8887
22412 6515 1013 7379 8887 8887 8887 8887 8887 8887
22413 6824 1296 1573 8887 8887 8887 8887 8887
22414 5550 8887 8887 8887 8887 8887 8887 8887 8887 8887 8887 8887
22415 7519 471 2978 977 3191 5387
22416 11240 1619 8887 8887 8887 8887 8887 8887 8887
22417 10519 1618 8887 8887 8887 8887 8887 8887 8887 8887 8887
22418 24 39 10229 597 8887 8887 8887 8887
22419 7992 11770 5692 8887 8887 8887 8887
22420 4104 494 54 1872 2171 1350 2125 1126
22421 5496 5594 8887 8887 8887 8887 8887 8887 8887 8887
22422 8190 8887 8887 8887 8887 8887 8887 8887 8887
22423 8887 8887 8887 8887 8887 8887 8887 8887 8887 8887 8887 8887 8887 8887 8887
22424 8463 11421 8125 8887 8887 8887 8887 8887
22425 574 1701 801 6792 8459
22426 2834 9576 6503 10397 11199
22427 3750 8887 8887 8887 8887 8887 8887 8887 8887 8887 8887 8887
22428 5901 9213 7852 833 11624 1788
22429 8887 8288 4581 11745 309
22430 6730 1797 258 11668 8887 8887
22431 4480 565 594 9914 8859
22432 10316 2966 8887 8887 8887 8887 8887 8887 8887 8887 8887 8887
22433 8558 8887 8887 8887 8887 8887 8887 8887 8887 8887 8887 8887 8887 8887 8887 8887 8887 8887 8887 8887 8887
22434 11694 670 671 6436 1363 8887 8887 8887 8887 8887 8887 8887 8887 8887 8887 8887 8887 2051
22435 8887 8887 8887 8887 8887 8887 8887 8887 8887 8887 8887 8887 8887 8887 8887 8887
22436 8887 8887 8887 8887 8887 8887 8887 8887 8887 8887
22437 11024 4076 3245 9634 5835 8887 8887 8887 8887 8887 8887 8887
22438 6463 10747 6463 3021 6463 5595 6464 6466 3548 3549 3025
22439 5496 610 8887 8887 8887 8887 8887 296 8887 8887
22440 6318 8887 8887 8887 8887 8887 8887 8887 8887 8887 8887 8887 8887 8887 8887
22441 5643 1408 10532 1683 7768
22442 8506 743 4176 9164 4647
22443 985 8887 8887 917 8887 8887 8887 8887 8887
22444 1451 2530 3676 95 8887 8887 8887 8887 8887 8887 8887
22445 4044 834 2424 9010 1475 1788
22446 2010 8887 8887 8887 8887 8887 8887 8887 8887 8887
22447 1034 8887 8887 8887 8887 8887 8887 8887 8887 6465
22448 5924 9881 10 4643 8588 3129 3682 95 1779 3061
22449 797 8887 11762 11630 11765 3525 8423 6203
22450 1846 2033 8887 8887 8887 8887 8887 8887
22451 8887 2844 8887 8887 8887 8887 8887 8887 8887 8887 8887
22452 2090 8887 8887 8887 8887 8887 8887 8887
22453 6410 39 6284 9329 1918 2441
22454 8887 8887 8887 8887 8887 8887 8887 8887 8887 8887 8887 8887 8887 8887 8887 8887 8887 8887 8887 8887 8887 8887 8887
22455 5843 8887 8887 8887 8887 8887 8887 8887 8887 8887
22456 8887 8887 8887 8887 8887 8887 8887 8887 8887 8887 8887 8887 8887 8887
22457 2877 2592 5278 9751 10115 8887 8887
22458 7042 1708 8887 8887 8887 8887 8887 8887 8887 8887 8887 8887 8887 8887
22459 3483 301 8363 1363 278 1190
22460 796 8887 8887 8887 8887 8887 8887 8887 8887 8887 8887
22461 6942 8887 8887 8887 8887 8887 8887 8887 8887 8887 8887 8887 8887 8887 8887 8887 8887 8887 8887 8887 8887 8887 8887
22462 1220 829 8887 8887 8887 8887 8887 8887
22463 8055 9169 8887 8887 8887 8887 8887 8887 8887 8887 8887 8887 8887 8887 8887 8887 8887 8887 8887
22464 1109 1760 10774 2090 8887 8887 8887 8887
22465 4724 8919 4052 11021 771 1181
22466 6198 1366 4790 3700 1896 117 4482
22467 5705 653 11770 12079 12082 6203 12080 12054 11854 4529 653 938 9268 11820 1238 3028 10781 3138 653 11771 10258 10917 11790 10781 3554 9268 10594 6074 7449 2536
22468 10022 2127 8887 8887 8887 8887 8887 8887 8887
22469 4404 8887 8887 8887 8887 8887 8887 8887 8887 8887
22470 293 8887 8887 8887 8887 8887 8887 8887 8887 8887 8887 8887 8887 8887 8887
22471 4956 3009 3290 8887 8887 8887 8887 8887 8887 8887 8887
22472 7776 8887 8887 8887 8887 8887 8887 8887 8887 8887 8887 8887 8887 8887 8887 8887 8887 6462
22473 2669 5935 2784 8548
22474 3130 377 3274 4528 4768 772
22475 1384 1164 5374 1055 764 5546 927
22476 11677 309 301 6589 8887 8887 8887 8887 8887 8887 8887 8887 8887 8887 8887 8887 8887 8887 8887 8887
22477 7756 6261 489 11043 4646 646
22478 3066 2348 138 8887 8887 8887 8887 8887
22479 1741 499 14 6501 6555 10073
22480 7802 1522 526 6534 4731
22481 7147 11268 1706 8887 8887 8887 8887 8887 8887 8887 8887 8887 8887 8887
22482 8457 8887 8887 8887 8887 8887 8887 8887 8887 8887 8887 8887 8887 8887 170
22483 4759 8887 8887 8887 8887 8887 8887 8887 8887 8887 8887 8887 8887 8887 8887 8887 8887 8887 8887 8887 8887 8887 8887 8887 8887 8887
22484 3656 6814 3396 8887 8887 8887 8887 8887 8887 8887 8887 8887 8887 8887 8887 8887 8887 8887 8887
22485 834 9638 6904 287 613 8887 8887 9
22486 657 1263 8887 8887 8887 1417
22487 862 2339 7811 5305 8887 8887 8887
22488 119 8510 24 8887 8887 8887 8887 8887
22489 2145 7889 5233 2413 4929 5644
22490 8741 7122 7806 8887 8887 8887 8887 8887 8887 8887 8887 8887 8887 8887 8887 8887 8887 8887
22491 4263 5465 6259 4647 6059 1865 28
22492 1596 2088 2127 1350 6503 5331
22493 11621 2467 3467 2335 494 6306
22494 6864 1397 1284 8887 8887 8887 8887 8887 8887 8887 8887 8887 8887 8887 8887
22495 4394 8643 3052 8887 8887 8887 8887 8887 8887 8887 8887 8887 8887 8887
22496 4082 775 1021 3931 6575 11882 3110
22497 3303 7919 8887 8887 8887 8887 8887 8887
22498 1805 3110 2844 1882 4604 2010
22499 6629 1081 10303 9168 554
22500 4258 12047 26 1580 8887 8887 8887 8887 8887 8887 8887 8887 8887 8887 8887
22501 2084 2845 7060 1852 90 6811
22502 1887 6888 59 8887 8887 8887 8887 8887 8887 8887 8887 8887 8887 8887
22503 588 5737 5861 8389 1487
22504 2462 671 8887 8887 8887 8887 8887 8887 8887 8887 8887 8887 8887 8887 8363
22505 652 3221 5813 9140 9045
22506 1760 2335 3941 8887 8887 8887 1881 1555
22507 5475 12045 10562 11811 12054 11854 5796 11819
22508 8887 8887 8887 8887 8887 8887 8887 8887 8887 8887 8887 8887 8887 8887 8887 8887
22509 4068 8887 8887 8887 8887 8887 8887 8887 8887 8887 8887 8887 8887 8887 8887 8887 8887 8887 8887 8887 3483 8887 8887 8887 8887 8887 8887 8887 6465
22510 874 2010 1136 8887 8887 8887 8887 8887 3414 2184
22511 2778 11896 1443 8094 9154 975
22512 1091 2169 795 819 9739 4550 8887 8887 8887 8887 8887 8887 8887 8887 8887 8887 8887 8887 8887
22513 494 1520 782 4000 1792 1700 7581
22514 1859 1247 5187 588 1035 4758 95 6668 8887 8887 8887 8887 8887 8887 8887 8887 8887 8887 8887 8887 8887 8887 8887 8887 8887 8887 8887 8887 8887
22515 2774 8887 8887 8887 8887 8887 8887 8887 8887 8887 8887 8887 8887 8887 8887 8887
22516 8887 8887 8887 8887 8887 8887 8887 8887 8887 8887 8887 8887 8887 8887 8887 8887 8887 8887 8887 8887 8887 8887 8887
22517 7169 3865 3800 6079 1622 1090
22518 95 8887 8887 8887 8887 8887 8887 8887 8887 8887 8887 8887 8887 8887
22519 6632 10532 8887 8887 8887 8887 8887 8887 8887 8887 8887 8887 8887 8887 8887 8887 8887 8887 8887 8887 8887 8887 8887 8887 8887 8887 8887 8887
22520 9 9744 2000 5611 1092 6767
22521 8887 8887 8887 8887 8887 8887 8887 8887 8887 8887 8887 8887 8887 8887 8887 8887 8887 8887 8887 8887
22522 6606 2651 520 3085 1272 9950 25
22523 5508 865 4205 7749 6633
22524 5367 6521 8887 8887 8887 8887 8887 8887 8887 8887 8887 8887 8887 8887 8887 8887 8887 8887 8887 8887 8887 8887 8887
22525 3817 8887 8887 8887 8887 8887 8887 8887 8887 8887 8887 8887 8887 8887 8887 8887 8887 8887
22526 8887 7206 1265 7075 4849 6381 4285 5590 5904
22527 3291 8887 8887 8887 8887 8887 8887 8887 8887 8887
22528 4365 6564 9069 6292 4289
22529 33 6070 5614 10902 12071 7480 9031
22530 10796 8887 8887 8887 8887 8887 8887 8887 8887 8887 8887 8887 8887 8887 8887 8887 8887 8887 8887 8887 8887 8887 8887 8887 8887 8887
22531 4928 442 8887 8887 8887 8887 8887 8887 11474 8887
22532 11319 3409 7013 8887 8887 8887 8887 8887 8887 8887 8887 8887 8887 8887 8887 8887
22533 5303 8887 8887 8887 8887 8887 8887 8887 8887 8887 8887
22534 447 636 6897 10378 3290
22535 33 844 9118 295 8887 8887
22536 1302 4316 5695 6548 8854 3036 4166 1881
22537 1526 90 1733 556
22538 4593 1441 9604 8887 8887 8887 8887 8887 8887 6030 8887 4296
22539 8887 8887 8887 8887 8887 8887 8887 8887 8887 8887 8887 8887 8887 8887 8887 8887 8887 8887 8887 8887 8887
22540 9246 13 839 309 9280 2449
22541 3068 1163 705 11496 5401 924 5314 8887
22542 1133 5215 327 1337 8229 5219
22543 8887 8887 8887 8887 8887 8887 8887 8887 8887 8887 8887 8887 8887 8887 8887
22544 5851 8887 8887 8887 8887 8887 8887 8887 8887 8887 8887 8887 8887 8887 8887 8887
22545 11182 879 3062 8887 8887 8887 8887 8887 5149 1812 4801 1841 416
22546 370 368 8887 8887 1312 8887 8887 8887 8887 8887 8887
22547 2145 11251 4105 6903 8887 2768
22548 9339 8887 8887 8887 8887 8887 8887 8887 8887 8887 8887
22549 8122 2728 301 8887 8887 8887 8887 8887 8887 295
22550 2882 8887 8887 8887 8887 8887 8887 8887 8887 8887 8887 8887 302 8887 8887
22551 8887 8887 8887 8887 8887 8887 8887 8887 8887 8887 8887 8887 8887 8887 8887
22552 7370 10461 908 8887 8887 8887 8887 8887 8887 8887 8887 8887 8887 8887 8887 8887 8887
22553 8887 8887 8887 8887 8887 8887 8887 8887 8887 8887 8887 8887 8887 8887 8887 8887 8887 8887 8887
22554 854 8887 8887 8887 8887 8887 8887 8887 8887 8887 8887 8887
22555 691 8887 8887 8887 8887 8887 8887 8887 8887 8887 8887 8887 8887 8887 8887
22556 8517 213 8650 5211 177 11455
22557 8319 10848 1612 11671 2926 1691
22558 8887 8887 8887 8887 8887 8887 8887 8887 8887 8887 8887 8887 8887 8887 8887 8887 8887 8887 8887 8887 8887
22559 4986 37 8887 8887 8887 8887 8887 8887 8887
22560 3274 911 911 3133 8887 8887 4801 771 961 416 1842 3429
22561 11209 8861 8887 8887 8887 8887 8887 8887 8887 8887 8887 8887 8887 8887 8887 8887 8887 8887 8887 8887 8887 8887 8887 8887 8887 8887 8887 8887 8887 8887
22562 8157 4416 8887 8887 8887 8887 8887 8887 6400 8887 8887 8887 1583
22563 207 1513 1231 5523 1238 8335 1091 2265 3061
22564 862 4957 5884 12025 8887 8887
22565 1384 878 5063 8887 8887 8887 8887 8887 8887 8887 6031
22566 3967 8887 8887 8887 8887 8887 8887 8887 8887 8887 8887 8887 8887 8887 8887 8887 8887
22567 5566 1667 4241 1479 8580
22568
22569 8294 295 278 8887 8887 8887 8887 8887 8887 8887 8887 8887
22570 6395 3707 8167 287 8887 8887 8887 8887 8887
22571 9946 8887 8887 8887 8887 8887 8887 8887 8887 8887 8887 8887 8887 8887 8887 8887 8887 8887 8887 8887 8887 8887 8887 8887
22572 5860 1363 8887 8887 8887 8887 8887 8887 8887 8887 8887 8887
22573 1564 9690 3293 11758 6504 938
22574 1580 775 756 9372 761 8887 278 8887 8887 8887 9872
22575 3185 3208 8887 8887 8887 8887
22576 2570 5860 8887 8887 8887 8887 8887 8887 8887 8887
22577 7843 8887 8887 8887 8887 8887 8887 8887 8887 8887 8887 8887 8887 8887
22578 20 4288 11729 1565 2726
22579 1138 11055 11550 8887 8887 8887 8887 8887 8887 8887
22580 2080 768 8887 8887 8887 8887 8887 8887 8887 8887 8887 8887 8887 8887 8887 8887 8887 8887 8887 8887 8887
22581 457 988 11534 5609 8887 8887 8887 8887 8887
22582 301 11573 8887 8887 8887 8887 8887 8887 8887 8887 8887 8887 8887 8887
22583 956 761 1977 706 8887 8887 8887 8887 8887 8887 6068 919 821 5384 1842 4814 7312
22584 10747 8887 8887 8887 8887 8887 8887 8887 8887 8887 8887 8887 8887 8887 8887 8887 8887 8887 8887 8887 8887 8887 8887 8887 8887 8887 8887 8887 8887
22585 629 2385 11874 2144 11588 1849 2094 4315 8470 3806 1074 8278 3855 1417 9399
22586 8534 12093 8887 8887 8887 8887 8887 8887 8887
