22364 7746 279 3024 293 8380 1475
22365 301 3024 675 7280 11871 11766 11599 7809 1566 1078 3036 9744 2269 10607
22366 9761 10822 39 6794 8062
22367 271 54 1872 1478 2041
22368 587 636 10658 3046 33
22369 11735 1041 4895 6493 11586 10661 11988 11990 11991 6905
22370 5107 8973 831 1535 7371 840 158 11709 9982 862 8753
22371 10501 4134 305 3793 365 983 4034 11128
22372 5394 6281 920 703 1265 1070 5378 706 1068 898 1060 926 1066 707 1812 817 940
22373 784 4228 7224 6619 1131
22374 5374 422 4839 11931 2109 11560 10778 6107 1756 713 2440 1137 1421
22375 2556 4634 12007 10448 7017
22376 1109 1441 5374 10064 8083 906 759 3507 879 1780 1168 5407 2361 1265 4814 774 2831
22377 5710 11129 1929 7997 3781 37 3492
22378 10641 8696 195 616
22379 302 309 7614 2010 287 7746 8380
22380 227 58 621 834 1766
22381 956 2683 7502 701
22382 1135 8137 461 9296 4434
22383 9314 5058 6293 8970 146 4078
22384 1135 556 1285 3229 1106 733
22385 2088 4288 2813 4908 3517
22386 10627 803 1211 5279 5583 1896
22387 9592 5295 7507 4266 6436
22388 339 4586 1486 10791 5421 5262 9384 1133
22389 301 861 11788 1995 2018 1479
22390 5609 3545 11754 242 3022 6686
22391 369 8155 3068 1775 374 1312 4175 1981 816 75
22392 1655 2558 4577 588 2122
22393 11787 4737 3486 11987 2666 5021 4044 7482 775 11193
22394 247 6463 1078 9054 3545
22395 4063 102 6070 2051 6642 5765 11111
22396 8391 1201 7162 10606 12087 11520 4924 11858 11823 6331 10866
22397 1041 11866 1068 11874 1458 6337 4947 8610 2879 1842 394 1984 402 401 5361 5384 5316 5573 2521
22398 293 1567 9092 6631 11931 7746 8490 11299 3656 11430
22399 3308 6504 5809 2349 701 1411 4089 1166 918 11337
22400 6564 3227 2607 195 7447 9157 8116
22401 2418 10985 11700 293 6637
22402 8479 748 4815 537 10773 2233
22403 5715 990 287 3024 298 3024 9297
22404 1347 5212 5058 3290 12069 3465
22405 3818 1203 7016 2262 3532 392 393 6352 6888 822 11806 12046 11810 7449 8472 11768 7754 5380 1900 10918 6736 8450 8245 5899 103 1211 383 9054 2271 2272 2391 5344 7868 3649 5267 2240 9263 9645 666 3096 7967
22406 9635 7307 9651 1849 9355 6694
22407 812 5559 884 11716 5376
22408 536 368 1781 3871 3134 1265 706 707 4180
22409 8868 6917 10619 4081 9639 2604
22410 301 7636 11924 5843 7591 10285
22411 4505 136 1767 6210 448 7016
22412 11868 2133 7938 2690 3693 400 401 963 2284
22413 7871 9187 8190 3656
22414 9422 3381 4560 6650 5999 10997
22415 301 861 11519 11700 11425
22416 301 279 302 296 293
22417 6905 2080 743 1124 2645 14 6153
22418 7896 3662 1295 1995 1995 3164 4133
22419 171 307 1765 5242 2719
22420 4206 7088 11485 10327 7089 10746
22421 279 10555 3024 5765 11200 4606 11425 3024 11708
22422 4857 6840 1588 1766 571
22423 3638 3132 270 5316 921 8278 4768
22424 12021 613 3414 5765 11708 1708 3754 293 309 6637 11577 128
22425 1917 1272 529 11051 7734 3204
22426 11025 6710 919 1059 922 3851 378 911 1171 3645 5923 7703 3425
22427 2832 7760 302 11909 10344
22428 4872 7155 4154 2049 7105 1913
22429 301 834 861 11458 5237
22430 4242 13 57 10555 11298 293 293 5765
22431 775 293 4657 5531 378 3515 6653
22432 7169 2165 4104 11518 4470 7793
22433 3411 9862 3185 7924 780 5765 3656 3656 9345 9521
22434 862 3656 301 1707 6915 5843
22435 2725 309 11129 460 7786 11953
22436 554 11025 8991 6925 8534 397
22437 2685 9932 9933 9934 10907 10908
22438 4252 11895 926 9404 3063
22439 301 302 293 11967 3295 9940 5021
22440 7542 9821 9268 9545 2049 10325
22441 1815 3483 11558 2453 1642 11814 5504 1147 21
22442 1718 867 7060 1566 11219
22443 2012 735 5536 296 298 7847 103
22444 2834 8041 8527 4080 8189 2705 11507 103 8239 558 2209 10430
22445 4747 5271 938 2510 3257 1779 11140 11103 10625 49
22446 715 1098 4718 704 1265 4528 5361 5360 9416 931 1314
22447 7642 4258 521 5888 1247 2309 679 2914
22448 8846 6463 10607 5571 11794
22449 1287 798 11714 2672 3817 9841 8836
22450 834 2010 9620 293 6637
22451 1830 511 9180 3956 1354 5544
22452 1565 7938 8887 1622 7281
22453 9003 7680 613 6641 279 2918 8380
22454 757 3871 3275 5274 913 708 1812 2578 3874 1234 3532 1842
22455 545 995 5639 9854
22456 11742 4806 12023 10130 9894 3184 296
22457 6883 1126 1126 1119 52 1779
22458 7176 8733 4351 3881 1549
22459 2406 2689 4373 991 129
22460 830 5081 6108 8659 6039 11768 10642
22461 6254 1604 3098 1706 27
22462 2188 7250 271 489 107 30 12029 863 301 1362 9211 2844
22463 7056 11837 8887 8108 5536
22464 4102 1537 5687 7132 1034 2041
22465 11581 9085 9291 4054 796 765
22466 3376 2720 859 11274 11234 6627
22467 301 278 10384 1511 128
22468 6291 4557 9631 3517 2860
22469 3683 1160 3344 1411 879 1055 3277 1265 1232 1071 1232 9436 954 9261
22470 2611 3613 8339 5997 597 5449 1373 227 98
22471 279 293 32 1874 1882 10606
22472 4911 4686 4287 7868 7384
22473 10192 653 12054 12082 6203 10926
22474 1396 5462 3274 11694 8887 3753
22475 2834 3292 11899 10333 102
22476 7956 11783 7540 8799 1410 563
22477 5737 8308 5444 1069 7497 8051 4010 1051
22478 3139 2973 4068 6839 9142 11959
22479 8183 6506 5278 11361 12072 3471
22480 834 10315 1138 11929
22481 9308 1624 1882 890 3932 4007 2091
22482 452 1872 5765 11746 7847 296
22483 9620 2623 6176 2121 3656 11423
22484 6236 8437 6506 2032 9980 7591 10910 9884
22485 2485 6814 9620 11614 297
22486 302 7841 11577 745 10116 3337
22487 9314 287 279 7809 11423 11934 11746 3024
22488 106 13 10850 312 1869
22489 4575 9019 10855 8068 11906 2049 8662 8666 8373 6726 4258 175 44 636
22490 9169 279 2349 278 1076
22491 2010 302 8620 309 2061 12020
22492 67 8010 8342 2936 9406 11971 820 9107
22493 6713 1306 8050 3276 100 9537
22494 8950 11896 8298 3791 2677 5340
22495 6463 10747 3023 6466 9744
22496 11747 2013 11121 1035 2531 4655 3293 4918
22497 9509 5705 11574 5584 6060 3793 6215
22498 9624 499 2325 2188 4820
22499 855 5458 2849 6699 531 1870 6555 2725
22500 95 7979 4104 51 10114
22501 2086 8288 652 5546 11430 449
22502 11592 5658 5536 9003 7591 309 3256
22503 537 4342 10172 4380
22504 834 1484 11692 7747 289 5638
22505 53 157 8615 278 278 302
22506 3656 9003 3024 4606 11746 11707 3414
22507 2345 5593 5378 706 817 711 1839 1073 4814
22508 4258 5098 2555 3493 1727
22509 2834 6504 11568 11568 11404 3409 6348
22510 8549 6559 4577 2210 775 85 796
22511 2242 1162 705 5401 6269 2275
22512 6161 1406 2058 775 2195
22513 5215 24 32 1408 1144 4705
22514 9781 1362 9625 784 11136 4357
22515 1540 5180 1267 3171 2597
22516 455 3216 1512 123 9287
22517 406 452 8263 7325 4767 1265 385 2361 1067 927 8278 1303 1232 1071 3061 4768 5514
22518 4923 9671 7617 10981 296 302 309
22519 1476 2576 2417 6986 3135 416
22520 690 5265 1162 3274 759 758 4166 1072 4814
22521 3206 3212 796 2156 2612 11604
22522 434 10041 775 5279 9875 9571
22523 3614 6494 4133 6626 1767 3105 3632 11440 7925
22524 3626 95 2686 9775 2502 511 9913
22525 287 279 5843 11664 11480 126
22526 369 3852 6216 5462 379 1170 381 882 1222 3507 1782 1059 705 385 4212 11144 9261
22527 3514 9035 1725 8590 8841 3631 8017
22528 8648 5594 10027 3023 8493
22529 7655 11775 8887 172 3818 1493 13
22530 1688 7691 7851 810 906 3515 1053 1174 915 917 1171 381 1974 388 704 386 1313 390 1982 2899 1303 1178 401 816 817 6331
22531 6990 2885 13 39 141 8474
22532 789 10021 8248 4647 5758 1709 5491
22533 2476 511 610 11346 26 48 1537
22534 3505 378 2391 12080 389 1077
22535 7289 11915 10791 11633 877 7117
22536 3565 10951 7120 1464 20 306 105 1766 4351
22537 834 136 1875 6042 1138 258
22538 8425 796 10500 9596 446 11757
22539 8295 11919 7237 4108 2163 2651
22540 5971 5634 1580 1736
22541 8735 11506 11296 11238 8388 146
22542 6259 5840 5470 246 10192 11802
22543 775 2726 44 5539 2511
22544 136 1334 1934 3880 2684 3965 10431
22545 3068 911 373 3134 1264
22546 230 9191 488 7329 10464 11726 5693 4654 3675 6683 7422 8130 1806 3947 6469 1783 9606 6961
22547 6280 3397 856 4512 301 296
22548 2010 11414 10011 10788 296
22549 1120 775 11640 6629 7190 3375 5586
22550 7011 5715 11297 3414 8620 11425 11415
22551 10771 10562 5475 4559 10918 1881 6924 12042 12043 11802 8038 11813 938 1886 4338
22552 2144 10874 9117 1735 5686
22553 11542 5470 8696 4728 3978 6635 2308
22554 6814 1133 3456 11970 11511 4201 3506 11474
22555 1255 9480 2834 966 2844 5278 6504 8373 8056 6501 3295 12030 7930
22556 5363 3430 2080 12052 7897 107 4704 511
22557 6447 3119 8539 1354 11138
22558 6656 4780 11563 3910 7144 2716 447 4500
22559 2010 7746 11041 11274 10010 301 296 9917 298
22560 1483 695 8363 1186 4398 4289
22561 842 1631 9810 498 2542
22562 8112 9453 4993 2012 11489
22563 9126 2133 6547 1310 9748 9717
22564 10316 859 5843 10224 293 11430 8930
22565 1773 301 279 309 6633 1137
22566 1251 387 3001 1550 1389
22567 3068 1163 4811 3851 383 2889 1265 704 385 388 1232 1232 2898 3428 821 416 8273
22568 191 444 10123 1119 4094
22569 9948 10019 6626 1706 11409 7280
22570 12050 2955 9831 6232 6354
22571 2550 208 6828 6000 3488 6753 7614
22572 11309 2294 8764 5843 2010
22573 1887 7047 10293 9146 11374 4437 25 12030
22574 2646 8286 10346 7842 3000 2091 5275
22575 368 3507 1782 912 10227 401 395
22576 5155 6285 5979 3974 2901
22577 9738 9831 9715 331 1622 4585
22578 155 5302 627 7185 6579 1
22579 9789 4064 613 6633 309 7923
22580 1355 2294 790 2778 9525 11832 596
22581 1297 2360 6885 3815
22582 3476 4890 10228 7505 11871 6404
22583 295 279 3024 11766 7810 6923
22584 11349 6878 1765 988 7640 283 5895
22585 271 1872 3285 5478 2687 7607
22586 9560 3095 9070 11258 5754 8467 2650 1350 532 2493
