22364 935 8085 2161 5248 189
22365 10019 8887 8887 8887 8887 8887 8887 8887 8887 8887 8887 8887
22366 2791 3505 3934 819 3350 1850
22367 8887 8887 8887 8887 8887 8887 8887 8887 8887 8887 8887 8887 8887
22368 1888 8286 1766 2291
22369 3565 24 2834 8887 8887 8887 8887 8887 8887 8887 8887 8887 8887 8887 8887 8887 8887 8887 8887
22370 11423 2462 7261 4605 8887 8887 8887 8887
22371 4199 3395 11707 11935 9876 293 11198
22372 1622 6465 6113 7008 3539 3021 1079 1078 1078
22373 7746 8887 8887 8887 8887 8887 8887 8887 8887 8887 8887 8887 8887 8887 8887 8887 8887 8887 8887
22374 1091 687 8887 8887 8887 8887 8887 8887 8887 8887
22375 5695 7414 563 855 11369
22376 9473 8535 8887 8887 8887 8887 8887 8887 8887 8887
22377 672 301 8887 8887 8887 8887 8887 8887 8887 8887 8887 8887
22378 7448 1268 7806 10855 8764 8887 8887 8887 8887 8887 8887
22379 3678 2335 8887 8887 8887 8887 8887
22380 664 343 3221 843 1497
22381 7096 10303 1693 11997 90 8887 8887
22382 7765 6559 6099 7808 11799
22383 699 3870 109 2380 5385 1076 399
22384 1589 5091 269 11021 8887 8887 8887 9507 51
22385 3965 695 3274 3133 6222 771 772 771 4814 3428 1983
22386 9075 24 489 4258 8887 8887 8887 8887
22387 105 10486 3290 12 10409 1708 8887 3235
22388 12093 11797 11882 1340 7423 9866 5772
22389 484 8887 8887 8887 8887 8887 8887 8887 8887 8887 8887 8887 8887 8887 8887 8887 5843
22390 6692 7300 6083 8887 8887 8887 8887 8887 8887 8887
22391 10584 494 834 3817 855
22392 4390 616 8887 8887 8887 8887 8887 8887 8887 8887 8887 8887 8887
22393 11344 7415 4409 578 1001
22394 9648 8887 8887 8887 8887 8887 8887 8887 8887 8887 8887 8887 8887
22395 3375 1416 8750 5682 4815
22396 161 3754 3958 1511 26 9496
22397 11880 7172 10864 1240 5644 7645 9242
22398 7574 8887 8887 8887 8887 8887 8887 8887 8887 8887 8887 8887 8887 8887 8887 8887 8887 8887 8887 8887 8887 8887 8887 8887 8887 8887
22399 1829 8887 8887 8887 8887 8887 8887 9052
22400 11321 8887 8887 8887 8887 8887 8887 8887 8887 8887 8887 8887 8887 8887 8887 8887 8887 8887 8887 8887 8887 8887
22401 5952 3344 8089 8887 8887 8887 8887 8887
22402 862 9754 8887 8887 8887 8887 8887 8887 8887 8887 8887 8887 8887 8887 8887 8887 8887
22403 4001 4091 1272 6538 3338 7900
22404 10250 8887 8887 8887 8887 8887 8887 8887 8887 8887 8887 8887 8887 8887 8887 8887 8887 278 3973 8887 8887
22405 301 2919 8887 8887 8887 8887 8887 8887 8887 8887 8887 8887 8887 8887 8887
22406 4115 2797 2909 716 10258
22407 3224 94 8887 8887 8887 8887 8887 8887 8887 8887
22408 8887 8887 8887 8887 8887 8887 8887 8887 8887 8887 8887 8887 8887 8887 8887
22409 1159 2577 1158 2335 1755 5393 8887 8887 8887 8887 8887 8887 8887 8887 8887 7206 8887 8887 8887 8887 8887 8887 8887 4258 8887 8887 8887 8887 8887 8887 8887 8887 8887 8887 8887 8887 8887 8887
22410 5063 8887 8887 8887 8887 8887 8887 8887 8887 8887 8887 8887 8887 8887 8887 8887 8887 8887
22411 8735 8887 8887 8887 8887 8887 8887 8887 8887 8887 8887 8887
22412 271 269 4547 8924 9210 7842 2419
22413 1034 7210 1947 8060 6380 3506 6954 1170 3872 3278 3061 2895 5796 9036 817 399 402 2578 771 2274
22414 8887 8887 8887 8887 8887 8887 8887 8887 8887 8887 8887 8887
22415 3510 2397 10300 10331 1830 8887 8887 8887
22416 5824 11219 8887 8887 8887 8887 8887 8887
22417 10470 6416 775 105 4368
22418 3708 6280 1396 1751 1387 697 4763 693 3683 3870 370 700 3133 382 381 2890 1172 1269 8887 1836 8887 5462 5570 775 9261 1984
22419 3896 7649 6548 5278 3293 6905
22420 3514 11584 6085 5292 3359 452 1127
22421 2889 8887 8887 8887 8887 7746 8887 8887 8887 8887 8887 8887 8887 8887 8887 8887 8887 8887 8887 8887 9690
22422 29 9932 9933 8887 2038 1620
22423 8335 461 11341 9495 13 258 1416 8887
22424 216 13 4052 293 8887 8887
22425 1116 301 8887 8887 8887 8887
22426 8887 8887 8887 8887 8887 8887 8887 8887 8887 8887 8887
22427 2678 536 8887 8887 8887 8887 8887 8887 8887 8887 8887 8887
22428 37 8843 2088 105 1108 2583
22429 1563 8887 8887 8887 8887 8887 8887 8887 8887 8887 8887 8887 8887 8887 8887 8887
22430 1688 2080 11988 775 2080 95
22431 3514 11329 3901 7089 4082 9204 2965 59 7504 4643
22432 11148 2726 664 5525 309
22433 1557 5851 8887 8887 725 8887 8887 8887 8887 8887 8887 8887 8887 8887
22434 1098 8887 8887 8887 8887 8887 8887 8887 8887 8887 8887 8887 8887
22435 1007 5394 4562 8887 8887 8887
22436 2129 12018 4669 12025 6675 3274 812 8887 8887 8887 8887 11999 8248 8887 8887 8887 8887
22437 9003 24 296 8887 8887 8887 8887
22438 8887 8887 8887 8887 8887 8887 8887 8887 8887 8887 8887 8887 8887 8887 8887 8887
22439 168 3718 2875 8887 8887 8887 8887 8887 8887 8887 8887 8887
22440 4134 8887 8887 8887 8887 8887 8887 8887 8887 8887 8887 8887 8887 8887 8887 8887 8887 8887 8887 8887 8887
22441 7937 8887 8887 8887 8887 8887 8887 8887 8887 8887 8887 8887 8887
22442 1788 8887 8887 8887 8887 8887 8887 5843 5594 976
22443 1741 4763 8887 8887 8887 8887 8887 8887 8887 8887 8887 8887 8887 8887 8887 8887 8887 8887 8887 8887 8887 8887 8887
22444 6379 11765 4529 123 5550 128 8887
22445 2781 2156 8887 8887 8887 8887 8887 8887 8887 8887 8887
22446 1773 3420 6405 2832 5668 8887 8887 8887 8887 8887 8887 8887 8887 8887 8887
22447 1003 1126 10145 6850 2451 8651 9297 4377
22448 5550 5228 8887 8887 8887 8887 8887 8887
22449 6555 8887 8887 8887 8887 8887 8887 8887 8887 8887
22450 2186 551 3030 8887 8887 8887
22451 4430 8887 8887 8887 8887 8887 8887 8887 8887 8887 8887 8887 8887
22452 9649 7432 4341 7597 3377
22453 775 756 1927 5738 5352
22454 2080 366 1978 5274 1836 4768 1265
22455 3781 1994 95 1930 8887 8887 8887 8887 8887 8887
22456 3769 8887 8887 8887 8887 8887 8887 8887 8887 8887 8887 8887 8887 8887
22457 4271 1108 269 7701 10258
22458 10217 8887 8887 8887 8887 8887 8887 8887 8887 8887 8887 8887 8887 8887 8887
22459 2133 8697 9959 8032 2718 1047
22460 295 6008 1583 649 1633 3444 4799 10675 103
22461 6016 8887 8887 8887 8887 8887 8887 8887 8887 8887 8887 8887 8887 8887 8887
22462 6465 6465 6463 3539 10747 3023 5595 6464 3036 11864
22463 95 8887 8887 8887 8887 8887 8887 8887 8887 8887 8887 8887 8887 8887 8887 8887 8887 8887
22464 6136 2563 8887 8887 8887 8887 8887 8887 8887 8887 8887 8887 8887 8248
22465 2424 1231 11875 1238 9482 381 1781 9268 496
22466 545 9690 373 1173 2361 706 5783
22467 8651 8094 6735 545 5725 57
22468 3967 8887 8887 8887 8887 8887 8887 8887 8887 8887 8887 8887 8887 8887 8887 8887 8887 8887
22469 266 1348 13 4080 301 2010
22470 3068 4629 3806 5316 713
22471 2454 775 8286 992 10916 9791
22472 856 9160 2637 4052 8706
22473 11414 6722 8887 8887 8887 8887 8887 8887 8887
22474 4422 8572 7983 11713 8887 8887 8887 8887
22475 369 8887 8887 8887 8887 8887 8887 8887 8887 8887
22476 7060 8881 5949 2977 1138 1537 5865 1364
22477 10311 8887 8887 8887 8887 8887 8887 8887 8887 8887 8887 8887
22478 2080 4718 371 1222 8887 8887 8887 8887 8887 8887 8887 8887 8887 8887 8887 8887 8887
22479 7440 11460 1744 8887 8887 8887 8887 8887 8887 8887 8887 8887 8887 8887 8887 8887 8887 8887 8887 8887 8887
22480 1725 10689 10487 2269 8887 9376 1430 1422
22481 3842 3708 1396 1755 1396 810 4811 757 776 3628 8887 8887 8887 8887 8887 8887
22482 4587 555 3844 10741 997
22483 9470 693 5634 1962 3870 8887 8887 8887 8887 8887 8887 8887 8887 8887 8887 8887 8887 1849
22484 1192 8887 8887 8887 8887 8887 8887 8887 8887 8887 8887 8887 8887 8887
22485 155 1324 4327 10316 11788 613 10833 12036
22486 3967 1163 8887 8887 8887 287 7591
22487 3969 8887 8887 8887 8887 8887 8887 8887 8887 8887 8887 8887 8887 8887 4529
22488 810 8887 8887 8887 8887 8887 8887 8887 8887
22489 3778 1604 8887 8887 8887 8887 8887 8887 8887 8887 8887 8887 8887 8887
22490 8887 8887 8887 8887 8887 8887 8887 8887 8887 8887 8887 8887 8887
22491 1645 2462 1683 8887 8887 8887 8887 8887 8887
22492 2683 3185 1173 8887 8887 8887 8887 8887 8887 8887 8887
22493 301 279 8887 8887 8887 8887 8887 8887
22494 3368 8917 5356 3386 10268 9371 11465 813 8635
22495 295 8887 8887 8887 8887 8887 8887 8887 8887 8887 8887 8887
22496 2726 170 5218 1361 8887 8887 8887 8887 8887 8887 8887
22497 1746 8887 8887 8887 8887 8887 8887 8887 8887 8887 8887 8887 8887 8887 8887
22498 5063 8887 8887 8887 8887 8887 8887 8887 8887 8887 8887 8887 8887 8887
22499 2849 9125 7964 11353 2565 5970 85
22500 4543 171 8887 8887 8887 8887 8887 8887
22501 8887 8887 8887 8887 8887 8887 8887 8887 8887 8887 8887 8887 8887 8887 8887 8887 8887 8887 8887 8887 8887 8887 8887 8887
22502 996 7626 2468 8887 8887 8887 8887 8887 8887
22503 10019 672 8887 8887 8887 8887 8887 8887 8887 8887 8887 8887 8887 8887 8887 8887
22504 301 8887 8887 8887 8887 8887 8887 8887
22505 812 5524 8887 8887 8887 8887 8887 8887 8887 8887 8887 8887 8887 8887 8887 8887 8887 8887 8887 8887 8887 8887 8887 8887 8887 8887
22506 1522 625 2686 8887 8887 8887 8887 8887
22507 3687 9536 4974 1609 2973 4433 1092 550 3703
22508 9350 7060 2671 8887 8887 8887 8887 8887 8887 8887 8887
22509 9932 9933 9934 9454 10907 8887 8887 8887 8887 8887 3151 939
22510 543 329 671 3298 2332 2912 13
22511 9003 11574 8887 8887 8887 8887 8887 8887 8887 8887 8887 8887 8887 8887 8887 8887 8887
22512 8868 7852 11805 11772 11771 12056 10090
22513 2476 8887 8887 8887 8887 8887 8887 8887 8887
22514 1830 3637 2398 10123 8887 8887 8887
22515 39 5883 2803 6464 8887 8887 8887
22516 3842 2755 2753 2753 697 3272 715 2573 1798 4958
22517 3967 8887 8887 8887 8887 8887 8887 8887 8887 8887 8887 8887
22518 6722 5466 10306 3820 2520 4434
22519 11427 5196 8887 8887 8887 8887 8887 8887 8887 8887 8887 657 4166
22520 9269 8887 8887 8887 8887 8887 8887 8887 8887 8887 8887 8887 8887 8887
22521 7435 8887 8887 8887 8887 8887 8887 8887 2038
22522 1195 9275 8887 8887 8887 8887 8887 8887 8887 8887 8887 8887 8887
22523 8887 8887 8887 8887 8887 8887 8887 8887 8887 8887 8887 8887 8887 8887 8887 8887
22524 6990 8887 8887 8887 8887 8887 8887 8887 8887 8887 8887 8887 8887 8887
22525 2406 301 10902 8887 8887 8887 8887 8887 8887
22526 8887 8887 8887 8887 8887 8887 8887 8887 8887 8887 8887 8887 8887 8887 8887 8887 8887 8887 8887 8887 8887 8887 8887 8887 8887 8887 8887 8887 8887 8887 8887 8887 8887 8887 8887 8887 8887
22527 10747 2883 6463 3023 5595 6466 9744 3025
22528 6764 8887 8887 8887 8887 8887 8887 8887 8887 8887
22529 862 3656 295 8887 8887 8887 8887 8887 8887
22530 10652 4041 9775 9641 5774 3483
22531 1896 8887 8887 8887 8887 8887 8887 8887 8887 8887 8887 8887 8887 8887 8887 8887 8887 8887 8887 8887 8887 8887 8887 8887 8887
22532 7974 879 879 1265 924 4166 4212 2895 2390
22533 5349 4436 155 1516 2360
22534 1645 8887 8887 8887 8887 8887 8887 8887 8887 8887 8887
22535 9935 20 3028 5268 9419 8887 8887 5500 3070 35 1559 1138 6488
22536 879 1162 8887 8887 8887 8887 1053 8887 8887 8887 8887 8887 8887 8887 8887 8887 8887 8887 8887 8887 8887
22537 369 6602 1055 776 8887 8887 8887 1179
22538 5200 271 301 8887 8887 8887 8887
22539 1109 9359 7090 2644 1215 5033 7523 24 11915
22540 8207 8887 8887 8887 8887 8887 8887 8887 8887 8887 8887 8887 8887 8887 8887 8887 8887 8887
22541 7886 5614 9809 301 8887 8887 8887 8887 8887 8887 8887 8887 8887 8887 8887 8887
22542 2425 4130 9237 5986
22543 2774 4278 8887 8887 8887 8887 8887 8887 8887 8887 8887 8887
22544 1932 2238 11286 8887 8887 8887 8887 8887 8887 8887 8887 8887 8887 8887
22545 5538 4811 912 916 6068 2758
22546 4288 4448 5570 1062 1303
22547 1042 8340 142 6430 2009
22548 834 754 4206 8887 8887 8887 8887 8887
22549 3166 1251 5847 9655 10981 2015
22550 8887 8887 8887 8887 8887 8887 8887 8887 8887 8887 8887 8887 8887 8887 8887 8887 8887 8887 8887 8887 8887 8887 8887 8887 8887 8887 8887 8887 8887 8887 8887 8887 8887 8887 8887 8887 8887 8887 8887 8887
22551 8887 301 8887 8887 8887 8887 8887 8887 8887 8887 8887 8887 8887 8887 8887 8887 8887 8887
22552 11428 278 8887 8887 8887 8887 8887 8887 8887
22553 10167 8887 8887 8887 8887 8887 8887 8887 8887 8887 8887 8887 8887 8887 8887 8887 8887 8887 8887 8887 8887 8887 8887 8887 8887
22554 301 7843 11131 11158 8887 8887 8887 8887 8887 8887 8887
22555 2040 571 3601 4703 3358 11754 1508 2089
22556 3582 5193 166 998
22557 2736 701 3130 3131 701 905 2361 2274
22558 844 1441 5462 6043 8887 8887 8887
22559 7803 2186 863 8887 8887 8887 8887
22560 2645 3227 8323 1465 1354 9507
22561 5278 3656 8887 8887 8887 8887 8887 8887 8887 8887 8887 8887 8887 8887 8887 8887
22562 1425 4975 5888 6917 8847 9427
22563 1567 813 8887 8887 8887 8887 8887 8887 8887
22564 295 673 9345 10833 11298 1585 2573 11199
22565 7169 279 8887 8887 8887 8887 8887 8887 8887 8887
22566 1092 2834 24 2099 8887
22567 6732 11905 2015 1766 6632
22568 8887 8887 8887 8887 8887 8887 8887 8887 8887 8887 8887 8887 8887 8887
22569 9762 278 8887 8887 8887 8887 8887 8887 8887
22570 868 9138 7928 6261 1352
22571 1183 5419 13 5687 8887 8887 8887
22572 2699 1441 366 905 1807 8887 8887 8887 8887 8887 8887 8887 8887 8887 8887 9674
22573 10260 12062 11127 10654 9155 1507 379
22574 7535 13 6558 1483 8887 8887 8887 8887 8887 8887
22575 1138 6291 7808 8585 1240 3983 8472 3494
22576 8046 10541 8887 8887 8887 8887 8887 8887 8887 8887
22577 3788 10444 751 6709 6710 3134 5595 3515 3516 3508 9268 6954 4528 1076
22578 6817 11269 8887 8887 8887 8887 8887 8887 8887 8887 8887 8887 8887 8887
22579 10985 8887 8887 8887 8887 8887 8887 8887 8887 8887 8887 8887
22580 1206 8887 8887 8887 8887 8887 8887 8887 8887 8887 8887 8887 8887
22581 9709 10454 444 7920 9840 10529
22582 2536 8887 8887 8887 8887 8887 8887 8887 8887
22583 1636 8887 8887 8887 8887 8887 8887 8887 8887 8887 8887 8887 8887 8887 8887 8887 8887 8887 8887 8887
22584 2134 8887 9950 8887 8887 8887 8887 8887
22585 1153 1154 2467 4258 8887 8887 8887 8887 8887 8887 8887
22586 8282 8887 8887 8887 8887 8887 8887 8887 8887
