22364 6932 8526 8887 8887 8887 8887 8887 8887 8887 8887 8887 8887
22365 10399 8887 8887 8887 8887 8887 8887 8887 8887 8887 296
22366 8565 673 11574 8887 8887 8887
22367 1069 8340 6713 4139 7206 375 1974 1067 8887 8887 8887 8887 5573 7312
22368 2017 10851 1089 11014 4094 90
22369 8887 8887 8887 8887 8887 8887 8887 8887 8887 8887 8887 8887 8887 8887
22370 5472 3851 8887 8887 8887 8887 8887 8887 8887 8887 8887 8887 3516 3277 6031
22371 966 3400 11392 2126 8887 8887 8887 8887 8887 8887 8887 8887 8887 8887 8887 8887 8887 8887 8887 8887 8887 8887 8887 8887 8887 8887 8887 8887 2080 3515 3516 1054
22372 670 11005 8887 8887 8887 8887
22373 5166 11550 8887 8887 8887 8887 8887 8887
22374 9165 1118 6461 10279 9378 804
22375 9350 10329 216 3880 11913 6364
22376 166 8887 8887 8887 8887 8887 8887 8887 8887 8887 8887 8887 8887
22377 5800 5394 8887 8887 8887 8887 8887 296 3386 8887 8887 8887 1849
22378 8887 8887 8887 8887 8887 8887 8887 8887 8887 8887 8887 8887 8887 8887 8887 8887 8887 8887 8887
22379 4863 9995 4895 8887 8887 8887 8887 8887 8887 8887 8887 8887 8887
22380 7981 6702 8887 8887 8887 8887 8887 8887 8887 8887
22381 7722 9740 866 8887 8887 10523 7831
22382 1211 6409 8887 8887 8887 8887 8887 8887 8887 8887 8887 8887
22383 105 1872 11602 867 4083
22384 4581 8887 8887 8887 8887 8887 8887 8887 8887 8887
22385 5762 468 1979 3061 5268 5401 5573
22386 1211 796 775 3084 3704 8498
22387 812 8887 8887 8887 8887 8887 8887 8887 8887 8887 8887 8887 8887 8887
22388 9126 10344 1079 11021 8887 8887
22389 879 707 5361 6031 824 3650
22390 834 670 6628 3290 11990
22391 1216 3981 8887 8887 8887 8887 8887 8887 8887 8887 8887 8887 8887
22392 5531 3685 1160 8887 8887 8887 8887 8887 8887 8887 8887 8887 8887 8887 8887 4385 5573
22393 1125 5829 11502 11785 3031 3550 10562 10487 3028 3429
22394 296 8887 8887 8887 8887 8887 8887 8887 8887 8887 8887 8887 8887 8887 8887 8887 8887
22395 2024 196 534 11312 5612
22396 699 8887 8887 1166 759 8887 8887 271
22397 2648 8887 8887 8887 8887 8887 8887 8887 8887 8887
22398 1520 5312 1192 9480 5531 7514
22399 3652 8887 8887 4672 8887 8887 8887 8887 9
22400 3821 6609 8887 8887 8887 8887 8887 8887 8887
22401 6465 9618 826 862 5412 59 671 672 2217 290 669
22402 24 278 8887 8887 8887 8887 8887 8887
22403 6536 301 13 1708 8887 8887 8887
22404 11834 8887 8887 8887 8887 8887 8887 8887 8887 8887 8887 8887 8887 8887
22405 5930 1406 9751 5551 8887 8887 8887 8887 8887
22406 1473 7652 2195 4903 8887 8887 8887 8887 8887 8887
22407 149 6876 3486 6668 24 3010
22408 9756 1437 11614 1262 4623
22409 6558 9481 7527 11949 650
22410 2707 524 5312 759 4020 888
22411 8887 8887 8887 8887 8887 8887 8887 8887 8887 8887 8887 8887
22412 8000 11772 8887 8887 8887 8887 8887 8887
22413 3254 3215 2281 8082 9506 4098
22414 4878 8181 9302 8887 8887 8887 8887 8887 8887 8887 8887 8887 8887 8887
22415 5594 1894 301 5899 1621
22416 1351 1195 8149 5738 975
22417 6281 9349 8887 8887 8887 8887 8887 8887
22418 6465 6463 6464 3548
22419 2010 8887 8887 8887 8887 8887 8887 8887 8887 8248 8887
22420 3823 4105 2459 11697 1722
22421 10370 4957 10416 1536 1693 1356
22422 6805 6344 1125 3744 319 1124 6783
22423 3786 6988 4560 1008 103 7402
22424 1997 8887 8887 8887 8887 8887 8887 8887 8887
22425 3967 8887 8887 377 898 1060 956
22426 10994 6151 3235 20 4313 6922
22427 11713 8887 8887 8887 8887 8887 8887 8887 8887 8887 8887 8887 8887 8887 8887 8887
22428 7843 7060 11479 8887 8887 8887 8887 8887 8887 8887 8887
22429 4408 8298 523 6524 5596 5050 5794
22430 10630 744 10664 8887 8887 8887 8887 8887 9 8887
22431 3674 1790 3291 1881 2907 628 10942 5952 1389 11201
22432 442 525 7658 2579 648 675 8887 8887 8887 8887 8887 8887 8887 8887 8887
22433 3656 9932 9933 9934 10907 10907 10908
22434 4954 8361 6638 8887 8887 8887 8887 8887 8887 8887
22435 8757 8887 8887 8887 8887 8887 8887 8887 8887 8887 8887 8887 8887
22436 1521 2067 8887 8887 8887 8887 8887 8887 8887 8887 8887 8887 269
22437 11966 8887 8887 8887 8887 8887 8887 8887 8887 8887 8887 8887 8887 8887
22438 879 1062 11585 8873 6711 4814
22439 5108 9575 1690 851 5643 444 299
22440 3700 5356 3293 11568 7842 8887 8887 8887 8887
22441 2705 2022 9605 2125 2127 3795
22442 296 8887 8887 8887 8887 8887 8887 8887 8887 8887 8887 8887 8887 8887
22443 6463 9743 3548 10747 6463 8997
22444 278 8887 8887 8887 8887 8887 8887 8887 8887 8887 8887 8887 8887 8887 8887 8887 8887 8887
22445 2850 8887 8887 8887 8887 8887 8887 8887 8887 8887 8887 8887 8887
22446 3643 2230 8887 8887 8887 8887 8887 8887
22447 796 4289 7742 4393 13
22448 2130 1027 3944 499 2316
22449 4911 8887 4724 5891 8887 8887 8887 8887 8887
22450 9312 9003 11550 8887 8887 8887 8887 8887
22451 5224 10564 1158 879 904 1165 370 371 751 6412 3135
22452 539 3569 1162 1164 1224 1059 705 1179 5385 397 396 1983
22453 250 3636 1625 1779 8887 8887 8887 8887 8887 8887 8887 8887 8887 8887 8887 8887 8887 8887
22454 6284 279 8887 8887 8887 8887 8887 8887 8887
22455 1359 10513 11136 6502 3431 7055
22456 690 6266 8887 8887 8887 8887 8887 8887 8887 8887 8887 8887 8887 8887 8887 8887 8887 8887 8887 8887 8887 8887 8887 8887 6266 8887 416
22457 98 8887 8887 8887 8887 8887 8887 8887 8887 8887 8887 8887 8887
22458 249 3656 8887 8887 8887 8887
22459 70 7943 9824 10195 10298
22460 5168 4450 4404 3179 2935
22461 4594 7817 9908 8887 8887 8887 8887
22462 2526 301 302 8887 8887 8887 8887
22463 32 1537 6255 855 8887 8887 8887
22464 287 279 8887 8887 8887 8887 8887 8887 8887 1235
22465 11579 8887 8887 8887 8887 8887 8887 8887 8887 8887 8887 8887 8887 8887 8887 8887 8887 8887 8887 8887 8887 8887 8887
22466 1873 5550 2728 8887 8887 8887 8887 8887 8887 3841
22467 271 25 1922 8887 8887 8887 8887
22468 986 8887 8887 8887 8887 8887 8887 8887 8887 8887 8887 8887 8887
22469 554 471 3869 6247 8887 8887 8887 8887 8887 6722 8887 8887 8887 8887 8887 8887 8887 8887 8887 8887 8887 8887 8887 8887
22470 2929 6465 6463 9622 700 8887 1779 3515 3516 1059 1061 922 3277 1060 1977 1265 923 2892 1802 1809 11487 5268 1980 3062 2268 1983 10607 3152 2896 768 817
22471 4195 24 8887 8887 8887 8887 8887 8887 8887 287 8887 8887
22472 1377 8887 8887 8887 8887 8887 8887 8887 8887 8887
22473 12037 2036 448 9051 9346 8887 8887
22474 10423 5861 3647 8887 8887 8887 8887 8887 8887 8887 8887 8887
22475 39 309 2430 11277 9517 267
22476 1885 789 10260 8887 8887 8887 8887 8887 8887 8887 8887 8887 8887
22477 841 8887 8887 8887 8887 8887 8887 8887 8887 8887 8887 370
22478 3691 12097 5180 7102 3122
22479 6614 7434 7806 6704 1065 9553
22480 6606 105 8887 8887 8887 8887 8887 8887 8887 8887 8887
22481 300 2013 6455 1433 7412 7245
22482 5843 7843 8887 8887 8887 8887 8887 8887 8887 8887 8887 8887 8887 8887 8887 8887 8887 8887 8887 8887 8887 8887 8887 8887 8887
22483 5303 2291 465 7953 10384 7647 2430
22484 5517 452 8887 8887 8887 8887 8887 8887 8887 8887 8887
22485 2832 1606 1282 1283 3257 5161
22486 5291 3290 1463 6757 2000 8887 8887 9499 301
22487 4326 8887 8887 8887 8887 8887 8887 8887 8887 8887 8887
22488 1564 8361 10601 7806 11415 853
22489 7672 8887 8887 8887 8887 8887 8887 8887 8887
22490 8887 8887 8887 8887 8887 8887 8887 8887 8887 8887 8887 8887
22491 11089 7717 1628 5300 1082 9003
22492 1292 3825 1066 5379 1832
22493 7587 8887 8887 8887 8887 8887 8887 8887 2573 5720
22494 287 8887 8887 8887 8887 8887 8887 8887 8887 8887 8887 8887 8887
22495 8887 8887 8887 8887 8887 8887 8887 8887 8887 8887 8887 8887 8887 8887
22496 2239 3623 2088 10408 8676
22497 13 9198 1765 6843 10555 1585 6634 3859
22498 11786 2580 3481 9161 5815 1085
22499 2462 4242 8887 8887 8887 8887 8887 8887 8887
22500 7981 8887 8887 8887 8887 8887 8887 8887 8887 8887 8887 8887 8887 8887 8887
22501 2666 744 8887 8887 8887 8887 8887 279 8887 8887 8887 8887 8887 8887 8887
22502 13 293 8887 8887 8887 8887 7898 8887 8887 8887 8887
22503 4135 2041 1693 4322 2149
22504 7897 9692 8887 8887 8887 8887 8887 8887 8887 8887 8887 5586
22505 2475 6409 11348 831 8887
22506 7450 10192 3046 1520 1516 8887 8887
22507 6198 250 11666 11788 11200
22508 6494 8841 8887 8887 8887 8887 8887 8887 8887 8887 8887 8887 8887 8887
22509 4060 3888 195 2563 6042 3269
22510 3003 10606 8887 8887 8887 8887 8887 8887 8887 8887 8887 8887 8887 8887 8887
22511 9048 664 11584 5680 11103 11974 10625 12011 2151 11427 11030
22512 996 7808 10870 9205 87 7599
22513 5402 8887 8887 8887 8887 8887 8887 8887
22514 8887 8887 8887 8887 8887 8887 8887 8887 8887 1498
22515 715 812 8887 8887 8887 8887 8887 8887 8887 8887 8887 8887 8887 8887 8887 8887 8887 8887 8887 8887 8887 8887 8887 8887 8887 8887 8887 8887 8887
22516 2865 2728 3910 271 8973 9003 8887 337
22517 3849 13 8753 10798 10970 11784
22518 3630 2894 3365 39 243 1727
22519 3410 1080 8622 5213 1111 8887 8887 8887 8887 8887 8887
22520 2414 2456 4244 6327 1489
22521 834 863 8887 8887 8887 8887 8887 8887 8887 8887 8887 8887
22522 5766 8887 8887 8887 8887 8887 8887 8887 8887 8887 296 821
22523 8887 8887 8887 8887 8887 8887 8887 8887 8887 8887 8887 8887 8887
22524 8720 8887 8887 8887 8887 8887 8887 8887 8887
22525 532 2355 5999 550 3348 8887 8887 8887 8887
22526 11314 7676 10153 6317 4544
22527 95 8887 8887 8887 8887 8887 8887 8887 8887 8887 8887 8887 8887 8887 8887 8887 8887 8887
22528 11753 8887 8887 8887 8887 8887 8887 8887 3870
22529 8868 2808 4775 8394 3624 6293
22530 1140 195 7145 6153 4345 7376
22531 9091 301 861 10833 8887 8887
22532 11197 11406 11550 8887 8887 8887 8887 8887
22533 302 8887 8887 8887 8887 8887 8887
22534 2962 8887 8887 8887 8887 8887 8887 8887 8887 8887 8887 8887 8887 8887
22535 6463 8887 8887 8887 8620 8887 8887 6390 10654
22536 2017 12 3059 8887 8887 8887 8887 8887 8887 8887
22537 4811 8887 8887 8887 8887 8887 8887 8887 8887 8887 8887 8887
22538 8728 10683 1707 12077 10017 9019 8887 8887 8887
22539 3560 10104 321 1872 5631 5347 2779 4366 10964
22540 5659 6250 8720 4603 5687 1707 9916 4385
22541 2349 5265 8887 8887 8887 648 8887 8887 8887 8887 9603 8887 8887 8887 8887 8887 8887 8887 8887 8887 8887 8887 8887 8887 8887 8887
22542 95 8887 8887 8887 8887 8887 8887 8887 8887
22543 6805 703 3311 2159 1272 3095
22544 1157 7308 383 924 5378 1066 9151
22545 6906 8887 8887 8887 8887 8887 8887 8887 2485 8887 8887 8887
22546 6528 10454 6830 103 302 7843 279 8887 2844
22547 687 8887 8887 8887 8887 8887 8887 8887 8887 8887
22548 6287 6932 744 8887 8887 8887 8887
22549 8248 8887 8887 8887 8887 8887 8887 8887 8887 8887 8887 8887 8887
22550 4063 10657 2010 8887 8887 8887 8887 8887 8887
22551 9666 8887 8887 8887 8887 8887 8887 8887 8887 8887 8887
22552 2105 136 95 8887 8887 8887 8887 8887 8887 8887 8887 8887
22553 3733 550 6687 3028 6463 5948 4592
22554 797 8887 8887 5015 1788 2547 754
22555 8887 8887 8887 8887 8887 8887 8887 8887 8887 8887
22556 8919 9180 3999 9690 11700 298 5765
22557 5481 4452 6536 3491 2411 2123 8887
22558 3290 301 8887 8887 8887 8887
22559 171 3138 305 2324 1675 1782
22560 8887 8887 8887 8887 8887 8887 8887 8887 8887 8887 8887 8887 8887 8887 8887
22561 8716 1354 39 5975 103
22562 352 8887 10444 2049 8887 8887 8887 8887 8887 8887
22563 2088 13 2651 2535 5306 2044
22564 7902 12053 8887 8887 8887 8887 8887 8887 8887 8887 8887 8887 5778
22565 879 3506 814 8887 8887 8887 8887 819
22566 12065 2678 8887 8887 8887 8887 8887 8887
22567 3700 7659 8887 8887 8887 8887 8887 8887 8887
22568 851 6629 2678 8887 8887 8887 8887 8887 8887
22569 6247 8887 8887 8887 8887 8887 8887 8887 8887 8887 8887 8887 8887 8887 8887 8887
22570 5778 2325 8887 8887 8887 8887 8887 9 5843
22571 7092 6503 7815 8887 8887 8887 8887 8887 8887 8887 8887 8887 8887 8887 8887 8887 8887 8887 8887 8887
22572 1520 378 8887 8887 8887 8887 8887 8887 8887 8887 8887 8887
22573 8140 8137 487 3702 1138
22574 8887 8887 8887 8887 8887 8887 8887 8887 8887 8887 8887
22575 10410 4258 5843 8887 8887 8887 8887
22576 9756 4897 2885 4637
22577 2298 10696 301 8887 8887 8887 8887 8887 8887 8887 8887
22578 1322 12032 8184 2836 11549 11296
22579 2755 775 422 9752 12092 818 1950
22580 8887 8887 8887 8887 8887 8887 8887 8887 8887 8887 8887 8887 8887 8887 8887
22581 2015 2010 296 8887 8887 8887
22582 4105 3603 4687 8887 8887 8887 8887 8887 8887 8887 8887 8887 8887 8887 8887
22583 2190 8941 4054 8887 8887 8887 8887 8887 8887 8887
22584 1123 6281 8887 8887 8887 8887
22585 3012 4634 8887 8887 8887 8887 8887 8887 8887 8887 8887 8887 8887 8887
22586 8186 10652 249 9664 2999 9307
