22364 1166 8887 8887 8887 8887 8887 8887 8887 8887 8887 8887 8887
22365 410 10198 1693 8710 195
22366 6940 12059 8887 8887 8887 8887 8887 8887 8887 8887 8887 8887 8887 8887
22367 6767 1631 95 8887 8887 8887 8887 1121
22368 997 1361 8887 8887 8887 8887 8887 8887 8887 8887 8887 8887 8887 8887
22369 7060 3395 5509 8887 8887 8887 8887 8887 8887 8887 8887
22370 2550 779 3751 831 3302 891 1178
22371 3017 8887 8887 8887 8887 8887 8887 8887 8887 8887 8887 8887 8887 8887 8887
22372 4729 95 1779 10086 8887 8887 8887 8887 8887 8887 8887 8887 8887 8887
22373 8187 11275 5356 1135 12047 12038 1489
22374 6638 8887 8887 8887 8887 8887 8887 8887 8887 8887 8887 8887 8887 8887
22375 1205 834 3288 10626 5687 8887 8887 8887 8887 8887 8887 3415
22376 6515 9178 90 4579 8887 8887 8887 8887 8887 8887 8887 8887 8887 8887 8887 8887 8887 8887 8887 8887 8887 7075 6633 8887 8887
22377 8096 11746 11550 2720 8887 8887 8887
22378 2973 5583 7176 5192 2719 3377
22379 4632 8887 8887 8887 8887 8887 8887 8887 8887 8887 8887
22380 862 2210 2994 3324 1738 9791 9711
22381 1606 4761 4881 6766 3064 5013
22382 11571 1465 554 2834 11013 453 5643
22383 2576 8887 8887 8887 8887 8887 8887 8887 8887 8887 8887 8887 8887 8887 8887 8887 8887 8887
22384 6247 752 3133 8887 8887 8887 8887 8887 8887 8887 8887 8887 8887 8887 8887 8887 8887 8887
22385 8887 8887 8887 8887 8887 8887 8887 8887 8887 8887 8887
22386 8044 672 855 10810 8887 8887 8887 8887 8887 8887 8887 8887 8887
22387 1089 1092 10086 8356 8887 8887 8887 8887 8887 8887 8887 8887 8887 8887 8887 8887 8887 8887 8887 8887 8887 8887 8887 8887 8887 8887 8887 8887 8887
22388 1092 1441 8887 8887 8887 8887 8887 8887 8887 8887 8887 8887
22389 11153 1351 8487 6337 4993
22390 699 8887 8887 8887 8887 956 1977 8887 8887 8887 8887 8887 8887 8887 8887 8887 8887 761 8887 8887 8887 8887 8887 8887 8887 8887 8887 8887 8887 8887 8887 8574 8887 8887
22391 1082 4289 10093 1175 898 4212 1264 2895 769
22392 3656 5594 9018 1707 8887 8887 10747 8887 8887
22393 8887 8887 8887 8887 8887 8887 8887 8887 8887 8887 8887 8887 8887 8887 8887 8887 8887
22394 1359 5524 3409 8887 8887 8887
22395 8887 8887 8887 8887 8887 8887 8887 8887 8887 8887 8887 8887
22396 8887 8887 8887 8887 8887 8887 8887 8887 8887 8887 8887 8887 8887
22397 1477 11630 5478 4040 8887 8887 5407 8887 8887 8887 8887 8887 8887 8887 8887 8887 8887 1398 704
22398 123 9895 7803 2201 8887 8887 8887 8887 8887 8887 8887 8887 8887 8887 8887 8887 8887 8887 8887 8887 8887 8887 8887 8887 8887 8887 8887 8887 8887
22399 9570 855 1564 5572 1689 2295
22400 6270 2540 10938 8887 8887 8887 8887 8887 8887 8887 8887 8887 8887 8887 8887 8887 8887 8887
22401 11408 9739 9739 7649 11988 11990 11991 253 5843 8771
22402 6638 8887 8887 8887 8887 8887 8887 8887 8887 8887 8887 8887 6536
22403 7681 8887 8887 8887 8887 8887 8887 8887 8887 8887 8887 8887 8887 8887 8887
22404 9287 5799 9596 9981 4480 102 103
22405 279 8887 8887 8887 8887 8887 8887 8887 8887 8887 8887 8887 8887 8887
22406 715 3123 3277 1269 389 3431 8217
22407 410 11927 2355 1693 2126 269
22408 2726 43 1693 10866 8887 8887 8887 8887 8887 8887 8887 8887 8887 8887 8887 8887 8887 8887
22409 1153 670 103 2462 895 8887 8887 8887 8887 8887 8887 8887
22410 8370 7873 92 7809 9783
22411 3917 3815 2666 8887 8887 8887 8887 8887 8887 8887 8887
22412 296 10341 1693 10247 1707 7280 1788 2398
22413 2088 2645 5058 11127 4368
22414 1135 2369 3839 8887 8887 8887 8887 8887
22415 301 278 8887 8887 8887 8887 8887 8887 8887 8887 8887
22416 6521 988 8887 8887 8887 8887 8887 8887 8887 8887 8887 8887 8887 8887 8887 8887 8887 8887 8887
22417 4873 8887 8887 8887 8887 8887 8887 8887 8887 8887 8887 8887 8887 8887 8887 8887 8887 8887 8887 8887 8887 8887 8887
22418 3967 371 5265 9034 2257 5923 9786
22419 2834 12008 9157 11549 8887 8887 8887 8887 8887 8887 8887
22420 6323 6641 170 5172 9828
22421 8887 8887 8887 8887 8887 8887 8887 8887 8887 8887 8887 8887 8887 8887 8887 8887 8887 8887 8887 8887 8887
22422 5667 567 6590 2560 2861 10773 1388
22423 1788 8887 8887 8887 8887 8887 8887 8887 8887 8887 8887 8887 8887
22424 8454 8887 8887 8887 8887 8887 8887 8887 8887 8887
22425 8887 8887 8887 8887 8887 8887 8887 8887 8887 8887 8887 8887 8887 8887 8887 8887 8887 8887 8887 8887 8887 8887
22426 8887 8887 8887 8887 8887 8887 8887 8887 8887 8887 8887 8887
22427 11025 8887 8887 8887 8887 8887 8887 8887 8887 8887 8887 8887
22428 3966 1098 1068 2889 380 8887 8887 8887 416 774
22429 5580 53 3272 8887 8887 8887 8887 8887 8887 8887 8887 8887 8887 8887 8887 8887 8887 8887 8887 8887 8887 8887 2006
22430 7690 11933 11590 3373 6902
22431 10410 4411 4093 8928 8887 8887 8887 8887 8887 8887 8887 8887 8887 8887 8887
22432 3272 8264 8887 8887 8887 8887 8887 8887 8887 8887 8887 8887 8887 8887
22433 494 8580 4586 1922 8887 8887
22434 1098 8887 8887 8887 8887 8887 8887 8887 8887 8887
22435 2834 7869 12006 8887 8887 8887 8887 8887 8887 8887 8887 8887 8887 8887 8887 8887 8887 8887 8887 8887 8887 8887 8887 8887 8887 8887 8887 8887
22436 2699 6710 776 8887 8887 8887 8887 8887
22437 5402 8887 8887 8887 8887 8887 8887 8887
22438 6456 10833 9620 11788 10434 3656
22439 10037 10747 3023 6466 3693 6464 9744 3025 6465 10747 3023 8887
22440 10560 1344 7855 1183 7
22441 5860 11112 2452 5227 6692
22442 8846 3021 1078 6465 2269 6466 3021 4768 10707 1422
22443 12019 301 8887 8887 8887 8887 8887 8887 8887 8887 8887 8887 8887 8887 8887 8887 8887 8887 8887 8887
22444 8887 8887 8887 8887 8887 8887 8887 8887 8887 8887 8887 8887 8887 8887 8887 8887 8887 3826 8887 8887 8887 8887 8887 8887 8887
22445 856 751 379 8887 8887 8887 762 4801 4814
22446 4703 536 8887 8887 8887 8887 8887 8887 8887 8887 8887 8887 8887 8887 8887 8887 8887 8887
22447 7212 3093 8194 11880 5264 3320 94
22448 9294 4452 8887 8887 8887 8887 8887 8887 8887 8887 8887 8887 8887 8887
22449 10943 11988 96 6099 9751 1068 3872
22450 3430 13 8457 8887 8887 8887 8887 8887 8887 8887 8887 10312 8887
22451 8461 1535 775 5843 5765 12069
22452 8457 8887 8887 8887 8887 8887 8887 8887 8887
22453 9 10747 2883 8887 5409
22454 886 1955 8012 6060 9117 11917 8887 2585
22455 301 11788 8887 8887 8887 8887 8887 8887 8887 8887 8887 8887 8887 8887 8887
22456 7026 4703 8882 3823 775
22457 369 2139 8887 8887 8887 8887 8887 8887 10336 8887 8887 8887 8887 8887 8887 8887 8887 8887 8887 8887 8887 8887 8887 8887 8887 8887 8887 8887 8887 8887 8887 8887 8887 8887 8887 8887 8887 8887 8887 8887 8887 8887 8887
22458 7002 3628 8887 8887 8887 8887 8887 8887 8887 8887 8887 2844
22459 2339 8308 8887 8887 8887 8887 8887 8887 8096
22460 10016 8728 8887 8887 8887 8887 8887
22461 3290 5843 653 11769 6792 2149 11144
22462 8887 8887 8887 8887 8887 8887 8887 8887 8887 8887 8887 8887 8887 8887
22463 6638 8887 8887 8887 8887 8887 8887 8887 8887 8887 8887 8887 8887 8887
22464 3068 8555 704 8887 8887 2537 1984
22465 5766 8887 8887 8887 8887 8887 8887 8887 8887 8887 8887 8887 8887 8887 8887 8887 8887 8887 8887 8887 8887 8887 8887
22466 9697 1034 8887 8887 8887 8887 8887 8887 8887 8887 8887 8887 8887 8887 8887 8887
22467 693 3932 2727 5886 4629 3871 3645 762
22468 8887 8887 8887 8887 8887 8887 8887 8887 8887 8887 8887 8887 8887 8887 8887 8887
22469 1590 8887 8887 8887 8887 8887 8887 8887 8887 8887 8887 8887 8887 8887 8887 8887 8887 8887
22470 4544 8887 8887 8887 8887 8887 8887 8887 8887 8887 8887 8887 8887
22471 7843 8887 8887 8887 8887 8887 8887 8887 8887 8887 8887 8887 8887 8887
22472 8740 10602 8887 8887 8887 8887 8887 8887 8887 776 8887 8887 8887 8887 8887 8887 8887 8887 8887 8887 8887 8887 8887 8887 8887 8887 8887 8887 8887 8887 8887 8887 8887 8887 8887 8887 8887 8887 8887 8887 8887 8887 8887 8887 8887 8887 8887 8887 8887 8887
22473 791 775 2188 8887 8887 8887 8887 8887 8887
22474 8887 8887 8887 8887 8887 8887 8887 8887 8887 8887 8887 8887 8887 8887 8887 8887 8887 8887 8887 11700
22475 9373 8178 8521 8887 8887 8887 8887
22476 3642 8528 11854 1207 11771
22477 6407 8887 8887 8887 8887 8887 8887 8887 8887 8887 8887
22478 1721 8887 8887 8887 8887 8887 8887 8887 8887 8887 8887 8887 8887 8887 8887 8887 8887 8887 8887
22479 1773 105 10851 1638 1639 344 250
22480 7919 2398 9125 8887 8887 8887 8887 8887 8887 8887 8887 8887 8887 8887 8887 8887 8887 8887 8887 3087
22481 3191 1203 1513 11804 11771
22482 5040 1176 1123 8887 8887 8887 8887 8887 8887 8887 8887 8887 8887 8887 8887 8887 8887 8887 8887 8887 8887 8887 8887 8887
22483 2726 2010 8887 8887 8887 8887 8887 8887 8887 1351
22484 5356 8186 10268 446 7299 600
22485 5695 51 1537 1537 1683 11746 7320 3007
22486 695 2349 1164 8887
22487 1667 3700 8010 5463 4375 10065 2462 2061 11054 3036
22488 344 3175 1706 7766 11001 10016 6101 7979 10017 8887
22489 2929 1056 2944 3814
22490 103 8887 8887 8887 8887 8887 8887 8887 8887 8887 8887 8887 8887 8887 8887 8887 8887 8887 8887 8887 8887
22491 1674 3473 7692 7919 279 8887 8887 8887 8887 8887 1881 8887 8887 8887 8887 8887 8887 8887 8887 8887 8887 8887 8887 8887 8887
22492 8887 8887 8887 8887 8887 8887 8887 8887 8887 8887 8887 8887 8887 8887 8887 8887 8887 8887 8887 8887 8887 8887 8887 8887 8887 8887 8887 8887 8887 8887 8887 8887
22493 904 3158 8887 5923 8887 8887 8887 5573
22494 1517 1265 5562 1585 4895 1674
22495 4903 1413 7631 4282 927
22496 8823 8047 4034 11953 9891 1141 10691 11846 7983
22497 9773 10610 5550 8887 8887 8887 8887 8887 9690 8887 8887 8887 8887
22498 6483 11542 11550 6297 8887 8887 8887 8887 8887 8887 8887
22499 3297 11051 10126 8913 1674
22500 301 279 8887 8887 8887 8887 8887 8887 8887 8887 8887
22501 5853 8806 11672 4064 8887 8887
22502 7251 10020 6902 8887 8887 8887 8887 8887 8887 8887 8887 8887
22503 20 8887 8887 8887 8887 8887 8887 8887 8887 8887 8887 8887
22504 8887 8887 8887 8887 8887 8887 8887 8887 8887 8887 8887 8887 8887
22505 4127 3869 8887 8887 8887 8887 8887 8887 8887 8887 8887 8887 8887 8887 8887 8887 8887 8887
22506 4430 4828 4081 11041 216 122 10222
22507 3787 8887 8887 8887 8887 8887 8887 8887 8887 8887 8887 8887 8887 8887 8887 8887 8887
22508 1220 11264 985 4114 6515 5
22509 8887 8887 8887 8887 8887 8887 8887 8887 8887 8887 8887 8887 8887 8887 8887 8887 8887
22510 5516 53 787 2433 6110 10269 1988
22511 862 5542 5598 2278 851
22512 775 10069 3823 98
22513 6101 5278 10260 8887 8887 8887 8887 8887 8887 8887 8887 8887 8887 8887 8887 8887 8887 8887 8887 8887 8887 8887
22514 9908 1034 6203 8887 8887 8887
22515 10564 1396 6675 8887 8887 8887 8887 8887 8887 8887 8887 7308 8887 8887 8887 8887 8887 956 707 400 1179 940
22516 1351 9773 9619 2227 7894 2373
22517 5596 279 5843 8887 8887 8887 8887 8887
22518 6324 5458 8887 8887 8887 8887 8887 8887 8887
22519 3589 8887 8887 8887 8887 8887 8887 8887 8887 8887 8887 8887 8887 8887 8887 8887 8887 8887 8887 8887
22520 3656 10019 8887 8887 8887 8887 8887 13
22521 584 1082 8887 8887 8887 8887 8887 8887 8887 8887 8887
22522 6558 9003 12050 8887 8887 8887 8887 8887 8887 8887 8887 8887 8887 8887 8887 8887 8887 8887 8887 8887 8887 8887 8887 8887
22523 7055 3938 2205 8887 8887
22524 757 5559 8887 8887 8887 8887 8887 8887 8887 8887 8887
22525 2449 279 8887 8887 8887 8887 8887 8887 8887 8887 8887 8887 8887 8887 8887 8887 8887 8887 8887
22526 1441 8887 8887 8887 8887 8887 8887 8887 8887
22527 10594 1544 9345 4132 5643 6536 9662
22528 3656 301 9932 2174 8887 8887
22529 1829 812 8887 8887 8887 8887 8887 8887 8887 8887 8887 8887 8887 8887 8887 3274 908 8887 8887 8887 1414
22530 4766 8887 8887 8887 8887 8887 8887 8887 8887
22531 2105 11001 523 9242 785
22532 4453 699 8887 8887 8887 8887 8887 8887 8887 8887 8887 8887 8887 8887 8887 8887 8887 8887 8887 8887 8887
22533 8559 10626 3410 8887 8887 8887 8887 8887 8887 8887
22534 4455 1147 8887 8887 8887 8887 8887 8887 8887 8887 8887 8887 8887 8887 8887
22535 169 8887 8887 8887 8887 8887 8887 8887 8887 8887 8887 8887
22536 8287 8887 8887 8887 8887 8887 8887 8887 8887 8887
22537 3677 8887 8887 8887 8887 8887 8887 8887 8887 8887 8887 8887 8887 8887
22538 1648 10333 11610 2000 8887 8887 8887 8887 8887 8887 295 8887 8887
22539 657 1034 284 8887 8887 725
22540 10348 1782 8887 8887 8887 8887 8887 8887 8887 8887
22541 3614 1351 6775 1441 751 1168 5923
22542 653 4829 8026 3178 7189
22543 136 1482 105 8887 8887 8887 8887 8887 8887
22544 2418 8887 8887 8887 8887 8887 8887 8887
22545 8857 5502 6871 3328 7121 3761
22546 9778 4216 9289 11014
22547 5683 9451 2462 2649 8887 8887 8887 8887 8887 8887 8887 8887 8887 8887
22548 4593 8438 6820 1622 6098
22549 4095 5940 8887 8887 1928 8887 8887 8887 8887 8887 8887 8887 8887 8887 8887 8887 8887
22550 1098 2335 8887 8887 8887 8887 8887 8887 8887
22551 7011 11318 4237 8887 6379 8734
22552 463 5651 8887 8887 8887 8887 8887 8887 8887 8887 8887 8887
22553 90 8887 8887 8887 8887 8887 8887 8887 8887 8887
22554 171 3046 1864 491 4538
22555 2980 9241 1518 1565 3782
22556 11976 11667 11977 11978 924 7654 707 4166 4801 823 1836 953 1808 414 5385 9261 7488
22557 9846 8887 8887 8887 8887 8887 8887 8887 8887 8887 8887 8887 8887 8887 8887 8887 1351
22558 4957 10833 8887 8887 8887 8887 8887 8887 10682
22559 95 8887 8887 8887 8887 8887 8887 8887 8887
22560 476 7806 302 7924 8887 8887 8887
22561 10577 6463 8887 6336 8887 1107 3090
22562 3565 11479 8887 8887 8887 8887 8887 8887 8887 8887 8887 8887 8887 5419
22563 1930 2771 8887 8887 8887 8887 8887 8887 8887 8887 8887 8887 8887 8887
22564 1609 913 8887 8887 8887 8887 8887 8887 8887 8887 8887 8887 8887 8887 2051
22565 3754 494 6494 9685 2199 11369
22566 1458 8887 8887 8887 8887 8887 8887 8887 8887 8887
22567 3967 8887 8887 8887 8887 8887 8887 8887 8887 8887 8887 8887 8887 8887 8887 8887
22568 1519 95 8887 8887 8887 8887 8887 8887 8887 8887 8887
22569 4227 8887 8887 8887 8887 8887 8887 8887 8887 8887 8887 8887 8887 8887 8887
22570 3868 904 906 3515 3516 1812 940 7302 1236 773 8273
22571 8887 8887 8887 8887 8887 8887 8887 8887 8887 8887 8887 8887 8887 8887
22572 1446 10192 9804 8887 8887 8887 8887 8887 8887 8887
22573 4956 522 6638 6638 8887 8887 8887
22574 9335 693 4956 10488 9160
22575 8887 8887 8887 8887 8887 8887 8887 8887 8887 8887
22576 3480 8887 8887 8887 8887 8887 8887 8887 8887 8887 8887 8887 2015 8887
22577 301 11967 8887 8887 8887 8887 8887 8887 8887 8887 8887 8887 8887 8887 4258
22578 657 9957 8887 8887 8887 8887 8887 8887 8887 8887 8887
22579 8993 9135 1499 2034 11518
22580 9005 8887 8887 8887 8887 8887 8887 8887 8887 8887 8887 8887 8887 8887
22581 5504 8887 8887 8887 8887 8887 8887 8887 8887 8887 8887 8887 8887
22582 3453 10205 2438 9590 2677 9010 8062
22583 1545 8887 8887 8887 8887 309 11425
22584 8530 4522 296 5305 6636 8887 8887 8887 8887 8887 8887 8887 8887 8887 8887 8887 8887 8887 8887 8887 8887 8887 8887 8887 8887 8887 8887 8887 8887 8887 8887 8887 8887 8887 8887 8887 8887 8887 8887 8887
22585 5187 5805 8585 1838 6414 103 4080
22586 2027 477 11574 8887 8887 8887
