22364 11737 8887 8887 8887 8887 8887 8887 8887 8887 8887 8887 8887 8887 8887 8887 8887 8887
22365 7104 10736 11765 6410 11709 8887 8887 8887 8887 8887
22366 8887 8887 8887 8887 8887 8887 8887 8887 8887 8887 8887 8887 8887
22367 7502 8887 8887 8887 8887 8887 8887 8887 8887 8887
22368 834 675 8887 8887 8887 8887 8887 8887 8887 8887 8887 8887 8887 8887 8887 8887 8887
22369 4094 1116 8887 8887 8887 8887 8887 8887 8887 8887 8887 8887 8887 8887 8887 8887 8887 8887 8887 8887 8887 8887 8887 8887
22370 301 8887 8887 8887 8887 8887 8887 8887 8887 8887 8887 8887 8887 8887 8887 8887 8887 8887 8887 8887 8887 8887 8887 8887 8887 8887 8887 8887 8887 8887 8887 8887 8887 8887 8887 8887 8887 8887 8887 8887
22371 8887 8887 8887 8887 8887 8887 8887 8887 8887 8887
22372 8887 8887 8887 8887 8887 8887 8887 8887 8887 8887 8887 8887
22373 1156 8887 8887 8887 8887 8887 8887 8887 8887 8887 8887 8887 8887 8887 8887 8887 8887 8887 8887
22374 301 8887 8887 8887 8887 8887 8887 8887 8887 8887 8887 8887 8887 8887 8887 8887 8887 8887 8887 8887 8887 8887 8887 8887 8887 8887 8887 8887 8887
22375 937 1831 8887 8887 8887 8887 8887 8887 8887 8887 8887 8887 8887 8887 8887 8887
22376 8887 8887 8887 8887 8887 8887 8887 8887 8887 8887 8887 8887 8887 8887 8887 8887 8887 8887 8887 8887 8887
22377 10570 8459 8887 8887 8887 8887 8887 8887 8887 8887 8887 8887 8887
22378 8887 8887 8887 8887 8887 8887 8887 8887 8887 8887 8887 8887 8887 8887 8887 8887 8887 8887 8887 8887 8887 8887 8887 8887 8887 8887 8887 8887 8887 8887 8887 8887 8887 8887
22379 8887 8887 8887 8887 8887 8887 8887 8887 8887 8887 8887 8887 8887 8887
22380 3060 8887 8887 8887 8887 8887 8887 8887 8887 8887 8887 8887 8887 8887 8887 8887 8887 8887 8887 8887 8887 8887 8887 8887
22381 277 227 8887 8887 8887 8887 8887 8887 8887 8887 8887 8887 8887 8887 8887 8887 8887 8887
22382 8887 8887 8887 8887 8887 8887 8887 8887 8887 8887 8887 8887 8887 8887 8887 8887 8887 8887 8887 8887 8887 8887 8887 8887 8887 8887 8887 8887 8887 8887 8887
22383 8887 8887 8887 8887 8887 8887 8887 8887 8887 8887 8887 8887 8887 8887 8887 8887 8887 8887 8887 8887 8887 8887 8887 8887 8887 8887 8887 8887 8887 8887 8887 8887
22384 2475 140 8887 8887 8887 8887 8887 8887
22385 10191 8887 8887 8887 8887 8887 8887 8887 8887 8887 8887 8887 8887 8887
22386 278 8887 8887 8887 8887 8887 8887 8887
22387 2999 1098 796 8887 8887 8887 8887 8887 8887 8887
22388 2301 8887 8887 8887 8887 8887 8887 8887 8887 8887 8887 8887
22389 608 8887 8887 8887 8887 8887 8887 8887 8887
22390 3728 8234 1647 11127 8887 8887 8887 8887 8887 8887 8887 8887 8887 8887 8887 8887 8887 8887 8887 8887 8887 8887 8887 8887 8887 8887 8887 8887 8887 8887 8887 8887 8887 8887 8887 8887 8887 8887 8887 8887 8887 8887 8887 8887 8887 8887 8887 8887 8887 8887
22391 8887 8887 8887 8887 8887 8887 8887 8887 8887 8887 8887 8887 8887 8887 8887 8887 8887 8887 8887 8887 8887 8887 8887 8887 8887 8887 8887 8887 8887 8887 8887 8887 8887 8887
22392 1519 8887 8887 8887 8887 8887 8887 8887 8887 8887 8887 8887
22393 278 4604 3878 8887 8887 8887
22394 12096 4919 4454 7698 10808 636 269 986
22395 5134 6008 8292 1356 7958 4862
22396 2853 647 7034 8887 8887 8887 8887
22397 9002 2871 8887 8887 8887 8887 8887 8887 8887 8887 8887 8887 8887 8887 8887 8887 8887 8887 8887 8887 8887
22398 4879 7746 8887 8887 8887 8887 8887 8887 8887 8887 8887 8887 8887 8887 8887 8887 8887 8887 8887 8887 8887 8887 8887 8887
22399 271 301 8887 8887 8887 8887 8887 8887 8887 8887 8887 8887 8887
22400 9003 10966 8887 8887 8887 8887 8887 8887 8887 8887 8887 8887 8887 8887 8887 8887 8887 8887 8887 8887 8887 8887 8887
22401 2125 2127 8887 8887 8887 8887 8887 8887 8887 8887 8887 8887 8887 8887 8887 8887
22402 8887 8887 8887 8887 8887 8887 8887 8887 8887 8887 8887 8887 8887 8887 8887 8887 8887 8887 8887
22403 2681 1756 8887 8887 8887 8887 8887 8887 8887 8887 8887 8887 8887 8887 8887 8887 8887 8887 8887 8887 8887 8887 8887 8887 8887 1211
22404 7566 1093 8887 8887 8887 8887 8887 8887 8887 8887 8887 8887 8887 8887 8887
22405 8930 5598 8887 8887 8887 8887 8887 8887 8887
22406 1484 8887 8887 8887 8887 8887 8887 8887 8887 8887 8887 8887 8887 8887
22407 11086 8887 8887 8887 8887 8887 8887 8887 8887 8887 8887 8887 8887 8887 8887 8887 8887 8887 8887 8887 8887 8887 8887 8887 8887 8887
22408 1521 1278 6759 8887 8887 8887 8887 8887 8887 8887 8887 8887 8887 8887 8887 8887 8887 8887 8887
22409 1536 8887 8887 8887 8887 8887 8887 8887 8887 8887 8887 8887 8887 8887 8887
22410 8887 8887 8887 8887 8887 8887 8887 8887 8887 8887 8887 8887 8887
22411 8887 8887 8887 8887 8887 8887 8887 8887 8887 8887 8887 8887 997
22412 8887 8887 8887 8887 8887 8887 8887 8887 8887 8887 8887 8887 8887 8887 8887
22413 2160 8887 8887 8887 8887 8887 8887 8887 8887 8887 8887 8887 8887 8887 8887 8887 8887
22414 8887 8887 8887 8887 8887 8887 8887 8887
22415 8887 8887 8887 8887 8887 8887 8887 8887 8887 8887 8887 8887 8887 8887 8887
22416 8887 8887 8887 8887 8887 8887 8887 8887 8887 8887 8887 8887 8887 8887 8887
22417 2645 9003 8887 8887 8887 8887 8887 8887 8887
22418 1926 8887 8887 8887 8887 8887 8887 8887 8887 8887 8887 8887 8887 8887 8887 8887 8887
22419 1351 12013 8887 8887 8887 8887 8887 8887 8887 8887 8887 8887 8887 8887 8887 8887 8887 8887 8887 8887 8887
22420 301 8887 8887 8887 8887 8887
22421 4923 8887 8887 8887 8887 8887 8887 8887 8887
22422 834 8887 8887 8887 8887 8887 8887 8887 8887 8887 8887 8887 8887 8887 8887 8887 8887 8887
22423 8887 8887 8887 8887 8887 8887 8887 8887 8887 8887 8887 8887 8887 8887 8887 8887 8887 8887 8887 8887
22424 8887 8887 8887 8887 8887 8887 8887 8887 8887 8887 8887 8887 8887 8887 8887 8887 8887 8887 8887 8887 8887 8887 8887 8887 8887 8887 8887 8887 8887 8887 8887 8887 8887 8887 8887 8887 8887 8887 8887 8887 8887 8887 8887 8887 8887 8887 8887 8887
22425 1249 6349 6350 3827 3278 5267 1839 963
22426 4642 1827 8887 8887 8887 8887 8887 8887 8887 8887 8887 8887 8887 8887 8887 8887 8887 8887 8887 8887 8887 8887 8887 8887 8887 8887 8887 8887 8887 8887 8887 8887 8887 8887 8887 8887 8887 8887 8887 8887 8887 8887 8887 8887 8887
22427 562 8887 8887 8887 8887 8887 8887 8887 8887 8887 8887 8887
22428 8887 8887 8887 8887 8887 8887 8887 8887
22429 301 12008 5843 8887 8887 8887 8887 8887 8887 8887 8887 8887
22430 8887 8887 8887 8887 8887 8887 8887 8887 8887 8887 8887 8887 8887 8887 8887 8887 8887 8887 8887 8887 8887 8887 8887 8887 8887 8887 8887
22431 8887 8887 8887 8887 8887 8887 8887 8887 8887 8887 8887 8887 8887 8887
22432 8887 8887 8887 8887 8887 8887 8887 8887 8887 8887 8887
22433 6940 290 287 8887 8887 8887 8887 8887 8887 8887 8887 8887
22434 304 8887 8887 8887 8887 8887 8887 8887 8887 8887 8887 8887 8887 8887 8887 8887 8887 8887 8887 8887 8887
22435 2728 10145 8887 8887 8887 8887 8887 8887 8887 8887 8887 8887 8887
22436 755 8887 8887 8887 8887 8887 8887 8887 8887 8887 8887 8887 8887 8887 8887
22437 3020 296 8887 8887 8887 8887 8887 8887 8887 8887
22438 5888 8887 8887 8887 8887 8887 8887 8887 8887 8887 8887 8887 8887 8887
22439 10990 10104 8887 8887 8887 8887 8887 8887 8887 8887 8887 8887 8887
22440 4196 8887 8887 8887 8887 8887 8887 8887 8887 8887 8887 8887 8887 8887 8887 8887 8887 8887
22441 1929 8887 8887 8887 8887 8887 8887 8887
22442 1354 8887 8887 8887 8887 8887 8887 8887 8887 8887 8887 8887 8887 8887 8887 8887 8887 8887 8887 8887 8887 8887 8887 8887 8887 8887 8887 8887 8887 8887 8887 8887
22443 8372 8887 8887 8887 8887 8887 8887 8887 8887 8887 8887 8887 8887 8887 8887 8887
22444 8887 8887 8887 8887 8887 8887 8887 8887 8887 8887 8887 8887 8887 8887 8887 8887 8887 8887 8887 8887 8887 8887 8887 8887 8887 8887 8887 8887 8887
22445 4302 8887 8887 8887 8887 8887 8887 8887 8887 8887 8887 8887 8887
22446 4430 8887 8887 8887 8887 8887 8887 8887 8887 8887 8887 8887 8887 8887 8887 8887
22447 8887 6820 8887 8887 8887 8887 8887 8887 8887 8887 8887 8887 8887 8887 8887 8887 8887 8887 8887 8887 8887 8887 8887
22448 4201 8887 8887 8887 8887 8887 8887 8887 8887 8887 8887 8887 8887 8887 8887 8887
22449 7242 8887 8887 8887 8887 8887 8887 8887 8887 8887
22450 1896 8887 8887 8887 8887 8887 8887 8887 8887 8887 8887 8887 8887 8887 8887 8887 8887 8887 8887 8887 8887
22451 690 8887 8887 8887 8887 8887 8887 8887 8887 8887 8887 8887 8887 8887 8887 8887 8887 8887 8887 8887
22452 5278 9962 8887 8887 8887 8887 8887 8887 8887 8887 8887 8887 8887 8887 8887 8887
22453 8887 8887 8887 8887 8887 8887 8887 8887 8887 8887 8887 8887 8887 8887 8887 8887 8887 8887 8887 8887 8887 8887 8887 8887 8887 8887 8887 8887 8887
22454 8887 8887 8887 8887 8887 8887 8887 8887 8887 8887 8887 8887 8887 8887 8887 8887 8887 8887 8887 8887 8887 8887 3656
22455 10601 278 8887 8887 8887 8887 8887 8887 8887 8887 8887 8887 8887 8887 8887 8887 8887 8887 8887
22456 4756 8887 8887 8887 8887 8887 8887 8887 8887 8887 8887 8887 8887 8887 8887 8887 8887 8887 8887 8887 511
22457 11616 8887 8887 8887 8887 8887 8887 8887 8887 8887 8887 8887 8887 8887 8887 8887 8887 8887 8887 8887 8887 8887 8887 8887 8887
22458 8887 8887 8887 8887 8887 8887 8887 8887 8887 8887 8887 8887 8887 8887 8887 8887 8887 8887 8887 8887 8887 8887 8887 8887 8887 8887 8887 8887 8887 8887 8887 8887
22459 8887 8887 8887 8887 8887 8887 8887 8887 8887 8887 8887 8887 8887 8887 8887 8887 8887 8887 8887
22460 8887 8887 8887 8887 8887 8887 8887 8887 8887 8887 8887 8887 8887 8887 8887 8887 8887
22461 8887 8887 8887 8887 8887 8887 8887 8887 8887 8887
22462 701 8887 8887 8887 8887 8887 8887 8887 8887 8887 8887 8887 8887 8887 8887 8887 8887 8887 8887 8887 8887 8887 8887 8887 8887 8887 8887 8887 8887 8887 8887 6485
22463 1218 3274 8887 8887 8887 1500 8887 8887 8887 8887 8887 8887
22464 1330 7936 3367 856 8887 8887 8887 8887 8887 8887 8887 8887 8887 8887 8887 8887 8887 8887 8887 8887 8887
22465 2316 7443 39 2169 6502 8887 8887 8887 8887 8887 8887 8887 8887 8887 8887 8887
22466 8887 8887 8887 8887 8887 8887 8887 8887 8887 8887 8887 8887 8887 8887 8887 8887 8887 8887 8887 8887 8887 8887 8887
22467 7201 2978 8887 8887 8887 1652 8887 8887 8887 8887 8887 8887 8887 8887
22468 3967 8887 8887 8887 8887 8887 8887 8887 8887 8887 8887 8887 8887 8887 8887 8887 8887 8887 8887 8887 8887 8887 8887 8887 8887 8887 8887
22469 3017 8887 8887 8887 8887 8887 8887 8887 8887 8887 8887 8887 8887 8887 8887 8887 8887
22470 8887 8887 8887 8887 8887 8887 8887 8887 8887
22471 610 8887 8887 8887 8887 8887 8887 8887 8887 8887
22472 1529 178 8887 8887 8887 8887 8887 8887 8887 8887 8887 8887 8887 8887 8887 8887 8887 8887 8887 8887 8887 8887 8887 8887 8887 8887 8887 8887 8887
22473 9952 8887 8887 8887 8887 8887 8887 8887 8887 8887 8887 8887 8887 8887 8887 8887
22474 8887 8887 8887 8887 8887 8887 8887 8887 8887 8887 8887 8887 8887 8887 8887 8887 8887
22475 1931 8887 8887 8887 8887 8887 8887 8887 8887 8887 8887
22476 301 8887 8887 8887 8887 8887 8887 8887 8887 8887 8887 8887 8887 8887 8887 8887 8887 8887 8887 8887 8887 8887 8887 8096
22477 278 8887 8887 8887 8887 8887 8887 8887 8887 8887 8887 8887 8887 8887 8887 8887 8887 8887 8887 8887 8887
22478 8887 8887 8887 8887 8887 8887 8887 8887 8887 8887
22479 1268 6924 8887 8887 8887 8887 8887 8887 8887 8887 8887 8887 8887 8887 8887 8887 8887 8887 8887 8887 8887 8887 8887 8887 8887 8887 8887 8887 8887 8887 8887 8887 8887 8887 8887 8887 8887 8887 8887 8887 8887 8887 8887
22480 5409 8887 10747 8887 8887 8887 8887 8887 8887 8887 8887 8887 8887 8887 8887 8887 8887 8887 8887 8887 8887 8887 8887 8887 8887
22481 10952 8887 8887 8887 8887 8887 8887 8887 8887 8887 8887 8887 8887 8887 8887 8887 8887 8887 8887 8887 8887 8887 8887 8887 8887 8887 8887
22482 2933 8887 8887 8887 8887 8887 8887 8887 8887 8887 8887 8887 8887 8887 8887 8887 8887 8887 8887
22483 9762 8887 8887 8887 8887 8887 8887 8887 8887 8887 8887 8887 8887 8887 8887
22484 1902 8386 8887 8887 8887 8887 8887 8887 8887 8887
22485 8887 8887 8887 8887 8887 8887 8887 8887 8887 8887 8887 8887 8887 8887
22486 87 2936 10327 2346 3817 8887 8887 8887 8887 8887 8887 8887 8887 8887 8887 8887 8887 8887 8887
22487 717 8887 8887 8887 8887 8887 8887 8887 8887 8887 8887 8887 8887 8887 8887 8887 8887 8887 8887 8887
22488 715 8887 8887 8887 8887 8887 8887 8887 8887 8887 8887 8887 8887 8887 8887 8887 8887 8887 8887 8887 8887 8887 8887 8887 8887 8887 8887 8887 8887 8887 8887 8887 8887 8887 8887 8887 8887 8887 8887 8887 8887 8887 8887 8887 8887 8887 8887 8887 8887 8887
22489 2485 5489 8887 8887 8887 8887 8887 8887 8887 8887 8887 8887 8887 8887 5843
22490 8887 8887 8887 8887 8887 8887 8887 8887 8887 8887 8887
22491 5569 8887 8887 8887 8887 8887 8887 8887 8887 8887 8887 8887 8887 8887 8887
22492 10089 775 3570 11979 801 4834
22493 3213 8887 8887 8887 8887 8887 8887 8887 8887 8887 8887
22494 8887 8887 8887 8887 8887 8887 8887 8887 8887 8887 8887 8887 8887 8887 8887 8887 8887
22495 8887 8887 8887 8887 8887 8887 8887 8887 8887 8887 8887 8887 8887 8887 8887 8887 8887 8887 8887 8887 8887 8887 8887
22496 2010 8887 8887 8887 8887 8887
22497 2210 6810 3411 8887 8887 8887 8887 8887 8887 8887 8887 8887 8887 8887 8887 8887 8887 8887 8887 8887 8887 8887 8887
22498 10554 788 8887 8887 8887 8887 8887 8887 8887 8887 8887 8887 8887 8887 8887 8887 8887 8887 8887 8887 8887 8887 8887 8887 8887 8887 8887 8887 8887 8887 8887 8887 8887 8887 8887 8887 8887 8887 8887 8887 8887 8887 8887 8887 8887 8887 8887 8887 8887 8887
22499 1871 8887 8887 8887 8887 8887 8887 8887 8887 8887 8887 8887 8887 8887
22500 8887 8887 8887 8887 8887 8887 8887 8887 8887 8887 8887 8887 8887 8887 8887 8887 8887 8887 8887 8887 8887 8887 8887 8887 8887 8887 8887 8887
22501 8887 8887 8887 8887 8887 8887 8887 8887 8887 8887 8887 8887 8887 8887 8887 8887 8887
22502 8887 8887 8887 8887 8887 8887 8887 8887 8887 8887 8887
22503 2719 39 6637 8887 8887 8887 8887 8887 8887 8887 8887 8887
22504 8887 8887 8887 8887 8887 8887 8887 8887 8887 8887 8887 8887 8887 8887 8887 8887 8887 8887 8887 8887 8887 8887 8887 8887 8887 8887 8887 8887 8887 8887 8887 8887 8887 8887 8887 8887 8887 8887 8887
22505 1887 9183 4570 1718 7838 9516
22506 7694 8887 8887 8887 8887 8887 8887 8887 8887 8887 8887 8887
22507 2316 11329 11633 2515 8887 8887 8887 8887 8887 8887 8887 8887 8887 8887 8887 8887 8887 8887 8887 8887 8887 8887 8887 8887 8887 8887 8887 8887 8887 8887 8887 8887 8887 8887 8887 8887 8887
22508 301 8887 8887 8887 8887 8887 8887 8887 8887 8887 8887 8887 8887 8887 8887 8887 8887 8887 8887 8887 8887 8887 8887 8887 8887 8887 8887 8887 8887
22509 2345 95 8887 8887 8887 8887 8887 8887 8887 8887 8887 8887 8887 8887 8887 8887 8887 8887 8887 8887 8887 8887 8887 8887 8887 8887 8887 8887 8887 8887 8887 8887 8887 8887 8887
22510 4809 8887 8887 8887 8887 8887 8887 8887 8887 8887 8887 8887 8887
22511 11973 8887 8887 8887 8887 8887 8887 8887 8887 8887 8887 8887 8887 8887 8887 8887 8887 8887 8887 8887
22512 1025 44 1525 8887 8887 8887 8887 8887 8887
22513 8887 8887 8887 8887 8887 8887 8887 8887 8887 8887 8887 8887 8887 8887 8887 8887 8887 8887 8887 8887 8887
22514 3058 6372 8887 8887 8887 8887 8887 8887 8887 8887 8887 8887 8887 8887 8887 8887 8887 8887
22515 452 8887 8887 8887 8887 8887 8887 8887 8887
22516 8887 8887 8887 8887 8887 8887 8887 8887 8887 8887 8887 8887 8887 8887 8887 8887
22517 9257 9313 8887 8887 8887 8887 8887 8887
22518 4730 8887 8887 8887 8887 8887 8887 8887 8887 8887 8887 8887 8887
22519 5882 5598 13 293 8887 8887 8887 8887 8887 8887 8887 8887
22520 10028 5946 5514 3613 8194 7547
22521 8887 8887 8887 8887 8887 8887 8887 8887 8887 8887 8887 8887 8887 8887 8887 8887 8887 8887 8887 8887 8887 8887 8887 8887 8887 8887 8887 8887 8887
22522 8887 8887 8887 8887 8887 8887 8887 8887 8887 8887 8887 8887 8887 8887 8887 8887 8887 8887 8887 8887 8887 8887 8887 8887 8887 8887 8887 8887
22523 8887 8887 8887 8887 8887 8887 8887 8887 8887
22524 8887 8887 8887 8887 8887 8887 8887 8887 8887 8887 8887 8887 8887 8887 8887 8887 8887 8887 8887 8887 8887 8887 8887 8887 8887 8887 8887 8887 8887 8887
22525 1351 7414 1896 8887 8887 8887 8887
22526 11098 9196 1484 8887 8887 8887 8887 8887 8887 8887 8887 8887 8887 8887 8887 8887 8887 8887 8887 8887 8887 8887
22527 7348 8887 8887 8887 8887 8887 8887 8887 8887 8887 8887 8887 8887 8887 8887 8887 8887 8887 8887 8887 8887 8887 8887 8887
22528 8887 8887 8887 8887 8887 8887 8887 8887 8887 8887 8887 8887 8887 8887 8887 8887 8887 8887 8887 8887 8887 8887 8887 8887 8887
22529 1674 4863 5148 8592 8887 8887 8887 8887 8887 8887 8887 8887 8887 8887 8887 8887 8887 8887 8887 8887
22530 8887 8887 8887 8887 8887 8887 8887 8887 8887 8887 8887 8887
22531 8887 8887 8887 8887 8887 8887 8887 8887 8887 8887 8887 8887 8887 8887 8887 8887 8887 8887 8887 8887 8887 8887 8887
22532 8887 8887 8887 8887 8887 8887 8887 8887 8887 8887 8887 8887
22533 1120 8887 8887 8887 8887 8887 8887 8887 8887 8887 8887 8887 8887 8887 8887 8887 8887 8887 8887 8887 8887 8887 8887 8887 8887 8887 8887 8887 8887 8887 8887 8887 8887 8887 8887
22534 588 8887 8887 8887 8887 8887 8887 8887 8887 8887 8887 8887 8887 8887 8887 8887 8887 8887 8887 8887 8887 8887 8887 8887 8887 8887 8887 8887 8887 8887 8887 8887 8887 8887 8887 8887 8887 8887 8887 8887 8887 8887 8887 8887 8887 8887 8887 8887 8887 8887
22535 525 9378 8887 8887 8887 8887 8887 8887 8887 8887 8887 8887 8887 8887 8887 8887 8887 8887 8887 8887 8887 8887 8887 8887 8887 8887 8887 8887 8887 8887 8887 8887 8887 8887
22536 3344 8887 8887 8887 8887 8887 8887 8887 8887 8887 8887 8887 8887 8887 8887
22537 8887 8887 8887 8887 8887 8887 8887 8887 8887 8887
22538 2771 8887 8887 8887 8887 8887 8887 8887 8887 8887 8887 8887 8887 8887 8887 8887
22539 301 8887 8887 8887 8887 8887 8887 8887 8887 8887
22540 8887 8887 8887 8887 8887 8887 8887 8887 8887 8887 8887 8887 8887 8887 8887 8887 8887 8887 8887 8887 287 8887
22541 6317 8887 8887 8887 8887 8887 8887 8887 8887 8887 8887 8887 8887 8887 8887
22542 8887 8887 8887 8887 8887 8887 8887 8887 8887 8887 8887 8887 8887 8887 8887 8887 8887 8887 8887
22543 8887 8887 8887 8887 8887 8887 8887 8887 8887 8887 8887 8887 8887 8887 8887 8887 8887 8887 8887 8887 8887 8887 8887 8887 8887 8887 8887 8887
22544 2626 278 8887 8887 8887 8887 8887 8887 8887 8887
22545 1007 4507 8887 8887 8887 8887 8887 8887 8887 8887 8887 8887 8887 8887 8887 8887
22546 8887 8887 8887 8887 8887 8887 8887 8887 8887 8887 8887 8887 8887 8887 8887 8887 8887
22547 8887 8887 8887 8887 8887 8887 8887 8887 8887 8887 8887 8887 8887 8887 8887 8887 8887 8887 8887 8887 8887 8887 8887 8887 8887 8887 8887 8887
22548 6040 2468 1693 8887 8887 8887 8887 8887 8887 8887 8887 8887
22549 1195 8887 8887 8887 8887 8887 8887 8887
22550 8887 8887 8887 8887 8887 8887 8887 8887 8887 8887 8887 8887 8887 8887 8887 8887 8887 8887 8887 8887 8887 8887 8887 8887 8887 8887 8887 8887 8887 8887 8887 8887 8887 8887 8887 8887 8887 8887 8887 8887 8887 8887 8887 8887 8887 8887 8887 8887 8887 8887
22551 8887 8887 8887 8887 8887 8887 8887 8887 8887 8887 8887 8887 8887 8887 8887 8887 8887 8887 8887 8887 8887 8887 8887
22552 8887 8887 8887 8887 8887 8887 8887 8887 8887 8887 8887 8887 8887 8887 8887 8887
22553 3416 8887 8887 8887 8887 8887 8887 8887 8887 8887 8887 8887 8887 8887 8887 8887 8887 8887 8887 8887 8887 8887 8887 8887 8887 8887 8887 8887 8887 8887 8887 8887 8887 8887 8887 8887 8887 8887 8887 8887 8887 8887 8887 8887 8887 8887 8887 8887 8887 8887
22554 9666 8887 8887 8887 8887 8887 8887 8887 8887 8887 8887 8887 8887 8887 8887 8887
22555 9034 8887 8887 8887 8887 8887 8887 8887 7182
22556 8273 8887 8887 8887 8887 8887 8887 8887 8887 8887 8887 8887 8887 8887 8887 8887 8887 8887
22557 2927 1384 301 8887 8887 8887 8887 8887 8887 8887 8887 8887 8887 8887 8887 8887 8887 8887 8887 8887 8887 8887 8887 8887 8887 8887 8887 8887 8887 8887 8887 8887 8887
22558 4152 6465 8887 8887 8887 8887 8887 8887 8887 8887 8887 8887 8887 8887 8887 8887 8887 8887 8887 8887 8887 8887 8887 8887 8887 295 8887
22559 11542 8887 8887 8887 8887 8887 8887 8887 8887 8887 8887 8887 8887 8887 8887
22560 279 8887 8887 8887 8887 8887 8887 8887 8887 8887 8887 8887 8887 8887 8887 8887 8887 8887 8887 8887 8887
22561 1188 1595 3426
22562 8887 8887 8887 8887 8887 8887 8887 8887 8887 8887 8887 8887 8887 8887 8887 8887 8887 8887 8887 8887 8887 8887 8887 8887 8887 8887 8887 8887 8887
22563 1351 528 4116 2535 8887 8887 8887 8887
22564 8887 8887 8887 8887 8887 8887 8887 8887 8887 8887 8887 8887 8887 8887 8887 8887 8887 8887 8887 8887 8887 8887 8887
22565 278 8887 8887 8887 8887 8887 8887 8887 8887 8887 8887 8887 8887 8887 8887 8887 8887
22566 3691 11569 8476 790 751 1166
22567 10349 1124 6494 1457 3482 5972
22568 8887 8887 8887 8887 8887 8887 8887 8887 8887 8887 8887 8887 8887 8887 8887
22569 5055 307 11982 4325 5464 9432 1689
22570 8887 8887 8887 8887 8887 8887 8887 8887 8887 8887 8887 8887 8887 8887 8887 8887 8887 8887
22571 8887 8887 8887 8887 8887 8887 8887 8887 8887 8887 8887 8887 8887 8887 8887 8887 8887 8887 8887 8887 8887 8887 8887 8887 8887 8887 8887
22572 752 1775 1977 5316
22573 5886 8887 8887 8887 8887 8887 8887 8887 8887 8887 8887 8887 8887 8887
22574 8887 8887 8887 8887 8887 8887 8887 8887 8887 8887 8887 8887 8887 8887 8887 8887 8887 8887 8887 8887 8887 8887 8887 8887 8887 8887 8887 8887 8887 8887
22575 8887 8887 8887 8887 8887 8887 8887 8887 8887 8887 8887 8887 8887 8887 8887 8887 8887 8887
22576 8887 8887 8887 8887 8887 8887 8887 8887 8887 8887 8887 8887 8887 8887 8887 8887 8887 8887 8887 8887
22577 301 8887 8887 8887 8887 8887 8887 8887 8887 8887 8887 8887 8887 8887 8887 8887 8887 8887 8887 8887 8887 8887 8887 8887 8887 8887 8887 8887 8887 8887 8887 8887 8887 8887 8887
22578 136 8887 8887 8887 8887 8887 8887 8887 8887 8887 8887 8887 8887 8887 8887
22579 8887 8887 8887 8887 8887 8887 8887 8887 8887 8887 8887 8887 8887 8887 8887 8887
22580 10747 5833 8887 8887 8887 8887 8887 8887 8887
22581 7335 102 8887 8887 8887 8887 8887 8887 8887 8887
22582 8887 8887 8887 8887 8887 8887 8887 8887 8887 8887 8887 8887 8887 8887 8887 8887 8887 8887 8887 8887 8887 8887 8887 8887 8887 8887 8887 8887 834 8887 8887 8887 8887
22583 249 726 11317 8887 8887 8887 8887 8887 8887 8887 8887 8887 8887 8887 8887 8887
22584 1354 2010 8887 8887 8887 8887 8887 8887 8887 8887 8887 8887 8887 8887 8887 8887
22585 735 7008 8887 8887 8887 8887 8887 8887
22586 726 8201 7069 6375
