22364 271 9792 2190 2774 775 8324 6459
22365 2080 2868 54 5694 9090 10203 3379 11296 4120
22366 7576 3554 10855 12092 815 2201 10607 7013 8032 1851 890
22367 3292 7691 11298 6649 11425 4529
22368 4094 6722 1771 1918 5279 102 3
22369 8704 306 7036 9297 5596
22370 3685 1224 879 1056 704 705 3873 1179 3428
22371 7587 9923 1647 1350 11831 27 3414
22372 1527 11686 944 311 1542 1566 1708 519 6358 11976 2837 2630 5968 4489 8857 11976 2837 11801 921 382 392 393 4529 1841 5514 5315
22373 90 1798 5965 6092 7649 8785
22374 7640 403 531 11447 4775
22375 10880 9429 6314 2972 180 1109 2641
22376 3665 7626 5356 7803 6559 5529 1706
22377 4104 4209 4529 8642 9147 4495
22378 6372 2845 278 11700 11423 10146
22379 2942 1272 8288 12073 7813 1876
22380 8138 5524 914 1262 5536
22381 2835 3048 10588 10840 4956 843
22382 9580 3744 1775 5216
22383 1741 4757 1396 878 7572 4767 815 817 7957 11878
22384 287 10833 11700 3414 1585 7598
22385 5019 535 272 32 31
22386 670 7746 11572 10833 24 7922 296
22387 7670 5847 6412 11847 852 1738 4598 94
22388 9429 1080 1141 1579 4358 1395 1484 2728
22389 11915 7142 6942 5843 9818 6642
22390 2088 5531 8370 6621 4206 7520
22391 9905 65 8770 1458 5895 2080
22392 9479 8693 9893 9230 2232
22393 7670 2042 2033 2000 621 1958
22394 8586 2467 8625 11777 5687 9051 11758 6442 675 8500
22395 10441 5536 6894 44 10076
22396 2130 7668 5170 1627 10583 4623
22397 453 2945 8447 1517 3021
22398 1095 2946 1873 11726 432 7518 4482 2160
22399 4634 267 1537 3238 2126 548
22400 3682 1160 1160 3967 879 884 945 9436 1843
22401 7208 861 289 7089 21 553 46
22402 989 3160 11254 4088 8062 9597
22403 2827 1913 1793 2984 10180
22404 6463 10747 3023 6465 1079 3022 3023 6466 9744 3025
22405 13 4258 11967 10665 1872 9413 5526 9818
22406 5133 5695 6558 10015 8728 13
22407 648 105 11928 9875 8600
22408 9331 6890 1574 2045 301 10017 6629 846 3090
22409 9052 1913 2896 4883 1734 195
22410 5818 10198 2645 269 4008
22411 4757 1829 95 879 6282 5570 1057 6068 1269
22412 699 879 1265 763 913 1061 1060 380 1881 707 3690 1842
22413 6957 519 788 6569 230 4921
22414 1627 2222 5282 1831 2493 9502
22415 699 2345 879 1978 378 5378 4801 2899 3692 818 5573
22416 646 243 4636 2188 3010 11345 8121 3110 12058
22417 6 4699 8937 3293 3359 1689 5500 2623 11406 5714
22418 3935 6463 6466 3026 4180 1422
22419 879 5570 815 4814
22420 4118 302 7841 1707 8771 5058 6823 2021 1399 119 9423 9327
22421 9560 878 3682 3871 4416 5274 5274 924
22422 1625 1553 1487 490 1233 2446 1917 10258
22423 4222 1195 1037 4335 1822 2294
22424 11849 1091 6877 8066 3898 5880
22425 7332 3105 5638 10403 11851 7785
22426 1930 693 8170 11380 1149 3354 10740
22427 5363 2127 1089 3874 1703
22428 5948 1424 3771 588 2717 271 4289
22429 3842 2753 2755 3273 831 2380
22430 5039 12080 653 259 2389
22431 2973 6261 176 7647 10153 2973
22432 1384 747 878 5394 1977 1167 396 397
22433 7787 10392 2015 6942 11746 11876 11406 11409 11425
22434 10646 4475 5414 6417 6961 1933
22435 819 3080 3432 6777 6261 1094
22436 4581 863 10704 10434 6056 10406 287
22437 4095 8511 1916 11253
22438 10774 12054 653 12054 6203 11771
22439 6889 5038 6227 713 8634 3611 658 4874 8883
22440 1521 3396 10138 1738 1350
22441 1451 8648 408 137 601 12043 11576 7060 1080 9160 8516 9060 2457 2516 4347 3722 7617 7582
22442 279 295 278 7649 6293 3384 10434 309 308 613 3024
22443 6638 6626 12015 11846
22444 3656 301 295 10217 9545 1079 11327 6203
22445 2686 494 3432 7004 3468
22446 2933 2055 6632 7296 1872 9169 3295
22447 279 302 10217 11298 7591
22448 7325 2339 7382 4632 4091 33 1135
22449 4972 279 6628 6635 9723 5550
22450 2048 2951 11145 7617 6246 8972
22451 8586 9775 5033 5458 6815 7089 8688 3585
22452 2152 95 727 1521 8974
22453 7260 9792 3142 9967 4739 5553 4940
22454 859 279 7060 295 11197 7591 11409
22455 6372 4520 11298 11415 299 7591
22456 7974 752 1411 5311 379 1264 818
22457 11892 3021 6347 3947 9225
22458 7755 5504 542 4225 3409 46
22459 11828 2812 2883 2895 710 1842 1076 817 5316 773
22460 369 6266 1780 3516 702 1781 3277 1062 3277 1175 1781 1782 7703 1178 11502 9153 8273
22461 5 11148 5965 6564 2673 3229
22462 10275 7860 8513 8390 9871 9391
22463 6559 4604 296 10833 7591 11409
22464 1220 1992 2821 10975 8734
22465 2349 2257 706 1415 4801 4768
22466 1408 3024 1694 9345 1511 646
22467 271 1537 90 278 5058 7591
22468 3652 11399 288 10306 2051 3841 10038 10039 9489 2040
22469 1704 598 447 7135 8793 1461 7281 3837 2019
22470 3059 6247 370 757 10192 3750 4083
22471 4872 7380 13 4258 5765
22472 2678 11406 9806 8620 12101 2149
22473 9735 5356 7060 10802 8500 3730
22474 10546 1537 862 5909 467
22475 4764 2083 2955 7250 9646 7034
22476 978 7972 6416 301 6959 4896
22477 4579 6942 9619 6369 11750 8778
22478 1555 1337 25 4642 4475 1704
22479 3187 11348 11485 1056 9665 7249 4220
22480 58 507 13 1922 3090
22481 9856 302 11440 10851 11316
22482 3708 7364 747 3967 879 3638 883 2349 706 8263 7703
22483 2090 5058 1322 1609 1521 2865 35 788
22484 653 12079 1238 1134 6203 6937 2016 5787
22485 1585 7598 12064 10303 12068 6649 6641 2049 5836
22486 1007 140 4445 457 9120 10788
22487 3795 7030 11424 8734 5213
22488 9624 11946 5842 1579 4803 10085
22489 1536 7069 597
22490 2462 287 339 9545
22491 6558 11568 9480 6099 8626
22492 3065 11952 6575 8887 5011
22493 634 9940 11726 3195 8060 9916 10251 347 3428
22494 10415 4289 3131 6091 1881
22495 3745 1571 2748 3304 3782
22496 295 279 7591 7591 1935 2844
22497 24 859 1707 39 254
22498 3252 5432 7069 11850 11673
22499 8970 1795 3484 242 8541 6753 2003
22500 99 7660 1202 1202 1872 888
22501 9656 6958 3565 11965 8353 6519
22502 6558 11276 9210 7842 6414 11784
22503 1667 1717 2148 3490 4551 2010 11626
22504 2010 1683 296 258 11475
22505 4928 2603 988 6539 2366 8084 4821 5338 1179
22506 6027 10768 11546 7910 10005 715 2080 177
22507 2889 923 408 499 2080 2578
22508 1351 4632 4200 1416 3035
22509 4508 1124 9028 5479 9154
22510 4129 670 5536 9690 298 1363
22511 8734 11937 1055 919 3516 763 706 3425 1264 390 5268 1982 1075 3428 2391 1846 6604
22512 287 3293 6151 11953
22513 33 670 671 6436 253 9619 7928 8755 3148 253 11583 11991 1433 5566 8710 567 1450 2910
22514 5009 9844 6714 11761 3346 6079
22515 2084 2316 8286 7386 1425 5449 792
22516 5063 4923 8472 10737 11768 10910 5333 10423 12013 978 10401 11700 10555 3024
22517 452 5284 1241 3796 2334 790
22518 422 6920 8300 1141 11493 127 2312 580 8550 4714 254 4516 537 4482 5014 1005
22519 11677 5470 8547 11671 2263 9413 6442
22520 3656 295 572 2844 296 7591
22521 2938 11536 2728 11666 9876 276
22522 5968 11029 4577 5818 248
22523 1909 7099 8339 7646 2224 1129 4114 11876 8784 3079 6117 11135 7624
22524 3586 2973 888 3402 1197 3468
22525 3745 6907 11747 8184 11833
22526 2083 2849 2979 3638 5378 5149 11931 2690 1982 4529 1572 400 3537 5723 3647 11103 3559 797 5383 5381 5514 955 768 7478 773 6603
22527 6320 10549 7107 9511
22528 2466 8380 11366 7985 11054
22529 2406 10124 2078 4582 598 3514 8231
22530 9294 3129 366 8457 3508 3648
22531 6414 550 10840 2437 5762 3050 1614 7575 2792
22532 1387 6559 11508 7499 9364 6792
22533 4470 775 4678 2381 11791
22534 2644 6193 8285 7552 6286 5097
22535 1491 11113 4208 2937 1425 8666
22536 8248 287 287 302 5843 295 296
22537 2761 6494 11274 5880
22538 542 8288 4004 1091 531
22539 1344 4552 1769 5878 3005
22540 862 301 278 10222 5536 10625 6626 6643 6628 10726 11359 2651
22541 452 4116 8684 11833 2307 5996
22542 8846 6465 3549 6463 9341 2690 3693 3548 3025 9744
22543 1298 9887 5694 1725 10134
22544 1385 377 5840 2937 1585 2847
22545 7746 1707 296 5843 295 11421
22546 2418 4972 775 7700 2342
22547 6615 1477 1645 213 114 2411 8861 5167
22548 695 2932 2168 696 4785 1265 1264 3648 392 1076 5514 8886 823 1984 18 820 1075 4180 4181
22549 4242 2036 2468 11272 863 11409 11937
22550 4919 790 3768 4479 90 2266
22551 7031 3328 101 2061 8470 477 7799
22552 834 269 343 1007 13
22553 6465 6463 8997 3548 11502 3545 3548 9743 9744
22554 7843 287 6414 293 51 11409 8380
22555 343 1441 2577 4767 11438
22556 7060 790 4607 2399 11470 3767
22557 5754 2538 4609 5546 4247
22558 5550 6663 3091 2049 9736 12082 6686
22559 1334 65 3323 5539 447 6542 9689
22560 775 6099 1579 8076
22561 969 3388 3388 5529
22562 11182 269 4498 6722 4329 9454 1079 671 6436 253 10510 11989 11976 2837 253 11988
22563 3021 1079 3693 1416 1078 6466 3036 11785 5409 11861 3023 11144
22564 7454 10833 5561 5182 1082 1537 7649 11990 1706 11663
22565 10997 813 812 1775 914 370 917
22566 235 8487 6255 8566 6221
22567 2834 8185 8178 5356 4780 7586 11458
22568 4930 5409 3695 8643 4062 4174
22569 3919 10259 1604 23 309 11406 11571 4304
22570 2012 4678 6512 1948 3912 2894
22571 8494 10855 6838 2250 24
22572 1563 3685 610 1269 942 9419 2578 4814
22573 5261 3841 4028 1211 3229 1266
22574 1034 10768 1040 6968 3454 278 10017
22575 2010 2406 11348 3656 5765 5768 293 301 278 4289
22576 8454 775 5063 4766 3645 598
22577 1362 11971 11972 6471 4351
22578 4597 3568 12026 2051 3716 754
22579 267 6643 2335 1624 5687 6957
22580 859 301 279 4606 7591 293
22581 10646 348 2311 11497 1352
22582 6432 698 1098 5374 1269 2973 1441
22583 2370 988 90 6843 2772 4156 844
22584 2088 2771 775 1606 2189 8990
22585 657 11911 2883 7008 11754 5595 9743 6466 9744 3025 9744 3545 3549 3036 9268 3028 3548 3549 9744 3025 10607 11626 6687 925 9744 3548 9744 3025
22586 6449 1501 10125 9739 1881 10726
