22364 5774 1537 269 271 1079 8887
22365 301 278 8887 8887 8887 8887 8887 8887 8887 8887 8887 8887 8887 8887 8887 8887
22366 8329 8887 8887 8887 8887 8887 8887 8887 8887 8887 8887 8887 8887
22367 9957 8887 8887 8887 8887 8887 8887 8887 8887 8887 8887 8887 8887 8887
22368 3110 11754 8887 8887 8887 8887 8887 8887
22369 812 8887 8887 8887 8887 8887 8887 8887 8887 8887 8887 8887 8887 8887 8887 8887 8887 8887 8887 8887 8887
22370 736 8423 9168 8887 8887 8887 8887 8887 8887 8887 8887
22371 7943 2475 9587 2441 675 8887 8887 8887 8887 8887 8887
22372 6845 11839 6372 4570 10040 3983
22373 8887 912 8887 8887 8887 8887 8887 8887 8887 8887 8887 8887 8887 8887 8887 8887
22374 8887 8887 8887 8887 8887 8887 8887 8887 8887 8887 8887 8887 8887 8887 8887 8887 8887 8887 8887 8887 8887 8887 8887 8887 8887 8887 8887 8887 8887 8887 8887 8887 8887 8887 8887
22375 8887 8887 8887 8887 8887 8887 8887 8887 8887 8887 8887 8887 8887
22376 5868 8887 8887 8887 8887 8887 8887 8887 8887 8887 8887
22377 752 8964 3062 1812 8887 2390 771 4964
22378 3653 7887 8887 8887 8887 8887 8887 8887 8887 8887 8887 8887 8887 8887 8887 8887 8887 8887 8887 8887 8887 8887 8887 8887 8887 8887 8887 8887 8887 8887 8887 8887
22379 4522 5260 92 5304 2432 447 2650
22380 10922 7843 8887 8887 8887 8887 8887 8887 8887 8887 8887 8887 8887 8887
22381 6814 8887 8887 8887 8887 8887 8887 8887 8887 8887 8887 8887 8887 8887 8887 8887 8887 8887 8887 8887 8887 8887 8887 8887 8887 8887 8887 8887 8887 8887 8887 1994
22382 172 6555 8887 8887 8887 8887 8887 8887 8887 8887
22383 1464 2034 8887 8887 8887 8887 8887 8887 8887 8887 8887 8887
22384 8887 8887 8887 8887 8887 8887 8887 8887 8887 8887 8887 8887 8887 8887 8887 8887 8887 8887 8887 8887 8887 8887 8887 8887 8887 8887 8887 8887 8887 8887 8887 8887 8887 8887 8887 8887 8887 8887 8887
22385 82 1186 6336 2090 8887 8887 8887 8887
22386 7040 8887 8887 8887 8887 8887 8887 8887 8887 8887 8887 8887 8887 8887 8887 8887
22387 4625 8887 8887 8887 8887 8887 8887
22388 5594 6081 8887 8887 8887 8887 8887 8887 8887 8887 8887 8887 8887 8887 8887 8887 8887 8887 8887 8887 8887 8887 8887 11107
22389 8186 3272 8887 8887 8887 8887 8887 6281 8887 8887 8887 8887 8887 8887 8887 8887 8887
22390 636 8620 8887 8887 8887 8887 8887
22391 5878 8887 8887 8887 8887 8887 8887 8887 8887 8887 8887 8887 8887 8887 8887 8887 8887 8887 8887 8887 8887 8887 8887 8887 8887 8887 8887 8887
22392 7746 8887 8887 8887 8887 8887 8887 8887 8887 8887 8887 8887 8887 8887 8887 8887 8887 8887 8887 8887 8887 8887 8887 8887 8887 8887 8887 8887 8887 8887
22393 3865 2335 546 1765 1537 6364 8887 8887 8887
22394 5063 2288 8887 8887 8887 8887 8887 8887 8887 8887 8887 8887
22395 8887 8887 8887 8887 8887 8887 8887 8887 8887 8887 8887 8887 8887 8887 8887 8887 8887 8887 8887
22396 5523 3818 2049 7105 2044
22397 4513 4316 6940 5531 4946 8887
22398 5278 8887 8887 8887 8887 8887 8887 8887 8887 8887 8667
22399 4945 8887 8887 8887 8887 8887 8887 8887 8887 8887 8887 8887 8887 8887 8887 8887 8887 8887
22400 2090 8887 8887 8887 8887 8887 8887 8887 8887 8887 8887 8887 8887 8887
22401 8887 8887 8887 8887 8887 8887 8887 8887 8887 8887 8887 8887 8887 8887 8887 8887 8887 8887
22402 8887 8887 8887 8887 8887 8887 8887 8887 8887 8887 8887 8887
22403 10292 8887 8887 8887 8887 8887 8887 8887 8887 8887
22404 1126 636 8833 5537 5923 8887 8887 8887
22405 2289 2052 7408 2052 6878 2980 2563
22406 455 11321 8887 8887 8887 8887 8887 8887 8887 3516
22407 301 302 8887 8887 8887 8887 8887 8887 8887 8887 8887 8887 8887 8887 8887 8887 8887 8887 8887 8887 8887 8887 8887 8887 8887 8887 8887 8887 8887 8887
22408 4919 657 8887 8887 8887 8887 8887 8887 8887 8887 8887 8887 8887 8887 8887 8887 8887 8887 8887 8887 8887 8887 8887 8887 8887
22409 2486 10267 8887 8887 8887 8887 8887 8887 8887 8887 8887 8887 8887
22410 6752 8887 8887 8887 8887 8887 8887 8887 8887 8887 8887 8887 8887 8887 8887 8887 8887 8887 8887 8887 8887 8887 8887
22411 2090 8887 8887 8887 8887 8887 8887 8887 8887 8887 8887 8887 1670
22412 1574 1625 11973 8887 8887 8887 8887 8887 8887 8887 8887 8887 8887 8887 8887 8887
22413 12093 8887 8887 8887 8887 8887 8887 8887 8887 8887 8887 8887
22414 8887 8887 8887 8887 8887 8887 8887 8887 8887 8887 8887 8887 8887 8887 8887 8887 8887 8887 8887 8887
22415 5550 8887 8887 8887 8887 8887 8887 8887 8887 8887 8887
22416 8887 8887 8887 8887 8887 8887 8887 8887 8887 8887 8887 8887 8887 8887 8887 8887 8887
22417 3162 8887 8887 8887 8887 8887 8887 8887 8887 8887 8887 8887 8887 8887 8887 8887 8887 8887 8887 8887 8887 8887 8887 8887 8887 8887 8887 8887 8887 8887 8887 8887 8887
22418 1736 8887 8887 8887 8887 8887 8887 8887 8887 8887 8887 8887
22419 8887 8887 8887 8887 8887 8887 8887 8887 8887 8887 8887 8887 8887 8887
22420 189 1954 8887 8887 8887 8887 8887 8887 8887 8887 8887 8887 8887 8887 8887 8887 8887 8887 8887 8887 8887 8887 8887 8887 8887 8887 8887 8887 8887 8887 8887 8887 8887 8887 8887 8887 8887 8887 8887 8887 8887 8887 8887 8887
22421 3713 3640 888 8887 8887 8887 8887 8887 8887 8887 8887 8887 8887 8887 416
22422 8657 1688 2965 8887 8887 8887 8887 8887 8887 8887 8887 8887 8887
22423 539 8887 8887 8887 8887 8887 8887 8887 8887 8887 8887 8887 8887 8887 8887 8887 8887 8887
22424 2010 8887 8887 8887 8887 8887 8887 8887 8887
22425 8887 8887 8887 8887 8887 8887 8887 8887 8887 8887 8887 8887
22426 8456 11714 8887 8887 8887 8887 8887 8887 8887 8887 8887 8887 8887 8887 8887 8887 8887 8887 8887 8887 8887 8887 8887 8887 8887 8887 8887 8887 8887 8887 8887 8887 8887 8887 8887 8887 8887 8887 8887 8887 8887 8887 8887
22427 5402 8887 8887 8887 8887 8887 3907 8887 8887 8887 8887 8887 8887 8887 8887 8887 8887 8887 8887 8887 8887 8887 8887 8887 8887 8887 8887 8887 8887 8887 8887 8887 8887 8887 8887 8887 8887 8887
22428 1441 8887 8887 8887 8887 8887 8887 8887 8887 8887 8887 8887 8887 8887 8887 8887 8887 8887 8887
22429 4080 10961 6891 8887 8887 8887 8887 8887 8887 8887 8887 8887 8887 8887 8887 8887
22430 8887 8887 8887 8887 8887 8887 8887 8887 8887 8887 8887 8887 8887
22431 4063 8887 8887 8887 8887 8887 8887 8887 8887 8887 8887 8887 8887 8887 8887
22432 2536 8887 8887 8887 8887 8887 8887 8887 8887 8887 8887 8887 8887 8887 8887 8887 8887 8887 8887 8887 8887
22433 8887 8887 8887 8887 8887 8887 8887 8887 8887 8887 8887
22434 8887 8887 8887 8887 8887 8887 8887 8887 8887 8887 8887 8887 8887
22435 2133 6999 9142 8887 2713
22436 3691 72 8158 8403 9419
22437 1725 8887 8887 8887 8887 8887 8887 8887 8887 8887 8887 8887 8887
22438 5566 6555 8887 8887 8887 8887 8887 8887 8887 8887 8887 8887 8887 8887 8887 8887 8887 8887 8887 8887 8887 8887 8887 8887 8887
22439 7760 8887 8887 8887 8887 8887 8887 8887 8887 8887 8887 8887 8887 8887 8887 8887
22440 834 670 671 8887 8887 8887 8887 8887 8887 8887 8887 8887
22441 370 8887 8887 8887 8887 8887
22442 6638 8887 8887 8887 8887 8887 8887 8887 8887
22443 10588 8887 8887 8887 8887 8887 8887 8887 8887
22444 10668 2418 11423 8887 8887 8887 8887 8887 8887 8887 8887 8887 8887 8887 8887 8887 8887 8887 8887 8887 8887 8887 8887 8887 8887 8887 8887 8887 8887 8887 8887 8887 8887 8887 8887 8887 8887 8887 8887 8887 8887 8887 8887 8887 8887 8887 8887 8887 8887 8887
22445 293 8887 8887 8887 8887 8887 8887 8887 8887 8887 8887 8887 8887 8887 8887
22446 6409 8887 8887 8887 8887 8887 8887 8887 8887 8887 8887 8887 8887 8887 8887 8887 8887 8887 8887 8887 8887 8887 8887 8887 8887 8887 8887 8887 8887 8887 8887 8887 8887 8887 8887 8887
22447 2527 1627 4104 6311 148 24
22448 6080 8000 8519 8887 8887 8887 8887
22449 10309 11046 2056 8887 8887 8887 8887 8887 8887 8887 8887
22450 7056 247 8887 8887 8887 8887 8887 8887 8887 8887 8887 8887 8887 8887 8887 8887 8887 8887 8887 8887 8887 8887 8887 8887 8887 8887 8887 8887 8887 8887 8887 8887 8887 8887 8887 8887 8887 8887 8887 8887 8887 8887 8887 8887 8887 8887 8887 8887 8887 8887
22451 715 1035 721 3277 1978 707 927
22452 2834 2835 8887 8887 8887
22453 8887 8887 8887 8887 8887 8887 8887 8887 8887 8887 8887 8887 8887 8887 8887 8887 8887 8887 8887 8887
22454 8887 8887 8887 8887 8887 8887 8887 8887 8887 8887 8887 8887 8887 8887 8887 8887 8887 8887 8887 11414 8887 8887 8887 8887 8887 8887 8887 8887 8887 8887 8887
22455 10072 8887 8887 8887 8887 8887 8887 8887 8887 8887 8887
22456 8887 8887 8887 8887 8887 8887 8887 8887
22457 1098 9631 3688 8887 8887 1881 8887 8887 8887 8887 8887 8887 8887 8887 8887 8887 8887 8887 8887 8887 8887 8887 8887 8887 8887 8887 8887 8887 8887 8887 8887 8887 8887 8887 8887 8887 8887 8887 8887 8887 8887 8887 8887 8887 8887 8887 8887 8887 8887 8887
22458 9106 8887 8887 8887 8887 8887 8887 8887
22459 1347 481 10170 5826 8078 8887
22460 7353 299 8887 8887 8887 8887 8887 8887 8887
22461 8482 8887 8887 8887 8887 8887 8887 8887 8887 8887 8887 8887 8887 8887 8887
22462 11834 8887 8887 8887 8887 8887 8887 8887 8887 8887 8887 8887 8887 8887 8887 8887 8887 8887 8887 8887 8887 8887 8887 8887 8887 8887 8887 8887 8887 8887 8887 8887 8887 8887 8887 8887 8887 8887 8887 8887 8887 8887 8887
22463 6002 8887 8887 8887 8887 8887 8887 8887 8887 8887 8887 8887 8887 8887
22464 8887 8887 8887 8887 8887 8887 8887 8887 8887 8887
22465 8159 2953 931 8887 8887 8887 8887 8887 8887 8887 8887 8887 8887 8887 8887 8887 8887 8887 8887 8887 8887 8887 8887 8887 8887 5268
22466 4701 9690 8887 8887 8887 8887 2693
22467 278 8887 5843 8887 8887 8887 8887 8887 8887 8887 8887 8887 8887 8887 8887 8887 8887 8887 8887 8887 8887 8887 8887 8887 8887 8887 8887 8887 8887 8887 8887 8887 8887 8887 8887 8887 8887 8887 8887
22468 8887 8887 8887 8887 8887 8887 8887 8887 8887 8887 8887 8887 8887 8887 8887 8887 8887 8887 8887 8887 8887 8887 8887 8887 8887 8887 8887 8887 8887 8887 8887 8887 8887 8887
22469 1823 9098 536 8887 8887 8887 8887 8887 8887 8887 8887 8887 8887 8887 8887 8887 8887 8887 8887 8887 8887
22470 2774 8887 8887 8887 8887 8887 8887 8887 8887 8887 8887 8887 8887 8887 8887 8887 8887 8887 8887 8887 8887 8887 8887 8887
22471 11737 9132 8887 8887 8887 8887 8887 8887 8887 8887 8887 8887 8887 8887 8887 8887 8887 8887 8887 8887 8887 8887 8887 8887 8887 8887 8887 8887 8887 8887 8887 8887 8887 8887 8887 8887 8887 8887 8887 8887 8887 1265
22472 1284 8887 8887 8887 8887 8887 8887 8887 8887 5765
22473 11438 435 2332 9587 6892 6731 4498
22474 6116 1465 6968 3657 5461
22475 6894 11948 3826 8887 8887 8887 8887 8887 1414 3648
22476 8887 8887 8887 8887 8887 8887 8887 8887 8887 8887 8887 8887 8887 8887 8887 8887 8887 8887
22477 8226 12064 8887 8887 8887 8887 8887 8887 8887
22478 40 8887 8887 8887 8887 8887 8887 8887 8887 8887 8887 8887 8887 8887 8887 8887 8887 8887 8887 8887 8887 8887 8887 8887 8887 8887 8887 8887
22479 1153 2053 2655 8887 8887 8887 8887 8887 8887 8887 8887 8887 8887 8887 8887 8887
22480 8887 8887 8887 8887 8887 8887 8887 8887 8887 8887 8887 8887 302 8887
22481 2486 6942 8887 8887 8887 8887 8887 8887 8887 8887 8887 8887 8887 8887
22482 8887 8887 8887 8887 8887 8887 8887 8887 8887 8887
22483 8887 8887 8887 8887 8887 8887 8887 8887 8887 8887 8887 8887 8887 8887 8887 8887 8887 8887 8887 8887 8887 8887 8887 8887 8887 8887 8887 8887
22484 7040 3219 11727 9695 717 8887
22485 2774 8887 8887 8887 8887 8887 8887 8887 8887 8887 8887 8887 8887 8887 8887 8887 8887 8887 8887 8887 8887 8887 8887 8887 8887 8887 8887 8887 8887 8887 8887 8887 8887 8887
22486 224 9546 1350 3087 2748
22487 8887 8887 8887 8887 8887 8887 8887 8887 8887 8887 8887 8887 8887 8887 8887 8887 8887 8887
22488 7670 1734 1173 2248 8887 8887
22489 3095 11055 8887 8887 8887 8887 8887 8887 8887 8887 8887 8887 8887 8887 8887
22490 8887 8887 8887 8887 8887 8887 8887 8887 8887 8887 8887 8887 8887 8887 8887 8887 8887 8887 8887 8887 8887 8887 8887 8887 8887 8887 8887
22491 6261 1049 8887 8887 8887 8887 8887 8887 8887 8887 8887 8887 8887 8887
22492 8887 8887 8887 8887 8887 8887 8887 8887 8887 8887 8887 8887 8887 8887 8887 8887 8887 8887 8887 8887 8887 8887 8887 8887 8887 8887 8887 8887 8887 8887 8887 8887 8887 8887 8887 8887 8887 8887 8887 8887 8887 8887 8887
22493 8887 8887 8887 8887 8887 8887 8887 8887 8887 7746 8887
22494 4501 2781 6511 8887 8887 8887 8887 8887 8887 8887 8887 8887 8887 8887 8887 8887 8887 8887 8887
22495 4529 8887 8887 8887 8887 8887
22496 8887 8887 8887 8887 8887 8887 8887 8887 8887 8887 8887 8887 8887 8887 8887 8887 8887 8887 8887 8887 8887 8887 8887 8887 8887 8887
22497 8887 8887 8887 8887 8887 8887 8887 8887 8887 8887 8887 8887 8887 8887 8887 8887 8887 8887 8887 8887 8887 8887 8887 8887 8887 8887 8887 8887 8887 8887 8887 8887 8887 8887
22498 725 8828 8887 8887 8887 8887 8887 8887 8887 8887 8887 8887 8887 8887 8887 8887 8887 8887 8887 8887 8887 8887
22499 11597 4778 3364 8887 8887 8887 8887
22500 7210 2583 1994 6140 510 8887
22501 7587 8887 8887 8887 8887 8887 8887 8887 8887 8887 8887 8887
22502 1360 8887 8887 8887 8887 8887 8887 8887 8887 8887 8887 8887 8887 8887 8887 8887 8887 8887 8887 12010
22503 5667 8887 8887 8887 8887 8887 8887 8887 8887 8887 8887 8887 8887 8887 8887 8887 8887 8887 8887 8887
22504 5126 8887 8887 8887 8887 8887 8887 8887 8887 8887 8887 8887 8887 8887 8887
22505 1880 99 8887 8887 8887 8887 8887 8887 8887 8887 8887 8887
22506 9119 636 985 3409 8887 8887
22507 8887 8887 8887 8887 8887 8887 8887 8887 8887 8887 8887 8887 8887
22508 8887 8887 8887 8887 8887 8887 8887 8887 8887 8887 8887 8887
22509 8059 5470 7660 8887 8887 8887 8887 8887 8887 8887 8887 8887 8887 8887 8887 8887 8887 8887 8887 8887 8887 8887 8887 8887 8887 8887 8887 8887
22510 12093 8887 8887 8887 8887 46
22511 9123 8887 8887 8887 8887 8887 8887 8887 8887 8887 8887 8887 8887 8887
22512 8887 8887 8887 8887 8887 8887 8887 8887 8887 8887 8887 8887 8887 8887 8887 8887 8887
22513 10343 8887 8887 8887 8887 8887 8887 8887 8887 8887 8887 8887 8887 8887 8887 8887 8887 8887 8887 8887 8887 8887 8887 8887 8887 8887 8887 8887 8887 8887 8887 8887 8887 8887 8887 8887 8887 8887 8887 8887 8887 8887 8887 8887 8887 8887 8887 8887 8887 8887
22514 11707 24 296 8887 8887 8887 8887 8887 8887 8887 8887 8887 8887 8887
22515 531 4606 8887 8887 8887 8887 8887 240
22516 2894 5872 8065 10297 11786 3548 3549 9744 3550
22517 613 8887 8887 8887 8887 8887 8887 8887 8887 8887 8887 8887 8887 8887 8887 8887 8887 8887 8887 8887 8887 8887 8887 1311 8887 10013 8887 8887
22518 8887 8887 8887 8887 8887 8887 8887 8887 8887 8887 8887 8887 8887 8887 8887 8887 8887 8887
22519 5108 8887 8887 8887 8887 8887 8887 8887 8887 8887 8887 8887 8887 58
22520 329 2372 6193 1788 3473
22521 8887 8887 8887 8887 8887 8887 8887 8887 8887 8887 8887 8887 8887 8887 8887 8887 8887 8887 8887 8887 8887 8887 8887
22522 1490 10010 8887 8887 8887 8887 8887 8887 8887 8887 8887
22523 8887 8887 8887 8887 8887 8887 8887 8887 8887 8887 8887 8887 8887 8887 8887 8887 8887 8887 8887 8887 8887 8887 8887 8887 8887 8887 8887 8887 8887 8887 8887 8887 8887
22524 8157 174 6094 8887 8887 8887 8887 8887 8887 8887 8887 8887 8887 8887 8887 8887 8887 8887 8887 8887 8887
22525 500 891 11872 6060 1961 4885
22526 1129 11140 7928 998 1712
22527 3747 4606 8887 8887 8887 8887 8887 8887 8887 8887 8887 8887 8887 8887 8887 8887
22528 9470 3688 8887 8887 8887 8887 8887 8887 8887 8887 8887 8887 8887 8887 8887 8887 8887 8887 455 8887 8887 8887 8887 8887 8887 8887 8887 8887 8887 8887 8887 8887 8887 8887 8887 8887 8887 8887 8887 8887 8887 8887 8887 5378 8887
22529 1268 279 2131 10145 13 11348 302 8887 8887
22530 1765 8887 8887 8887 8887 8887 8887 8887 8887 8887 8887 8887 8887 8887 8887 8887 8887 8887 8887 8887 8887 8887
22531 5205 8887 8887 8887 8887 8887 8887 8887 8887
22532 636 7105 5309 8887 8887 8887 8887 8887 8887 8887
22533 8887 8887 8887 8887 8887 8887 8887 8887 8887
22534 283 6903 8887 8887 8887 8887 8887 8887 8887 8887 8887 8887 8887 8887 8887 8887 8887 8887 8887
22535 3623 301 8887 8887 8887 8887 8887 8887
22536 8887 8887 8887 8887 8887 8887 8887 8887 8887 8887 8887 8887 8887 8887
22537 8887 8887 8887 8887 8887 8887 8887 8887 8887 8887 8887 8887 8887
22538 8292 2492 8887 8887 8887 8887 8887 8887 8887 8887 8887 8887 8887 8887 8887 8887
22539 8887 8887 8887 8887 8887 8887 8887 8887 8887 8887 8887 8887 8887 8887 8887 8887
22540 11034 8887 8887 8887 8887 8887 8887 8887 8887 8887 8887 8887 8887 8887 8887 8887 8887 8887 8887 8887 8887 8887 8887 8887 8887 8887 8887 8887 8887 8887 8887 8887 8887
22541 5963 422 6538 9793 3817 6621 3937 3625
22542 3638 8887 8887 759 796
22543 879 5570 702 3645 2891
22544 8363 278 8887 8887 8887 8887 8887 8887 8887 8887 8887 8887 8887 8887 8887 8887 8887 8887
22545 6330 6788 6503 1497 1520
22546 2204 8887 8887 8887 8887 8887 8887 8887 651
22547 11955 8887 8887 8887 8887 8887 8887 8887 8887 8887 8887 8887 8887 8887 8887
22548 8887 8887 8887 8887 8887 8887 8887 8887 8887 8887 8887 8887 8887 8887 8887 8887 8887 8887 8887 8887 8887 8887 8887 8887
22549 6114 2242 8887 8887 8887 8887 8887 8887 8887 8887 8887 8887 8887 8887
22550 7442 1292 1617 1784 759 926 3072
22551 9932 9933 8887 8887 8887 8887 8887 8887 8887 8887 8887 8887 8887
22552 9503 3093 3082 8693 6905 8887
22553 8887 8887 8887 8887 8887 8887 8887 8887 8887 8887 8887 8887 8887 8887 8887 8887
22554 2845 7750 8887 8887 8887 8887 8887 8887 8887 8887 8887 8887 8887 8887 8887 8887 8887 8887 8887 8887 8887 8887 8887 8887 8887 8887 8887
22555 8887 8887 8887 8887 8887 8887 8887 8887 8887 8887 8887 8887 8887 8887
22556 4109 8887 8887 8887 8887 8887 8887 8887 8887 8887 8887 8887 8887 8887 8887 8887 8887 8887 8887 8887 8887 8887 8887 8887 8887 8887 8887 8887 8887 8887
22557 9898 2127 8887 8887 8887 8887 8887 8887 8887 8887 8887 8887
22558 8887 8887 8887 8887 8887 8887 8887 8887 8887 8887 8887 8887 8887 8887 8887 8887 8887 8887 8887 8887 8887 8887 8887
22559 4674 5589 846 625 8186 2860
22560 8887 8887 8887 8887 8887 8887 8887 8887 8887 8887 8887 8887 8887 8887 8887 8887 8887 8887 8887 8887 8887 8887 8887 8887
22561 8887 8887 8887 8887 8887 8887 8887 8887 8887 8887 8887 8887 8887 8887 8887 8887 8887 8887 8887
22562 10620 7742 10409 2223 4205 5748
22563 1765 6622 8887 8887 8887 8887 8887 8887 8887 8887 8887 8887 8887 8887 8887 8887 8887 8887 8887 8887 8887 8887 8887 8887 8887 8887 8887 8887 8887 8887 8887 8887 8887
22564 3713 10881 1111 95 1098 8887 8887 8887 8887 8887 8887 8887 8887 8887 8887 8887 8887 8887 8887 8887 8887 8887 8887 8887 8887 8887 8887 8887 8887 8887 8887 8887 8887 8887 8887 8887 8887 8887 8887 8887 8887 8887 8887 8887 8887 8887 8887 8887 8887 8887
22565 4201 301 8887 8887 8887 8887 8887 8887 8887 8887 8887 8887 8887
22566 2251 6465 8997 3038 9744 10607
22567 8887 8887 8887 8887 8887 8887 8887 8887 8887 8887 8887 8887 8887 8887 8887 8887 8887 8887 8887 8887 8887
22568 8887 8887 8887 8887 8887 8887 8887 8887 8887 8887 8887 8887 8887 8887 8887 8887 8887 8887 8887 8887 8887 8887 8887 8887 8887
22569 8887 8887 8887 8887 8887 8887 8887 8887 8887 9690 8887
22570 103 8887 8887 8887 8887 8887 8887 8887 8887 8887 8887 8887
22571 4046 8887 8887 8887 8887 8887 8887 8887 8887 8887 8887 8887 8887 8887 8887 8887 8887 8887
22572 1757 9702 2052 2131 8887 8887 8887 7009
22573 8887 8887 8887 8887 8887 8887 8887 8887 8887 8887 8887 8887 8887 8887 8887
22574 3832 8887 8887 8887 8887 8887 8887 8887 8887 8887 8887 8887 8887 8887 8887 8887 8887
22575 7730 2942 1590 2099
22576 5058 2844 2875 8887 8887 8887 8887 8887 8887 8887 8887 8887 8887 8887 8887 8887 8887 8887 8887 8887 8887 8887 8887 8887 8887 8887 8887 8887 8887 8887 8887 8887 8887 8887 8887 8887 8887 8887 8887 8887 8887 8887 8887 8887 8887 8887 8887
22577 2342 8887 8887 8887 8887 8887 8887 8887 8887 8887 8887 8887 8887
22578 2686 8887 8887 8887 8887 8887 8887 8887 8887 8887 8887 8887 8887 8887 8887 8887 296
22579 8162 5547 7095 136 9033 4637 7210 1693
22580 4274 8887 8887 8887 8887 8887 8887 8887 8887 8887 8887 8887 8887 8887 8887 8887 8887 8887 8887 8887
22581 8887 8887 8887 8887 8887 8887 8887 8887 8887 8887 8887 8887 8887 8887 8887 8887 8887 8887 8887
22582 8485 10013 8887 8887 8887 8887 8887 8887 8887 8887 8887 8887 8887 8887 2049
22583 10713 10517 8887 8887 8887 8887 8887 8887 8887 8887 8887
22584 35 7060 302 8887 8887 8887
22585 2070 3021 8887 8887 8887 8887 8887
22586 8880 1776 5561 8887 8887 8887 8887 8887 8887 8887 8887 8887 8887 8887 8887 8887 8887 8887 8887 8887 8887 8887
22587 556 8887 8887 8887 8887 8887 8887 8887 8887 8887 8887 8887 8887 8887 8887 8887 8887 8887 8887 8887 8887
22588 1554 11634 2719 2276 1371
22589 3200 2582 572 8887 8887 8887 8887 8887 8887
22590 444 10849 8887 8887 8887 8887 8887 8887 8887 8887 8887 8887 8887 8887 8887 8887
22591 6675 8887 8887 8887 8887 8887 8887 8887 8887 8887 8887 8887 8887 8887 8887
22592 7939 3656 8887 8887 8887 8887 8887 8887 8887 8887
22593 2298 7542 862 7190 26
22594 40 5598 8887 8887 8887 8887 8887 8887 8887 8887 8887 8887 8887 8887 8887 8887 8887
22595 92 1281 8887 8887 8887 8887 8887 8887 8887 8887 8887
22596 2010 8887 8887 8887 8887 8887 8887 8887 8887 8887 8887 8887 8887 8887 8887 8887 8887 8887 8887
22597 2010 8887 8887 8887 8887 8887 8887 8887 8887 8887 8887 8887 8887 8887 8887 8887 8887 8887 8887 8887 8887
22598 8887 8887 8887 8887 8887 8887 8887 8887 8887 8887 8887 8887 8887 8887
22599 7484 35 878 8887 8887 8887 8887 8887 8887 8887
22600 85 8887 8887 8887 8887 8887 8887 8887 8887 8887 8887 8887 8887 8887 8887 8887 8887
22601 1399 10705 539 9 8887 8887 898
22602 8887 8887 8887 8887 8887 8887 8887 8887 8887 8887 8887 8887 8887 8887 8887 8887 8887 8887 8887 8887 8887 8887 8887 8887 8887 8887 8887 8887 8887 8887 8887 8887 8887 8887 8887 8887 8887 8887 8887
22603 8887 8887 8887 8887 8887 8887 8887 8887 8887 8887 8887 8887 8887 8887 8887 8887 8887 8887 8887 8887 8887 8887 8887 8887 8887 8887 8887 8887
22604 4416 8887 8887 8887 8887 8887 8887 8887 8887 8887
22605 1536 8887 8887 8887 8887 8887 8887 8887 8887 8887 8887 8887 8887 8887 8887 8887 8887 8887 8887 8887 8887 8887 8887 8887 8887 8887 8887 8887 8887 8887 8887 8887 8887 8887 8887 8887 8887 8887 8887 8887 8887 8887 8887 8887 8887 8887 8887 8887 8887 8887
22606 2706 239 772 8887 8887 8887 8887 8887
22607 10602 8887 8887 8887 8887 8887 8887 8887 8887 8887 8887
22608 2645 1465 4936 2342
22609 2585 8887 8887 8887 8887 8887 8887 8887 8887 8887 8887 8887 8887 8887
22610 297 8887 8887 8887 8887 8887 8887 8887 8887 8887 8887 8887 8887 8887 8887 8887 8887 8887 8887 8887 8887 8887 8887 8887 8887
22611 819 8887 8887 8887 8887 8887 8887 8887 8887 8887 8887 8887 8887 8887 8887 8887 8887 8887 8887 8887 8887 8887 8887 8887 8887 8887 8887 8887
22612 5003 8887 8887 8887 8887 8887 8887 8887 8887 8887 8887 8887
22613 7461 8887 8887 8887 8887 8887 8887 8887 8887 8887 8887
22614 3823 8887 8887 8887 8887 8887 8887 8887 796 8887 8887 8887 8887 8887 8887
22615 8887 8887 8887 8887 8887 8887 8887 8887 8887 8887 8887 8887 8887 8887 8887 8887 8887 8887 8887 8887 8887 8887 8887 8887 8887 8887 8887 1881 8887 8887 8887 8887 8887 8887 8887 8887 8887 8887
22616 2517 575 4024 8887 8887 8887 8887 8887 8887 8887 8887 8887 8887 8887 8887 8887 8887
22617 2242 8887 8887 8887 8887 8887 8887 8887 8887 8887 8887 8887 8887 8887 8887 8887 8887 8887 8887 8887 8887 8887 8887 8887 8887 8887 8887 8887 8887 8887 8887 8887
22618 8887 8887 8887 8887 8887 8887 8887 8887 8887 8887 8887 8887 3818
22619 7060 302 8887 8887 8887 8887 8887 8887 8887 8887 8887 8887 8887 8887 8887 8887 8887 8887 8887 8887 8887 8887 8887 8887 8887 8887 8887 8887 8887 8887 8887
22620 8887 8887 8887 8887 8887 8887 8887 8887 8887 8887 8887 8887 8887 8887 8887 8887 8887 8887 8887
22621 6732 1126 24 6372 8887 8887 8887 8887 8887 8887 8887
22622 3466 8887 8887 8887 8887 8887 8887 8887 8887 8887 8887 8887 8887 8887 8887 8887 8887
22623 2834 11712 8887 8887 8887 8887 8887 8887 8887 8887 8887 8887 8887 8887
22624 4665 1121 8039 8887 8887 8887 8887 8887 8887 8887 8887 8887 8887 8887 8887 8887 8887 8887 8887
22625 8887 8887 8887 8887 8887 8887 8887 8887 8887 11700 5402 8887 8887 8887 8887 8887 8887
22626 6655 8887 8887 8887 8887 8887 8887 8887 8887 8887 8887 8887 8887 8887 8887 8887 8887 8887 8887 8887 8887 8887 8887 8887 8887 8887 8887 8887 8887
22627 5817 7443 544 2449 1349 8887 8887 8887 8887 8887 8887 8887 8887 5550
22628 4980 8887 8887 8887 8887 8887 8887 8887 8887 8887 8887 8887 8887 8887 8887 8887 8887 8887 8887 8887 8887 8887 8887 8887 8887
22629 10700 692 5773 931 10268 8887 8887 8887 8887 8887 8887 8887 5311 8887 8887 8887 8887 8887 8887 8887 8887
22630 3720 2167 11275 8887 8887 8887 8887 8887 8887 8887 8887 8887 8887 8887 8887 8887 8887 8887 8887 8887 8887 8887 8887 8887 8887 8887 8887 8887 8887
22631 302 613 8887 8887 8887 8887 8887 8887 8887 8887 8887 8887 8887 8887 8887 8887 8887 8887 8887 8887 8887 8887 8887 1836 8887 8887 8887
22632 3413 3619 3136 6887 6548
22633 8522 698 8887 8887 8887 8887 8887 8887 8887 8887 8887 8887 8887 8887 8887 8887 8887 8887 8887 8887 8887 8887 8887 8887 8887 8887 8887 8887 8887 8887 8887 8887 8887 8887 8887 8887 8887
22634 8887 8887 8887 8887 8887 8887 8887 8887 8887 8887 8887 8887 8887 8887 8887 8887 8887
22635 687 8887 8887 8887 8887 8887 8887 8887 8887 8887
22636 4797 8887 8887 8887 8887 8887 8887 8887 8887 8887 8887 8887 8887 8887 8887 8887 8887
22637 892 8887 8887 8887 8887 8887 8887 8887 8887 8887 8887 8887 8887 8887
22638 699 3275 1061 2890 4743
22639 2722 8887 8887 8887 8887 8887 8887 8887 8887 8887 8887 8887 8887 8887 8887 8887 8887 8887 8887 8887 8887 8887 8887 8887 8887
22640 7261 8887 8887 8887 8887 8887 8887 8887 8887 8887 8887 8887 8887 8887 8887 8887 8887 8887 8887 8887 8887 8887
22641 856 2651 6270 1707 293 8887 8887 8887 8887 8887 8887 8887 8887
22642 283 9484 5413 9373 1512 170
22643 318 3906 8887 8887 8887 8887 8887 8887 8887 8887 8887 8887
22644 9883 775 8887 8887 8887 8887 8887 8887 8887 8887 8887 8887 8887 8887 8887 8887 8887 8887 8887 8887 8887 8887 8887 8887 8887
22645 4588 11111 4080 11425 294
22646 8309 6522 5891 8887 8887 8887 8887 8887 8887 8887
22647 11294 8887 8887 8887 8887 8887 8887 8887 8887 8887 8887 8887 8887 8887 8887 8887 8887
22648 1937 8887 8887 8887 8887 8887 8887 8887 8887 8887 8887
22649 2728 8887 8887 8887 8887 8887 8887 8887 8887 8887 8887 8887 8887 8887 8887 8887 8887 8887 8887 8887 8887 8887 8887 8887 8887 8887 8887
22650 6558 11965 8887 8887 8887 8887 8887 8887 8887 8887 8887 8887 8887 8887 8887 8887
22651 4629 8887 8887 8887 8887 1706
22652 4095 9123 8887 8887 8887 8887 8887 8887 8887 8887 8887 8887 8887
22653 8887 8887 8887 8887 8887 8887 8887 8887 8887 8887 8887 8887 8887 8887 8887 8887 8887 8887 8887 8887 8887 8887
22654 8887 8887 8887 8887 8887 8887 8887 8887 8887 8887 8887 8887 8887 8887 8887 8887 8887 8887 8887 8887
22655 4400 8887 8887 8887 8887 8887 8887
22656 9756 5245 8887 8887 8887 8887 8887 8887 8887 8887 8887 8887 8887 8887 8887 8887 8887 8887 8887 8887 8887 8887 8887 8887 8887 8887 8887 8887 8887 8887 8887 296
22657 811 5260 10219 5408 3800 8050
22658 690 10344 8887 8887 8887 8887 8887 8887 8887 8887 8887 8887 8887 8887 8887 8887 8887 8887 8887 8887 8887 8887 8887 8887 8887 8887 8887 8887 8887 8887
22659 8157 699 8887 8887 8887 8887 8887 8887 8887 8887 8887 8887 8887 8887 8887 8887 8887 8887 8887 8887 8887 8887 8887 8887 8887 8887 8887 8887 8887 8887 8887 8887 8887 8887 8887 8887 8887 8887 8887 8887 8887 8887 8887 8887 8887 8887 8887 8887 8887 8887
22660 10437 8887 8887 8887 8887 8887 8887 8887 8887
22661 8887 8887 8887 8887 8887 8887 8887 8887 8887 8887 8887 8887 8887 8887 8887 8887 8887 8887 8887 8887 8887 8887 8887 8887 8887 8887 8887 8887
22662 895 695 696 8887 8887 8887 8887 8887 8887 8887 8887 8887 8887 8887 8887 8887 8887 8887 8887 8887 8887 8887 8887 8887 8887 8887 8887 8887 8887 8887 8887
22663 730 8887 8887 8887 8887 8887 8887 8887 8887 8887 8887
22664 2934 5278 8887 8887 8887 8887 8887 8887 8887 8887 8887
22665 3011 8887 8887 8887 8887 8887 8887 8887 8887 8887 8887 8887 8887 8887 8887 8887 8887 8887 8887
22666 2773 8887 8887 8887 8887 8887 8887 8887 8887 8887 8887 8887 8887 8887 8887
22667 521 8887 8887 8887 8887 8887 8887 8887 8887 8887 8887 8887
22668 8887 8887 8887 8887 8887 8887 8887 8887 8887 8887 8887 8887 8887 8887 8887 8887 8887 8887 8887 8887 8887 8887 8887
22669 1602 8887 8887 8887 8887 8887 8887 8887 8887 8887 8887 8887 8887 8887 8887 8887 8887 8887 8887 8887 8887 8887 8887
22670 4126 287 8887 8887 8887 8887 8887 8887 8887 8887 8887 8887 8887 8887 8887
22671 8887 8887 8887 8887 8887 8887 8887 8887 8887 8887 8887 8887 8887 8887 8887 8887 8887 8887 8887 8887 8887 8887
22672 11275 8887 8887 8887 8887 8887 8887 8887 8887 8887 8887 8887 8887 8887 8887 8887 8887 8887 8887 8887 8887 8887 8887 8887 8887 8887 8887 8887
22673 455 2341 5409 8887 8887 8887
22674 1930 8887 8887 8887 8887 8887 8887 8887 8887 8887
22675 7044 5200 1856 105 283 910 10657
22676 10210 4505 7387 1092
22677 3025 8887 8887 8887 8887 8887 8887 8887 8887 8887 8887
22678 5843 11636 8887 8887 8887 8887 8887 8887 8887 8887 8887 8887 8887
22679 841 8887 8887 8887 8887 8887 8887 8887 8887 8887 8887 8887 8887 8887 8887 8887 8887 8887 8887 8887 8887 8887 8887 8887 8887
22680 8887 8887 8887 8887 8887 8887 8887 8887 8887 8887
22681 10543 10853 8887 8887 8887 8887 8887 8887 8887 8887 8887
22682 11720 6448 11700 3024 5765 1585
22683 10064 1350 8887 8887 8887 8887 8887 8887 8887 8887 8887 8887
22684 1484 8887 8887 8887 8887 8887 8887 8887 8887 8887 8887 8887 8887 8887 8887 8887 8887 8887
22685 4821 10750 9855 2309
22686 5013 1340 3876 8887 8887 8887 8887 8887
22687 586 484 2210 2646 2530 865
22688 9040 2778 2894 1091 6211 8420 2112
22689 2719 1354 6426 8887 8887 8887 8887 8887 8887 8887 8887
22690 2844 1631 8887 8887 8887 8887 8887 8887 8887 8887 8887 8887 8887 8887 8887 8887 8887 8887 8887 8887 8887 8887 8887 8887 8887 8887 8887 8887 8887 8887 8887 8887 8887 8887 8887 8887 8887 8887 8887 8887 8887 8887 8887 8887
22691 366 8887 8887 8887 8887 8887 8887 8887 8887 8887 8887 8887 8887 8887 8887 8887 8887 8887 8887 8887 8887 8887 8887 8887 8887 8887 8887 8887 8887 8887 8887 8887 8887 8887 8887
22692 1326 8887 8887 8887 8887 8887 8887
22693 8887 8887 8887 8887 8887 8887 8887 8887 8887
22694 9938 2315 301 5839 8887 8887 8887 8887
22695 8887 8887 8887 8887 8887 8887 8887 8887 8887 8887 8887 8887 8887 8887 8887
22696 8887 8887 8887 8887 8887 8887 8887 8887 8887 8887 8887 8887 8887 8887 8887 8887 8887 8887 8887 8887 8887
22697 3430 7408 95 8887 8887 8887 8887 8887 8887 8887 8887 8887 8887
22698 11543 8887 8887 8887 8887 8887 8887 8887 8887 8887 8887 8887 8887
22699 9169 4579 8887 8887 8887 8887 8887 8887 8887 8887 8887 8887 8887 8887 8887 8887 8887 8887 8887 8887 8887 8887 8887 8887 8887 8887 8887 8887 8887 8887 8887 8887 8887 8887 8887 8887 8887 8887 8887 8887 8887 8887 8887 8887 8887 8887 8887 8887 8887 8887
22700 2961 176 1693 329 862 8398
22701 3242 1473 8828 8887 8887 8887 8887 8887 8887 8887 8887 8887 8887
22702 301 8887 8887 8887 8887 8887 8887 8887 8887 8887 8887 8887 8887 8887 8887 8887 8887 8887
22703 444 3224 8525 10961 4915 1996
22704 3328 3659 8887 8887 8887 8887 8887 8887 8887 8887 8887 8887 8887 8887 8887 8887
22705 460 4465 1725 8887 8887 8887 8887 8887 8887 8887 8887 8887 8887 8887 8887 8887 8887 8887 8887 8887 8887
22706 2125 10316 9168 8887 8887 8887 8887 9
22707 5531 8370 635 8887 8887 8887 8887 8887 8887 8887 8887 8887 8887 8887 8887 8887 8887 8887 8887 8887 8887 8887 8887 8887 8887 8887 8887 8887 8887 8887 8887 8887 8887 8887 8887 8887
22708 2526 5305 8887 8887 8887 8887 8887 8887 8887
22709 8887 8887 8887 8887 8887 8887 8887 8887 8887 8887 8887 8887 8887
22710 1644 2919 8887 8887 8887 8887 8887 8887 8887 8887 8887 8887 8887 8887 8887 8887 8887
22711 774 6398 981 8887 8887 8887 8887 8887 8887 8887 8887 8887 8887 8887 8887 8887 8887 8887 8887 8887 8887 8887 8887 8887 8887 8887 8887 8887 8887 8887 8887 8887 8887 8887
22712 261 255 17 59 7425 2690 6464
22713 39 8887 8887 8887 8887 8887 8887 8887
22714 279 8887 8887 8887 8887 8887 8887 8887 8887 8887 8887 8887 8887 8887 8887
22715 3106 9782 775 10979 796 9177 3514
22716 5063 1310 8887 8887 8887 8887 8887 8887 301
22717 2550 1116 1078 8887 8887 8887 8887 8887 8887 8887 8887 8887 8887 8887 8887 8887
22718 862 301 8887 8887 8887 8887 8887 8887 8887 8887 8887 8887 8887 8887 8887 8887 8887 8887 8887 8887 8887 8887 8887 8887 8887 8887 8887 8887 8887 8887 8887 8887 8887 8887 8887 8887 8887 8887 8887
22719 2774 1693 8887 8887 8887 8887 8887 8887 8887 8887 8887 8887 8887 8887 8887 8887 8887 8887 8887 8887 8887 8887 8887 8887 8887 8887 8887 8887 8887 8887 8887 8887 8887 8887 8887 8887 8887 8887 8887 8887 8887 8887 8887 8887 8887 8887
22720 1121 1112 2313 15 6509 3433
22721 6926 8887 8887 8887 8887 8887 8887 8887 8887 8887 8887 8887 8887 8887 8887 8887
22722 6463 8887 8887 8887 8887 8887 8887 8887 8887 8887 8887 8887 8887 8887 8887 8887 8887 8887 8887 8887 8887 8887 8887 8887 8887 8887 8887 8887 8887 8887 8887
22723 5374 8887 8887 8887 8887 8887 8887 8887 8887 8887 8887 8887 8887 8887
22724 1201 810 8887 8887 8887 8887 8887 8887 8887 8887 8887 8887 8887 8887 8887 8887 8887 8887 8887 8887 8887 8887 8887 8887 8887 8887 8887 8887 8887 8887 8887 8887 8887 8887 8887 8887 8887
22725 2198 10362 6377 2041 5202 10698
22726 5895 675 8887 8887 8887 8887 8887 8887 8887 8887 8887 8887 8887 8887 8887 8887 8887 8887 8887 8887 8887
22727 4928 843 8887 8887 8887 8887 8887 8887 8887
22728 270 1917 8887 8887 8887 8887 8887 8887 8887 8887 8887 8887 8887 8887 8887 8887 8887 8887 8887 8887 8887 8887 8887 8887 8887 8887 8887 8887 8887 8887 8887 8887 8887 8887 8887 8887 8887 8887 8887
22729 8530 1092 7802 8887 8887 8887 8887 8887 1397
22730 165 4856 3832 8887 8887 8887 8887 8887 8887 8887 8887 8887 8887 8887 8887 8887 8887 8887 8887 8887 8887 8887 8887 8887 8887 8887 8887 8887 8887 8887 8887 8887 8887 8887 8887 8887 8887 8887 8887 8887 8887
22731 1604 8887 8887 8887 8887 8887 8887 8887 8887 8887 8887 8887 8887 8887 8887 8887 8887 8887 8887 8887 8887 8887 8887
22732 1499 10855 4529 4529 8901 9485 12054 11790 3633
22733 693 6280 3867 5374 11247 8887 8887 8887 8887 8887 8887 8887 8887 8887 11700 8887 1849
22734 12093 8887 8887 8887 8887 8887 8887 8887 8887 8887 8887 8887 8887 8887 8887 8887 8887 8887 8887 2049
22735 4757 6349 548 5265 8887 8887 8887 8887 8887 8887 8887 8887 8887 956
22736 8887 8887 8887 8887 8887 8887 8887 8887 8887 8887 8887 8887 8887 8887 8887 8887 8887 8887 8887 8887 8887 1882 1508 8887 8887 8887 8887 8887 8887 8887 8887 8887 8887 8887 8887 8887 8887 8887 8887 8887 8887 8887 8887 8887 8887 8887 8887
22737 8454 1172 8887 8887 8887 8887 8887 8887 8887 8887 8887 8887 8887 8887 8887 8887 8887 8887 8887
22738 1187 2152 3207 95 8887 8887 8887 8887 8887 8887 8887 8887 8887 8887 8887 8887 8887 8887 8887 8887 8887 8887 8887 8887 8887 8887 8887 8887 8887 8887 8887 8887 8887 8887 8887 8887 8887 8887 8887
22739 4102 1596 5290 653 4330 8141 3633 8549 721 2360 6528 2091 10498 257 2316 7132
22740 2451 2080 1098 8887 8887 8887 8887 8887 8887 8887 8887 8887 8887 8887 8887 8887 8887 8887 8887 8887 8887 8887 8887 8887 8887 8887 8887 8887 8887 8887 8887 8887 8887 8887 8887 8887 8887 8887 8887 8887 8887 8887 8887 8887 8887 8887 8887 8887 8887 8887
22741 235 8887 8887 8887 8887 8887 8887 8887 8887 8887 8887
22742 7169 3574 327 2800 10442 1475
22743 8887 8887 8887 8887 8887 8887 8887 8887 8887 8887 8887 8887 8887 8887 8887 8887 8887
22744 9551 3275 1168 911 5314 2899 3425 5385
22745 6281 8887 8887 8887 8887 8887 8887 8887 8887 8887 8887 8887 8887 8887
22746 640 8887 8887 8887 8887 8887 8887 8887 8887 8887 8887 8887 8887 8887 8887 8887 8887 8887 8887 8887 8887 8887 8887 8887 8887 8887 8887 8887 8887 8887
22747 9569 8887 8887 8887 8887 8887 8887 8887 8887 8887 8887 8887 8887 8887 8887 8887 8887 2822
22748 8887 8887 8887 8887 8887 8887 8887 8887 8887 8887 8887 8887 8887 8887 8887 8887 8887
22749 37 2013 1051 775 3746 128
22750 8253 8887 8887 8887 8887 8887 8887 8887 8887 8887 8887 8887 8887 8887 8887 8887 8887 8887 8887 8887 8887 8887 8887 8887 8887 8887 8887 8887 8887 8887
22751 7587 8887 8887 8887 8887 8887 8887 8887 8887 8887 8887 8887 8887 8887 8887 8887 8887 8887 8887 8887 8887
22752 8187 8887 8887 8887 8887 8887 8887 8887 8887 8887 8887 8887
22753 5531 8370 5394 8887 8887 8887 8887 8887 8887 8887
22754 6454 8887 8887 8887 8887 8887 8887 8887 8887 8887 8887 8887 8887 8887 8887
22755 10844 1873 8973 11568 6502 8887 8887 8887 8887 8887 8887 8887 8887 8887 8887 8887 8887 8887 8887 8887 8887 8887 8887 8887 8887 8887 8887 8887 8887 8887 8887 8887 8887 8887 8887 8887 8887 8887
22756 2105 3823 8887 8887 8887 8887 8887 8887 8887 8887 8887
22757 2186 8887 8887 8887 8887 8887 8887 8887 8887
22758 8887 8887 8887 8887 8887 8887 8887 8887 8887 8887 8887 8887 8887 8887 8887 8887 8887
22759 2569 11469 5587 141 11349 6710
22760 492 8195 5315 396 397 6604
22761 8887 8887 8887 8887 8887 8887 8887 8887 8887 8887 8887 8887 8887 8887 8887 8887 8887 8887 8887 8887 8887 8887 8887 8887 8887 8887 8887 8887 8887 8887 8887 8887 8887 8887 8887 8887 8887 8887 8887 8887 8887 8887 8887 8887
22762 4102 1760 3004 6514 5183 6847 1372
22763 8887 8887 8887 8887 8887 8887 8887 8887 8887 8887
22764 10700 3933 10885 8887 8887 8887 8887 8887 8887 8887 8887 8887 8887 8887 8887 8887 8887
22765 370 8887 8887 8887 8887 8887 8887 8887 8887 8887 8887 8887 8887 8887 8887 8887 8887 8887 8887 8887 8887 8887
22766 24 13 8887 8887 8887 8887 8887 8887 8887 8887 8887 8887 8887 9507
22767 7607 8887 8887 8887 8887 8887 8887 8887 8887 8887 8887 8887 8887 8887 8887 8887 8887 8887 8887 8887 8887 8887 8887 8887 8887 8887 8887
22768 11865 6458 9688 6464 5409
22769 8530 5466 6757 6750 4134
22770 3323 3708 1035 1396 5374 8887 8887 8887 8887
22771 5007 8887 8887 8887 8887 8887 8887 8887 8887 8887 8887 8887 8887
22772 3724 2045 8887 8887 8887 8887 8887 8887 8887 8887 8887 8887 8887
22773 278 8887 8887 8887 8887 8887 8887 8887 8887 8887 8887 8887 8887 8887 8887
22774 1019 9932 9933 1468 8887 8887 8887 8887 8887 8887 8887 8887 8887 8887 8887 8887 8887 8887 8887 8887 8887 8887
22775 12026 5348 8887 8887 8887 8887 8887 8887 8887 8887 8887 8887 8887
22776 2773 8887 8887 8887 8887 8887 8887 8887 8887 8887 8887 8887 8887
22777 8887 8887 8887 8887 8887 8887 8887 8887 8887 8887 8887 8887 8887 8887 8887 8887 8887 8887 8887
22778 6629 3656 2678 8887 8887 8887 8887 8887 8887 8887 8887 8887 8887 8887 8887 8887
22779 8887 8887 8887 8887 8887 8887 8887 8887 8887 8887 8887 8887
22780 997 7754 8887 8887 8887 8887 8887 8887 8887 8887 8887 8887 8887 8887 8887 8887 1683 8887
22781 11086 3288 11837 10487 8887 8887 8887
22782 3139 14 8887 8887 8887 8887 8887 8887 8887
22783 8887 8887 8887 8887 8887 8887 8887 8887 8887 8887 8887 8887 8887 8887 8887 8887 8887 8887
22784 5940 8887 8887 8887 8887 8887 8887 8887 8887
22785 8887 8887 8887 8887 8887 8887 8887 8887 8887 8887 8887 8887 8887 8887
22786 655 4996 12006 8887 8887 8887 8887 8887 8887 8887 8887 287 8887 8887 8887 8887 8887 8887 8887 8887 8887
22787 329 4865 8887 8887 8887 8887 8887 8887 8887 8887 8887 8887 8887 8887 8887 8887 8887 8887 8887 8887 8887 8887 8887 8887
22788 8887 8887 8887 8887 8887 8887 8887 8887 8887 8887 8887 8887 8887 8887 8887 8887 8887 8887 8887 8887 8887 8887
22789 8887 8887 8887 8887 8887 8887 8887 8887 8887 8887 8887 8887 8887 8887 8887 8887 8887 8887 8887 8887 8887 8887 8887 8887 8887 8887 8887
22790 8887 8887 8887 8887 8887 8887 8887 8887 8887 8887 8887 8887 8887 8887 8887 8887 8887 8887 8887 8887 8887 8887 8887 8887 8887 8887 8887
22791 343 7720 536 8887 8887 8887 8887 8887 8887 3414
22792 2650 3395 8887 8887 8887 8887 8887 8887 8887 8887 8887 8887 8887 8887 8887 8887
22793 6379 8887 8887 8887 8887 8887 8887 8887 8887
22794 2027 9168 8887 8887 8887 8887 8887 8887 8887
22795 8887 8887 8887 8887 8887 8887 8887 8887 8887 8887 8887 8887 8887 8887 8887 8887 8887 8887
22796 1892 2198 8689 9929 8183 11428
22797 1007 10502 3310 8887 8887 8887 8887 8887 8887 8887 8887 8887 8887 8887 8887 8887 8887 8887 8887 8887 8887 8887 8887 8887 8887
22798 2637 8887 8887 8887 8887 8887 8887 8887 8887 8887 8887 8887 8887 8887 8887 8887 8887 8887 8887 8887 8887 8887 8887 8887 8887 8887 8887 8887 8887 8887 8887 8887 8887 8887 8887 8887 8887 8887
22799 7090 6613 3272 8887 8887 8887 8887 8887 8887 8887 8887 8887 8887 8887 8887 8887 8887 8887 8887 8887 8887 8887 8887 8887 8887 8887 8887 8887 8887 8887 8887 8887 8887 8887
22800 8175 6324 1566 8887 8887 8887 8887 8887 8887 8887 8887 8887 8887 8887 8887 8887 8887 8887 8887 8887 8887 8887 8887 8887 8887 8887 8887 8887 8887 8887 8887 8887 8887 8887 8887
22801 6247 8887 8887 8887 8887 8887 8887 8887 8887 8887 8887
22802 7959 10142 8887 8887 8887 8887 8887 8887 8887 8887 8887 8887 8887 8887 8887 8887 8887
22803 9690 8887 8887 8887 8887 8887 8887 8887 8887 8887 8887 8887 8887 8887 8887
22804 10259 6684 9559 1134 688 873 716
22805 99 8887 8887 8887 8887 8887 8887 8887 8887 8887 8887 8887 8887
22806 278 8887 8887 8887 8887 8887 8887 8887 8887
22807 1771 8887 8887 8887 8887 8887 8887 8887 8887 8887 8887 7639
22808 3317 803 8887 8887 8887 8887 8887 8887 8887 8887 8887 8887 8887 8887 8887 8887 8887
22809 4430 1595 114 6180 8844 8887 8887 8887 8887 8887 8887
22810 279 8887 8887 8887 8887 8887 8887 8887 8887 8887 8887 8887 8887 8887 8887 8887 8887 8887 8887 8887 8887 8887 8887 8887 8887 8887 8887 8887 8887 8887 8887 8887 8887 8887 8887 8887
