22364 8946 5569 10670 8887 8887 8887 8887 8887 8887 8887 8887 8887 8887 8887 8887 8887 8887 8887 1179 8887 8887 8887 8887 8887 8887 8887 1781 8887 8887 8887 8887 8887 8887 8887 12010 5409 11861 5595 10487 3543 3037
22365 1564 360 2733 4883 3734 1509 1479 3095
22366 1166 8887 8887 8887 8887 8887 8887 8887 8887 8887 8887 8887 8887 8887 8887 8887 8887 8887 8887 8887 8887 8887 8887 8887 8887 8887 8887 8887 8887 8887 8887 8887 8887
22367 2752 5496 6436 8887 8887 8887 8887 8887 8887 8887 8887 8887 8887 8887 8887 8887 8887 8887 8887 8887 8887 8887 8887 8887 8887 8887 8887 8887 8887 8887 8887 8887 8887 8887 8887 8887 8887
22368 5890 7738 301 8887 8887 8887 8887 8887 8887 8887 8887 8887 8887 8887
22369 5414 2055 11765 3759 3863 3023 2265
22370 7195 8887 8887 8887 8887 8887 8887 8887 8887 8887 8887 8887
22371 8036 7699 3367 8887 8887 8887 8887 8887 8887 8887 8887 8887 8887 8887 8887
22372 789 3539 6465 3693 10487 8887 3539
22373 10016 8887 8887 8887 8887 8887 8887 8887 8887
22374 5075 12070 2015 7747 8887 8887 8887 8887 8887 8887 8887 8887
22375 8887 8887 8887 8887 8887 8887 8887 8887 8887 8887 8887 8887 8887 8887 8887 8887 8887
22376 279 8887 8887 8887 8887 8887 8887 8887 8887 8887 8887 8887 8887 8887 8887 287 8887 8887 8887 8887 8887
22377 6476 9690 8887 8887 8887 8887 8887 8887 8887 8887 8887 8887 8887 8887 8887 8887 8887 8887 8887 8887 8887 8887 8887 8887 8887 8887 8887 8887 8887 8887 8887 8887 8887 8887 8887 8887 8887 8887 8887 8887 8887 8887 8887 8887 8887 8887
22378 95 8887 8887 8887 8887 8887 8887 8887 8887 8887 1849
22379 5910 775 1670 1879 7647
22380 532 11227 8887 8887 8887 8887 8887 8887 8887 8887 8887 8887 8887 8887 8887 8887
22381 11350 5251 1108 10656 3085 3433 6754
22382 10579 8887 8887 8887 8887 8887 8887 8887 8887 8887 8887 8887 8887 8887 8887 8887 8887 8887 8887 8887 8887
22383 8887 8887 8887 8887 8887 8887 8887 8887 8887 8887 8887 8887 8887 8887 8887 8887 8887 8887 8887 8887 8887 8887 8887 8887 8887 8887 8887 8887
22384 4364 8887 8887 8887 8887 8887 8887 8887 8887 8887
22385 3966 1384 695 696 879 370 3638 3688 8887 8887 8887 8887 8887 8887 8887 8887 8887 8887 8887
22386 9932 9933 8887 8887 8887 8887 8887 8887 8887 8887 8887 8887 8887 8887 8887 8887 8887 8887 8887 8887 8887 8887 8887 8887 8887 8887 8887 8887 8887 8887 8887 8887 8887 8887 8887
22387 6814 10144 8887 8887 8887 8887 8887 8887 8887 8887 8887 8887 8887
22388 5402 8887 8887 8887 8887 8887 8887 8887 8887 8887 8887 8887 8887 8887 8887 8887 8887 8887
22389 2834 11571 10577 8887 8887 8887 8887 8887 8887 8887 8887 8887 8887 8887 8887 8887 8887 8887 8887 8887 8887
22390 3867 371 3277 7703 8887 8887 8887 8887 8887 8887 8887 8887 8887 8887 8887 8887 8887 8887 8887 8887 8887 8887 8887 8887 8887 8887 8887 8887 8887 8887 8887 8887 8887 8887 8887 8887 8887 8887 8887 8887 8887 8887 8887 8887 8887 8887 8887 8887 8887 8887
22391 5698 10017 8887 8887 8887 8887 8887 8887 8887 8887 8887 8887 8887 8887 8887 8887
22392 8887 8887 8887 8887 8887 8887 8887 8887 8887 8887 8887 8887 8887 8887 8887 8887 8887 8887 8887 8887 8887
22393 6116 366 8887 8887 8887 8887 8887 8887 8887 8887 8887 10020 8887 8887
22394 8887 8887 8887 8887 8887 8887 8887 8887 8887 8887 8887 8887 8887 8887 8887 8887 8887 8887
22395 11898 278 8887 8887 8887 8887 8887 8887 8887 8887 8887 8887 8887 8887 8887 8887 8887 8887 8887 8887 8887 8887 8887 8887 8887 8887 8887 8887 8887 8887 2745
22396 3205 403 12013 8887 8887 8887 8887 8887 8887 8887
22397 11076 3633 2872 3709 1836 3426
22398 8887 8887 8887 8887 8887 8887 8887 8887 8887 8887 8887 8887
22399 7415 8887 8887 8887 8887 8887 8887 8887 8887 8887 8887 8887 8887 8887 8887 8887 8887 8887 8887 8887 8887 9
22400 8887 8887 8887 8887 8887 8887 8887 8887 8887 8887 8887 8887 8887 8887 8887 8887 8887 8887 8887 8887 8887 8887 8887 8887 8887 8887 8887 8887 8887 8887 8887 8887 8887 8887 8887 8887 8887 8887 8887 8887 8887 8887 8887 8887
22401 3290 9690 8887 8887 8887 8887 8887 8887 8887 8887 8887 8887 8887 8887 8887
22402 6712 8887 8887 8887 8887 8887 8887 8887 8887 8887 8887
22403 1385 1650 8887 8887 8887 8887 8887 8887 8887 8887 8887 8887 8887 8887 8887 8887 8887 8887
22404 5463 719 8887 8887 8887 8887 8887 8887 8887 8887 8887 8887 8887 8887 8887 8887 8887 8887 8887 8887
22405 3186 9051 8887 8887 8887 8887 8887 8887 8887 296 9369 8887
22406 283 3704 11847 909 11021
22407 10526 8887 8887 8887 8887 8887 8887 8887
22408 278 8887 8887 8887 8887 8887 8887 8887 8887 8887 8887 8887 8887 8887 8887
22409 10017 8887 8887 8887 8887 8887 8887 8887 8887 8887 8887 8887 8887 8887 8887 8887 8887 8887 8887 8887 8887 8887 8887 8887 8887 8887
22410 9466 6638 8887 8887 8887 8887 8887 8887 8887 8887 8887 8887 8887 8887
22411 4451 6638 8887 8887 8887 8887 8887 8887
22412 8887 8887 8887 8887 8887 8887 8887 8887 8887 8887 8887 8887 8887 301 8887 8887 8887 8887 8887 8887
22413 8494 5480 8887 8887 8887 8887 8887 8887 8887 8887 8887 1441
22414 5923 8887 8887 8887 8887 8887 8887 8887 8887 8887 8887 8887 8887
22415 1120 8887 8887 8887 8887 8887 8887 8887 8887 8887 8887 8887 8887 8887 8887 8887 8887 8887 8887
22416 810 8887 8887 8887 8887 8887 8887 8887 8887 8887 8887 8887 8887 8887 8887 8887 8887 8887 8887 8887 8887 8887
22417 4126 9450 8887 8887 8887 8887 8887 8887 8887 8887 8887 8887 8887 8887 8887
22418 2569 11765 8382 5340 10302 788
22419 11471 7169 8997 8459 3317
22420 11319 6436 8887 8887 8887 8887 8887
22421 2813 7433 550 8887 8887 8887 8887 8887 8887 8887 8887 8887 8887 8887 8887 8887
22422 7060 2015 8527 9943
22423 1852 215 7060 6963 8887 8887 8887 8887 8887 8887 8887 8887 8887 8887
22424 7147 7919 6551 8887 8887 8887 8887
22425 2334 8887 8887 8887 8887 8887 8887 8887 8887 8887 8887
22426 1165 702 8887 8887 8887 8887 8887 8887 8887 8887 8887 8887 8887 8887 8887 909 1055 8887 8887 8887 8887 8887 8887 8887 8887 8887 8887 8887 8887 8887 8887 8887 8887 8887
22427 10017 8887 8887 8887 8887 8887 8887 8887 8887 8887 8887 8887 8887 8887 8887 8887 8887 8887 8887 8887 8887 8887 8887 8887 8887 8887 8887 8887
22428 11730 670 8887 8887 8887 8887 8887 8887 8887 8887 8887
22429 9813 8887 8887 8887 8887 8887 8887 8887 8887 8887 8887 8887 8887 8887
22430 8887 8887 8887 8887 8887 8887 8887 8887 8887 8887 8887 8887 8887 8887
22431 8887 8887 8887 8887 8887 8887 8887 8887 8887 8887 8887 8887 8887 8887 8887 8887 8887
22432 8887 8887 8887 8887 8887 8887 8887 8887 8887 8887 8887 8887 8887 8887 8887 8887 8887 8887 8887 8887 8887
22433 2046 6635 293 8887 8887 8887 8887 8887 8887 8887 8887 8887 8887 8887 8887 8887
22434 295 301 8887 8887 8887 8887 8887 8887 8887 8887 8887 8887 8887 8887 8887 8887 8887 8887 8887 8887 8887 8887 8887 8887
22435 8887 8887 8887 8887 8887 8887 8887 8887 8887 8887 8887 8887 8887 8887 8887 8887 8887 8887 8887 8887 8887 8887 8887 8887 8887 8887
22436 287 8887 8887 8887 8887 8887 8887 8887 8887 8887 8887 8887 8887 8887
22437 2563 8887 8887 8887 8887 8887 8887 8887 8887 8887 8887 8887
22438 834 301 8887 8887 8887 8887 8887 8887 8887 8887 8887 8887
22439 554 10855 2083 2771 8555 913
22440 8887 8887 8887 8887 8887 8887 8887 8887 8887 8887 8887 8887 8887 8887 8887 8887 8887
22441 8494 8887 8887 8887 8887 8887 8887 8887 8887 8887 8887
22442 99 7803 8887 8887 8887 8887 8887 8887 8887 8887 8887 8887 8887 8887 8887
22443 7054 1125 5484 281 8887
22444 195 6330 1124 529 1272 134
22445 6 301 8887 8887 8887 8887 8887
22446 369 8887 8887 8887 8887 8887 8887 8887 8887 8887 8887 8887 8887 8887 8887
22447 10695 44 6471 6168 1921 7712 7978
22448 2689 3994 1604 8887 8887 8887 8887 8887 8887 8887 8887
22449 715 698 8887 8887 8887 8887 8887 8887 8887 8887 8887 8887 8887 8887 8887 8887 8887 8887 8887 8887 8887 8887 8887 8887 8887 8887 8887 8887 8887 8887 8887 8887 8887 8887 8887 8887 8887 8887 8887 8887 8887 8887 8887 8887 8887 8887 8887 8887 8887 8887
22450 1034 8887 8887 8887 8887 8887 8887 8887 8887 8887 8887
22451 8887 8887 8887 8887 8887 8887 8887 8887 8887 8887 8887 8887 8887 8887 8887
22452 879 3116 8887 8887 8887 8887 8887 8887 8887 8887 8887 8887 8887 8887 8887 8887 8887 8887 8887 8887 8887 8887 8887 8887 8887 8887 8887 8887 8887
22453 1351 6422 3053 8887 8887 8887 8887 8887 8887 8887 8887 2889 1265
22454 5319 477 128 8887 8887 8887 8887 8887 8887 8887 8887 8887 8887 8887 8887 8887 8887 8887 8887 8887 8887 8887 8887 8887 8887 8887 8887 8887 8887 8887 8887 8887
22455 3866 1437 7541 4095 5262 8887 8887
22456 144 1305 5988 3800 6122 1116
22457 2456 8887 8887 8887 8887 8887 8887 8887 8887 8887 8887 8887 8887 8887 8887 8887
22458 888 8887 8887 8887 8887 8887 8887 8887 8887 8887 8887 8887 8887 8887 8887 8887 8887 8887 8887
22459 1297 1107 3912 5723 5834 11485 4876
22460 287 8887 8887 8887 8887 8887 8887 8887 8887 8887 8887 8887 8887 8887 8887 8887 8887 8887 8887 8887 8887 8887 8887 8887 8887 8887 8887 8887 8887 8887 8887 8887 8887 8887 8887 8887 8887 8887 8887 8887 8887
22461 2774 8887 8887 8887 8887 8887 8887 8887 8887
22462 8887 8887 8887 8887 8887 8887 8887 8887 8887 8887 8887 8887 8887 8887 8887 8887 8887 8887 8887 8887 8887 8887 8887
22463 587 8811 301 8407 8887 8887 8887 8887 8887 8887 8887 8887 8887 8887 8887 8887 8887 8887 8887 8887 8887 8887 8887 8887 8887 8887 8887 8887 8887 8887 8887 8887
22464 1247 313 2717 796 1977 1978 959
22465 5012 8887 8887 8887 8887 8887 8887 8887 8887 8887 8887 8887 8887 8887 8887 8887 8887 8887
22466 8503 8045 7939 9363 11018 2261
22467 444 4763 178 8887 8887 8887 8887 8887 8887
22468 892 11775 8887 8887 8887 8887 8887 8887 8887 8887 8887 8887
22469 8817 8887 8887 8887 8887 8887 8887
22470 4352 5550 8887 8887 8887 8887 8887 8887
22471 6810 8887 8887 8887 8887 8887 8887 8887 8887 8887 8887 8887 8887 8887 8887 8887 8887 8887
22472 6124 105 127 5050 2254
22473 613 8887 8887 8887 8887 8887 8887 8887 8887 8887 8887 8887 8887 8887 8887 8887 8887 8887 8887 8887 8887 8887 8887 8887 8887 8887 8887
22474 8887 8887 8887 8887 8887 8887 8887 8887 8887 8887 8887 8887 8887 8887 8887 8887 8887 8887 8887 8887 8887 8887 8887 8887 8887
22475 9215 3026 48 8887 8887 8887 8887 8887 8887 8887 8887 8887 8887 8887 8887 8887 8887 8887
22476 7299 5643 10205 6633 10555 9341 3400
22477 8887 8887 8887 8887 8887 8887 8887 8887 8887 8887 8887 8887 8887 8887 8887 8887
22478 5805 3589 8887 8887 8887 8887 8887
22479 6734 7660 3788 6230 27 6404
22480 11466 128 666 8887 8887 8887 8887 8887 8887 8887 8887 8887 8887 8887 8887 8887 8887 8887 8887 648 8887 8887 8887 8887 8887 8887 8887 8887 8887 8887
22481 8887 8887 8887 8887 8887 8887 8887 8887 8887 8887 8887 8887 8887 8887 8887 8887 8887 8887 8887 8887 8887 8887 8887 8887 8887 8887 8887 8887 8887
22482 1351 4288 4087 6587 8887 8887 8887 8887 8887 8887 8887 8887 8887 8887 8887 8887 8887 8887 8887 8887 8887 8887 8887 8887
22483 879 8887 3007 8887 8887 8887 8887 8887 8887 8887 8887 8887 8887 8887 8887 2303
22484 12096 9245 70 345 5859 7866
22485 8887 8887 8887 8887 8887 8887 8887 8887 8887 8887 8887 8887 8887 8887 8887 8887 8887 8887 8887
22486 1691 2463 8887 8887 8887 8887 8887 8887 8887 8887 8887 8887 8887 8887
22487 9014 4730 5860 1708 8887 8887 8887 8887 8887 8887 8887 8887 8887
22488 5088 271 8887 8887 8887 8887 8887 8887 8887 8887 8887 8887 8887 8887 8887 8887 8887 8887
22489 2650 7210 6928 653 239 2079 3215
22490 698 8887 8887 8887 8887 8887 8887 8887 8887 8887 8887 8887
22491 8887 8887 8887 8887 8887 8887 8887 8887 8887 8887 8887 8887 8887 8887 8887 8887 8887 8887 8887 8887 8887 8887 8887 8887 8887 8887 8887 8887 8887 8887 8887 8887 8887 8887 8887 8887 8887 8887 8887 8887 8887
22492 1995 3044 6641 7060 279 9916 3659
22493 724 8887 8887 8887 8887 8887 8887 8887 8887 8887 8887 8887 8887 8887 8887 8887 8887 8887 8887 8887
22494 7318 8887 8887 8887 8887 8887 8887 8887 8887 8887 8887 8887 8887 8887 8887 8887 8887 8887 8887 8887 8887 8887 8887 8887 8887 8887 8887 8887 8887 8887 8887 8887 8887 8887 5843
22495 3283 8887 8887 8887 8887 8887 8887 8887 8887 8887 8887 8887 8887 8887 8887 8887 8887 8887 8887 8887 8887 8887 8887 8887
22496 1665 2915 301 8887 8887 8887 8887 8887 8887 8887 8887 8887 8887 8887 8887 8887 8887 8887 8887 8887 8887 8887 8887 8887 8887 8887 8887 8887 8887 8887 8887 8887 8887 8887
22497 8887 8887 8887 8887 8887 8887 8887 8887 8887 8887 8887 8887 8887 8887 8887 8887 8887 8887 8887 8887 8887 8887 8887
22498 7843 8887 8887 8887 8887 8887 8887 8887 8887 8887 8887 8887 8887 8887 8887 8887 8887 8887 8887 8887 8887 8887 8887 8887 8887 8887 8887 8887 8887 8887
22499 8887 8887 8887 8887 8887 8887 8887 8887 8887 8887 8887 8887 8887 8887 8887 8887 8887
22500 2990 8887 8887 8887 8887 8887 8887 8887 8887 8887 8887 8887 8887 8887 8887 8887 8887 8887 8887 8887 8887 8887 8887
22501 1351 790 1880 1211 7977
22502 8438 966 8887 8887 8887 8887 8887 8887 8887 8887 8887 8887 8887
22503 2406 1466 254 8887 8887 8887 8887 8887 8887 8887 8887 8887 8887 8887 8887 8887 8887 8887 8887 8887 8887 8887 8887
22504 5780 8887 8887 8887 8887 8887 8887 8887 8887 8887 8887 8887 8887
22505 5569 8887 8887 8887 8887 8887 8887 8887 377
22506 5233 10601 11399 8887 8887 8887 8887
22507 9897 7173 8887 8887 8887 8887 8887 8887
22508 10747 8887 8887 8887 8887 8887 8887 8887 8887 8887 8887 8887 8887 8887 8887 8887 8887 8887 8887 8887 8887 8887 8887 8887 8887 8887 8887 8887 8887 8887 8887 8887 8887 8887 8887
22509 422 2214 557 2938 1706 8887
22510 1135 7191 10250 8282 67 11790
22511 9686 7000 4170 790 8887 8887 8887 8887 8887
22512 4072 2080 3060 8887 8887 8887 8887 8887 8887 8887 8887 8887 8887 8887 8887 8887 8887 8887 8887 8887 8887 8887 8887 8887 8887 8887 8887 8887 8887 8887 8887 8887 8887 8887 8887 8887 8887 8887 8887 8887 8887 8887
22513 3638 8887 8887 8887 8887 8887 8887 8887 8887 8887 8887 8887 8887 8887 8887 8887 8887 8887 8887 8887 8887 8887 8887 8887 8887 8887 8887 8887 8887 8887 8887 8887 8887 8887 8887 8887 8887 8887 8887 8887 8887 8887 8887 8887 8887 8887 8887 8887 8887 8887
22514 7992 8887 8887 8887 8887 8887 8887 8887 8887 8887 8887 8887 8887 8887
22515 8887 8887 8887 8887 8887 8887 8887 8887 8887 8887 8887 8887 8887 8887 8887 8887 8887 8887 8887 8887
22516 3290 8887 8887 8887 8887 8887 8887 8887 8887 8887 8887 8887 8887 8887 8887
22517 258 8887 8887 8887 8887 8887 8887 8887 8887 8887 8887 8887 8887 8887 8887 8887 8887 8887
22518 11034 8887 8887 8887 8887 8887 8887 8887 8887 8887
22519 10684 8887 8887 8887 8887 8887 8887 8887 8887 8887 8887 8887 8887 8887 8887 8887 8887 8887 8887 8887 8887 8887 8887
22520 7384 8887 8887 8887 8887 8887 8887 8887 8887 8887 8887 8887 8887 8887 8887 8887 8887 8887 8887 8887 8887 8887 8887 8887 8887 8887
22521 1499 1129 8887 8887 8887 8887 8887 8887 8887 8887 8887 8887 8887 8887 8887 8887 8887 8887 8887 8887 8887 8887 8887 8887
22522 227 2814 123 1693 328 8380
22523 3633 3825 8887 8887 8887 8887 8887 8887 8887 8887 8887 8887 8887 8887 8887 8887 8887 8887 8887 8887 8887 8887 8887 8887 8887
22524 11271 7636 8887 8887 8887 8887 8887 8887 8887 8887 8887 8887 8887 8887 8887 8887 8887 8887 8887 8887 8887 8887 8887 8887 8887 8887 8887 8887 8887 8887 8887 8887 8887 8887 8887 8887 8887 8887 8887 8887 8887 8887 8887 8887 8887 8887 8887 8887 8887 8887
22525 8397 701 8887 8887 8887 8887 8887 8887 8887 8887
22526 1396 1041 5402 924 818 1841 12034 4529
22527 8887 8887 8887 8887 8887 8887 8887 8887 8887 8887 8887 8887
22528 8887 8887 8887 8887 8887 8887 8887 8887 8887 8887 8887 8887 8887 8887 8887 8887 8887 8887 8887 8887 8887 8887
22529 295 8887 8887 8887 8887 8887 8887 8887 8887 8887 8887 8887 8887 8887 8887 8887 8887 8887 8887 8887 8887 8887 8887 8887 8887 8887 8887 8887 8887 8887 8887 8887 8887 8887 8887 8887 8887 8887 8887 8887 8887 8887 8887 9
22530 1930 8887 8887 8887 8887 8887 8887 8887 8887 8887 8887 8887 8887 8887 8887 8887 8887 8887 8887 8887 8887 8887 8887
22531 617 8066 3407 301 11991 8887 8887 8887 8887 8887
22532 3967 1777 8887 8887 8887 8887 8887 8887 8887 8887 8887 8887 8887 8887 8887 8887 8887 8887 8887 8887
22533 4193 2536 8887 8887 8887 8887
22534 1567 8887 8887 8887 8887 8887 8887 8887 8887 8887 8887 8887 8887 8887 8887 8887 8887 8887 8887 8887 8887 8887 8887 8887 8887 8887
22535 3745 7999 511 6966 8887 8887 8887 8887
22536 10483 8887 8887 8887 8887 8887 8887 8887 8887 8887 8887 8887 8887 8887 8887 8887 8887 8887 8887
22537 1736 8887 8887 8887 8887 8887 8887 8887 8887 8887 8887 8887 8887 8887
22538 105 8887 8887 8887 8887 8887 8887 8887 8887 8887
22539 444 10721 309 30 8887 8887 8887 8887 11782
22540 8887 8887 8887 8887 8887 8887 8887 8887 8887 8887 8887 8887 8887 8887 8887 8887 8887 8887 8887 8887 8887 8887 8887 8887 8887 8887 8887 8887 8887 8887 8887 8887 8887 8887 8887 8887 8887
22541 2629 7681 8887 8887 8887 8887 8887 8887 8887 8887 8887 8887 309 8887
22542 1974 8887 8887 8887 8887 8887 8887 8887 8887 8887 8887 8887 8887 8887 8887 8887 8887 8887 8887 8887 8887 8887 8887 8887 8887 8887 8887 8887 8887 8887 8887 8887 8887 8887 8887
22543 8887 8887 8887 8887 8887 8887 8887 8887 8887 8887 8887 8887 8887 8887 8887 8887 8887 8887 8887 8887 8887 8887 8887 8887 8887 8887 8887 8887 8887 8887 8887
22544 2515 301 8887 8887 8887 8887 8887 8887 8887 8887 8887 8887 8887 8887 8887 8887 8887 8887 8887 8887 8887 8887 8887 8887 8887 8887 8887 8887 8887 8887 8887 8887 8887 8887 8887 8887 8887 8887 8887 8887 8887 8887 8887 8887 8887 279 8887 8887 8887 8887
22545 3804 8887 8887 8887 8887 8887 8887 8887 8887 8887 8887 8887 8887 8887 8887 8887 8887 8887 8887 8887 8887 8887 8887 8887 8887 8887 8887 8887 8887
22546 9756 8887 8887 8887 8887 8887 8887 8887 8887 8887 8887 8887 8887 8887 8887 8887 8887 8887 8887 8887 8887 8887 8887 8887 8887 8887 8887 8887 8887 8887 8887 8887 8887
22547 1554 1765 834 8887 8887 8887 8887 8887 8887 8887 8887 8887 8887 8887 8887 8887 8887
22548 1536 8887 8887 8887 8887 8887 8887 8887 8887 8887 8887 8887 8887 8887 8887
22549 271 105 269 10697 7448
22550 3055 11421 8887 8887 8887 8887 8887 8887 8887
22551 6266 8887 8887 8887 8887 8887 8887 8887 8887 8887 8887
22552 2349 368 8887 8887 8887 8887 8887 8887 8887 8887 8887 8887 8887 8887 8887 8887 8887 8887 8887 8887 8887 8887 8887 8887 8887 8887 8887 8887
22553 5643 5507 675 8887 8887 8887 8887 8887 8887 8887 8887 8887
22554 11973 8887 8887 8887 8887 8887 8887 8887 8887 8887 8887 8887 8887 8887 8887 8887
22555 3227 2320 524 8887 8887 8887 8887 8887 8887 8887
22556 8887 8887 8887 8887 8887 8887 8887 8887 8887 8887 8887 8887 8887 8887 8887
22557 10985 8887 8887 8887 8887 8887 8887 8887 8887 8887 8887 8887 8887 8887 8887 8887 8887 8887 8887 8887 8887 8887 8887 8887 8887 8887 8887 8887 8887 8887 8887 8887 8887
22558 3246 8887 8887 8887 8887 8887 8887 8887 8887 8887 8887 8887 8887 8887 8887
22559 8887 8887 8887 8887 8887 8887 8887 8887 8887 8887 8887 8887 8887 8887 8887 8887 8887 8887 8887 8887 8887 8887 8887 8887 8887 8887
22560 8887 8887 8887 8887 8887 8887 8887 8887 8887 8887 8887 8887 8887 8887 8887 8887 8887 8887 8887 8887 8887 8887
22561 11968 844 8887 8887 8887 8887 8887 8887 8887 8887
22562 1043 366 13 8089 8887 8887 8887 8887 2771
22563 5460 3633 3630 1218 3836 1406
22564 8887 8887 8887 8887 8887 8887 8887 8887 8887 8887 8887 8887 8887 2049
22565 2834 1579 8887 8887 8887 8887 8887 8887 8887 8887 8887 8887 8887 8887 8887 8887 8887 8887 8887 8887
22566 1930 8887 8887 8887 8887 8887 8887 8887 8887 8887 8887
22567 7060 1111 8887 8887 8887 8887 8887 8887 8887 8887 8887 8887 8887 8887 8887 8887
22568 1487 8632 8887 8887 8887 8887 8887 8887 8887 8887
22569 1093 8310 2627 1978 8887 9603
22570 5993 8887 3971 860 8887 8887 8887
22571 6 13 28 8887 8887 8887 8887 8887 8887 8887 8887 8887
22572 5496 13 4258 8887 8887 8887 8887 8887 8887 8887 8887
22573 8887 8887 8887 8887 8887 8887 8887 8887 8887 8887 8887 8887 8887 8887 8887 8887 8887 8887 8887 8887 8887
22574 2823 10725 2457 8887 8887 8887 8887 8887 8887 8887 8887 8887 8887 8887 8887 8887 8887
22575 2834 6002 8887 8887 8887 8887 8887 8887 8887 8887 8887 8887 8887 8887 8887 8887 8887 8887 8887
22576 272 550 8887 8887 8887 8887 8887
22577 8887 8887 8887 8887 8887 8887 8887 8887 8887 8887 8887 8887 8887 8887 8887 8887 8887 8887 8887 8887 8887 8887 8887 8887 8887 8887 8887 8887 8887 8887 8887 8887 8887 8887 8887 8887 8887 8887 8887 8887
22578 985 8887 8887 8887 8887 8887 8887 8887 8887 8887 8887 8887 8887 8887 8887 8887 8887
22579 7562 8887 8887 8887 8887 8887 8887 8887 8887
22580 7831 8887 8887 8887 8887 8887 8887 8887 8887 8887 8887 8887 8887 8887 8887 8887 8887 8887
22581 10646 6800 831 8887 8887 8887 8887 8887 8887 8887 8887 8887 8887 8887 8887 8887 8887 8887 8887 8887 8887 8887 8887 8887 8887 8887 8887 8887 8887 8887 8887 8887 8887 8887
22582 8464 51 279 8887 8887 8887 8887 8887 8887 8887 8887
22583 8887 8887 8887 8887 8887 8887 8887 8887 8887 8887 8887 8887 8887 8887 8887 8887 8887 8887 8887 8887 8887 8887 8887 8887
22584 7152 8697 3949 12027 10628 94
22585 1741 410 379 8887 8887 8887 8887 8887 8887 8887 8887 8887
22586 5262 819 8887 8887 8887 8887 8887 8887 8887
22587 8887 8887 8887 8887 8887 8887 8887 8887 8887 8887 8887 8887 8887 8887 8887 8887
22588 834 670 8887 8887 8887 8887 10217 8887 8887 8887
22589 3674 9123 1877 5460 6725
22590 422 11870 4529 8887 8887 8887 8887 8887 8887 8887
22591 8887 8887 8887 8887 8887 8887 8887 8887 8887 8887 8887 8887 8887 8887 8887 8887 8887 8887 8887 8887 8887 4289
22592 9690 8887 8887 8887 8887 8887 8887 8887 8887 8887 8887 8887 8887 8887 8887 8887 8887
22593 1478 10732 6597 8887 8887 8887 8887
22594 3604 295 8887 8887 8887 8887 8887 8887 8887
22595 8887 8887 8887 8887 8887 8887 8887 8887 8887 8887 8887 8887 8887 8887 8887 8887 8887 8887
22596 695 95 9080 8887 8887 8887 8887
22597 5605 3039 9622 8887 8887 8887 8887 8887
22598 5284 4452 1609 8887 8887 8887 8887 8887 8887 8887 8887 8887 8887 8887 8887
22599 489 8887 8887 8887 8887 8887 8887 8887 8887 8887 8887 8887 8887 8887 6372 8887 8887 8887
22600 1268 8846 8887 8887 8887 8887
22601 2969 6928 6809 11941 1773 515
22602 1852 796 8887 8887 8887 8887 8887 8887 8887 8887 8887 8887
22603 3656 670 9125 8887 8887 8887 8887 8887 8887 8887 8887 8887 8887 8887 8887 8887 8887 8887 8887 8887 8887 8887 8887 8887
22604 879 3645 8887 8887 8887 8887 8887
22605 369 8887 8887 8887 8887 8887 8887 8887 8887 8887 8887 8887 8887 8887
22606 5114 8887 8887 8887 8887 8887 8887 8887 8887 8887 8887 8887 8887
22607 105 8887 8887 8887 8887 8887 8887 8887 8887 8887 8887 8887 8887 8887 8887 8887 8887 8887 8887
22608 9900 3009 8887 8887 8887 8887 8887 8887 8887
22609 3453 7002 8887 8887 8887 8887 8887 8887 8887 8887 8887
22610 646 8482 6921 11666 8438 128
22611 8789 9055 5617 8887 8887 8887 8887 8887
22612 790 8887 8887 8887 8887 8887 8887 8887 8887 8887 8887 8887 8887 8887 8887 8887 8887 8887 8887 8887 8887
22613 4092 6559 7586 8887 8887 8887 8887 8887 8887 8887 8887
22614 7746 8887 8887 8887 8887 8887 8887 8887 8887 8887 8887 8887 8887 8887 8887 8887 8887
22615 7746 8887 8887 8887 8887 8887 8887 8887 8887 8887 8887 8887 8887 8887 8887 8887 8887 8887 8887 8887 8887
22616 8887 8887 8887 8887 8887 8887 8887 8887 8887
22617 301 8887 8887 8887 8887 8887 8887 8887 8887 8887 8887 8887
22618 319 1337 4205 4591 2626
22619 11661 2623 5843 8887 8887 8887 8887 8887
22620 10104 8887 8887 8887 8887 8887 8887 8887 8887 8887 8887 8887 8887
22621 2080 8887 8887 8887 8887 8887 8887 8887 8887 8887 8887 8887
22622 7484 7922 372 1780 11792 1779 818 3280
22623 333 8887 8887 8887 8887 8887 8887 8887 8887 8887
22624 9932 9933 8887 8887 8887 8887 8887 8887 8887 8887 8887 8887 8887 8887 8887 8887 4544
22625 834 863 8887 8887 8887 8887 8887 8887 8887 8887 8887 8887 8887 8887 8887 8887 8887 8887 8887 8887 8887 8887 8887
22626 1334 8748 5356 975 2452 8376 11001 8190 961
22627 688 4417 8887 8887 8887 8887 8887 8887 8887 8887 8887 8887
22628 8653 8887 8887 8887 8887 8887 8887 8887 8887 8887 8887 8887
22629 8887 8887 8887 8887 8887 8887 8887 8887 8887 8887 8887 8887 8887 8887 8887 8887
22630 8887 8887 8887 8887 8887 8887 8887 8887 8887 8887 8887 8887 8887
22631 6909 8887 8887 8887 8887 8887 8887 8887 8887 8887 8887 8887 8887 8887
22632 8887 8887 8887 8887 8887 8887 8887 8887 8887 8887
22633 1255 3356 7631 9403 8887 8887 8887 8887 8887 8887 8887 8887 8887 8887 8887 8887 8887 8887 8887
22634 4126 8887 8887 8887 8887 8887 8887 8887 8887 8887
22635 6732 2726 988 11072 775 6808 8887 8887
22636 6857 8887 8887 8887 8887 8887 8887 8887 8887 8887 8887 8887 8887 8887 8887 8887 8887
22637 5836 11301 699 3967 757 4629 4416 757 377 1775 814 5570
22638 1120 8887 8887 8887 8887 8887 8887 8887 8887 8887 8887 8887 8887 8887 8887 8887 8887
22639 105 8887 8887 8887 8887 8887 8887 8887 8887 8887 8887 8887 8887 8887 8887 8887 8887 8887 8887 8887 8887 8887 8887 8887 8887 8887
22640 7718 8887 8887 8887 8887 8887 8887 8887 8887 8887 8887 8887 8887 8887 8887 8887 8887 8887
22641 3242 8887 8887 8887 8887 8887 8887 8887 8887 8887
22642 608 7390 1412 3129 704 2895 712
22643 33 583 11652 8887 8887 8887 8887
22644 8887 8887 8887 8887 8887 8887 8887 8887 8887 8887 8887 8887 8887 8887 8887 8887 8887 8887 8887 8887 8887 8887 8887 8887 8887 8887 8887 8887 8887 8887 8887 8887 8887 8887 8887 8887
22645 8887 8887 8887 8887 8887 8887 8887 8887 8887 8887 8887 8887 8887 8887 8887 8887 8887 8887 8887 8887 8887 8887 8887 8887 8887 8887 8887 8887 8887 8887 8887 8887 8887 8887 8887 8887
22646 790 8887 8887 8887 8887 8887 8887 8887 8887 8887 8887 8887 8887 8887 8887 8887 8887 8887 8887 8887 8887 8887 8887 8887 8887
22647 95 8887 8887 8887 8887 8887 8887 8887 8887 8887 8887 8887 8887
22648 6457 7487 8887 8887 8887 8887 8887 8887 8887 8887
22649 879 4448 8887 8887 8887 8887 8887 8887 8887 8887 8887 8887 8887 8887 8887 8887 8887 8887 8887 8887 8887 8887 8887 8887 8887 8887 8887 8887 8887 8887 8887 8887 8887 8887 8887 8887 8887 8887 8887 8887 8887 8887 8887 8887 8887 8887 8887 8887 8887 8887
22650 4665 2506 1092 2298
22651 8887 8887 8887 8887 8887 8887 8887 8887 8887 8887
22652 10645 5694 1585 6615 2208 2810
22653 8620 8887 8887 8887 8887 8887 8887 8887 8887 8887
22654 1989 8887 8887 8887 8887 8887 8887 8887 8887 8887 8887 8887 8887
22655 3763 3235 1356 8887 8887 8887 8887 8887 8887 8887 796
22656 4201 89 2397 41 8887 8887 8887 8887 8887 8887 8887 8887 4289
22657 5843 8887 8887 8887 8887 8887 8887 8887 8887 8887 8887 8887 8887 8887 8887 8887 8887 8887
22658 8887 8887 8887 8887 8887 8887 8887 8887 8887 8887 8887 8887 8887 8887 8887 8887 8887 8887 8887 8887 8887 8887 8887 8887 8887 8887 8887
22659 8887 8887 8887 8887 8887 8887 8887 8887 8887 8887 8887 8887 8887
22660 1292 171 33 491 11158 8887 8887 8887 8887 8887 8887 8887 8887 8887 8887 8887
22661 1743 2370 8887 8887 8887 8887 8887 8887
22662 3702 5014 8887 8887 8887 8887 8887 8887 8887 8887
22663 4774 8887 8887 8887 8887 8887 8887 8887 8887 8887 8887 8887 8887
22664 13 8887 8887 8887 8887 8887 8887 8887
22665 2769 4567 8887 8887 8887 8887 8887 8887 8887
22666 588 8887 8887 8887 8887 8887 8887 8887 8887 8887 8887 8887 8887 8887 8887 8887
22667 8887 8887 8887 8887 8887 8887 8887 8887 8887 8887 8887 8887 8887 8887 8887 8887 8887 8887 8887 8887 8887 8887 8887
22668 8887 8887 8887 8887 8887 8887 8887 8887 8887 8887 8887 8887 8887 8887 8887 8887
22669 1583 7745 8887 8887 8887 8887 8887 8887 8887 8887 8887 8887 8887 8887 8887 8887
22670 136 95 8887 8887 8887 8887 8887 8887 8887 8887 8887 8887 8887
22671 7843 8887 8887 8887 8887 8887 8887 8887 8887 8887 8887 8887 8887 8887 8887 8887 8887 8887 8887 8887 8887 8887 8887 8887 8887 8887 8887 8887 8887 8887 8887 8887 8887
22672 10921 8887 8887 8887 8887 8887 8887 8887 8887 8887 8887 296
22673 8887 8887 8887 8887 8887 8887 8887 8887 8887 8887 8887 8887 8887 8887 8887 8887 8887 8887 8887 8887 8887 8887 8887 8887 8887 8887 8887 8887 8887 8887 8887
22674 1697 2894 5725 2259 5704
22675 5805 3134 384 8887 8887 8887 8887 8887 8887 8887 8887 8887 8887 8887 8887 8887 8887 8887 8887 8887 8887 375 376 372 373 1412 1170 1846 665 3753 3694 3548 395
22676 1166 8887 8887 8887 8887 8887 8887 8887 8887 8887 8887 8887 8887 8887 8887
22677 9919 9809 8887 8887 8887 8887 8887 8887 8887 8887 8887 8887 8887 8887 8887 8887 8887 8887 8887
22678 98 8887 8887 8887 8887 8887 8887 8887 8887 8887 8887
22679 4942 3254 11902 301 8887 8887 8887 8887 8887 8887 8887 8887 8887 8887 8887
22680 8887 8887 8887 8887 8887 8887 8887 8887 8887 8887 8887 8887 8887 8887 8887 8887 8887 8887 8887 8887 8887 8887 8887 8887 8887 8887 8887 8887 8887 8887 8887 8887 8887 8887 8887 8887 8887 8887 8887 8887
22681 5522 7925 309 449 9169 11352
22682 1520 8846 6463 10747 9341 2883 5409 9341 5595 883 1893
22683 301 8887 8887 8887 8887 8887 8887 8887 8887 8887 8887
22684 636 3055 1748 9881 10947 7046
22685 7060 1171 8887 8887 8887 8887 8887 8887 8887 8887 8887 8887 8887 8887 8887
22686 8887 8887 1348 8887 8887 8887 8887 8887 8887 8887 8887 8887 8887 8887 8887 8887 8887 8887 8887 8887 8887
22687 4709 8887 8887 8887 8887 8887 8887 8887 8887 8887 8887 8887 8887 8887 8887 8887
22688 862 8887 8887 8887 8887 8887 8887 8887 8887 8887 8887 8887 8887 8887 8887 8887
22689 4575 302 8887 8887 8887 8887 8887 8887 8887 8887 8887 8887 8887 8887 8887 8887 8887 8887 8887 8887 8887 8887
22690 1240 2934 811 3898 8887 8887 8887 8887 8887 8887 8887 8887 8887 8887 8887 8887 8887 8887 8887 8887 8887 8887 8887 8887
22691 2678 8887 8887 8887 8887 8887 8887 8887 8887 8887 8887 8887
22692 8887 8887 8887 8887 8887 8887 8887 8887 8887 8887 8887 8887 8887 8887 8887 8887
22693 11143 10131 8887 8887 8887 8887 8887 8887 8887 8887 8887 8887 8887 8887 8887 8887 8887 8887 8887 8887
22694 2502 10563 2678 8887 8887 8887 8887 8887 8887 8887 8887
22695 8298 3454 3433 8887 8887 8887 8887 8887 8887 8887 8887 8887 8887 8887 8887 8887 8887 8887 8887
22696 1216 8887 8887 8887 8887 8887 8887 8887 8887 8887 8887 8887 8887 8887 8887 8887 8887
22697 8741 699 8887 8887 8887 8887 8887 8887 8887 8887 8887 8887 8887 8887 8887 8887 8887 8887
22698 2850 8887 8887 8887 8887 8887 8887 8887 8887 8887 8887 8887 8887 8887 8887 8887 8887 8887 8887 8887 8887 8887 8887 8887 8887 8887 8887 8887 8887 8887 8887 8887 8887 8887 8887 8887 8887 8887 8887
22699 796 8887 8887 8887 8887 8887 8887 8887 8887 8887 8887 8887 8887 8887 8887 8887 8887 8887
22700 7883 8887 8887 8887 8887 8887 8887 8887 8887 8887 8887 8887 8887 8887 8887 8887 8887 8887 8887
22701 6669 301 7461 8887 8887 8887 8887 8887 8887 8887 8887 8887 8887 8887 8887 8887 8887 8887 8887 8887 8887 8887 8887
22702 4396 8887 8887 8887 8887 8887 8887 8887 8887 8887 8887 8887 8887 8887
22703 11146 11511 8887 8887 8887 8887 8887 8887 8887 8887 8887 8887 8887 8887 8887 8887 8887 8887 8887 8887 8887 8887 8887 8887 8887 8887 8887 8887
22704 687 8887 8887 8887 8887 8887 8887 8887
22705 699 8887 8887 8887 8887 8887 8887 8887 8887 8887 8887 8887 8887 8887 8887 8887 8887 8887 8887 8887 8887 8887 8887 8887 8887 8887 8887 8887 8887 8887 8887 8887 8887 8887 8887 8887 8887 8887 8887 8887 8887 8887 8887 8887 8887 8887 8887 8887 8887 8887
22706 301 8887 8887 8887 8887 8887 8887 8887 8887
22707 6732 7507 4335 3577 3468
22708 675 8887 8887 8887 8887 8887 8887 8887 8887 8887 8887 8887 8887 8887 8887 8887 8887 8887 8887 8887 8887 8887 8887 8887 8887 8887 8887
22709 8887 8887 8887 8887 8887 8887 8887 8887 8887 8887 8887 8887 8887 8887 8887 8887 8887 8887 8887
22710 8887 8887 8887 8887 8887 8887 8887 8887 8887 8887 8887 8887 8887 8887 8887 8887 8887 8887 8887 8887 8887 8887 8887 8887 8887 8887 8887 8887 8887
22711 8887 8887 8887 8887 8887 8887 8887 8887 8887 8887 8887 8887 8887 8887 8887 8887 8887 8887 8887
22712 302 8887 8887 8887 8887 8887 8887 8887 8887 8887 8887 8887 8887 8887
22713 1255 8887 8887 8887 8887 8887 8887 8887 8887 8887 8887 8887 8887 8887 8887 8887 8887 8887 8887 8887 587
22714 2726 7898 2169 3950 648
22715 6733 666 8887 8887 8887 8887 8887 8887 8887 8887 8887
22716 8887 8887 8887 8887 8887 8887 8887 8887 8887 8887 8887 8887 8887 8887 8887
22717 7471 8887 8887 8887 8887 8887 8887 8887 8887 8887 8887 8887 8887 8887
22718 2707 1775 882 924 388 8278 2377 2898
22719 7604 8887 8887 8887 8887 8887 8887 8887 8887 8887 8887 8887 8887 8887 8887 8887 8887 8887 8887 8887 8887 8887 8887 8887 8887 8887 8887 8887 8887 8887 8887 8887 8887 8887 8887 8887 8887 8887 8887 8887 8887 8887 8887 8887
22720 5374 8887 8887 8887 8887 8887 8887 8887 8887 8887 8887
22721 978 1363 8887 8887 8887 8887 8887 8887 8887 8887 8887 8887 8887 8887 8887 8887 8887 8887 8887 8887 8887 8887 8887 8887 8887 8887 8887 8887 8887 8887 8887 8887 8887 8887 8887 8887 8887
22722 5886 8887 8887 8887 8887 8887 8887 8887 8887 8887 8887 8887 8887 8887 8887 8887 8887 8887 8887
22723 3945 274 7079 2979 2855 3871 2247 921 4785 706 3062 4801 1842
22724 269 2080 8887 8887 8887 8887 8887 8887 8887
22725 2645 95 8887 8887 8887 8887 8887 8887 8887 8887 8887
22726 8887 8887 8887 8887 8887 8887 8887 8887 8887 8887 8887 8887 8887 8887 8887 8887 8887 8887 8887 8887 8887 8887 8887 8887 8887 8887 8887 8887 8887 8887 8887
22727 796 8388 8887 8887 8887 8887 8887 8887 8887
22728 140 2335 8887 8887 8887 8887 8887 8887 8887 8887 8887 8887
22729 549 8887 8887 8887 8887 8887 8887 8887 8887 8887 8887 8887 8887
22730 10175 302 8887 8887 8887 8887 8887 8887 8887 8887 8887 8887 8887 8887
22731 7580 2761 6761 8599 3329 11068 8887 8887 8887 8887 8887 8887 8887 6208 8887 8887 8887 8887 8887 8887 8887 8887
22732 8887 8887 8887 8887 8887 8887 8887 8887 8887 8887 8887 8887 8887 8887 8887 8887 8887 8887
22733 8887 8887 8887 8887 8887 8887 8887 8887 8887 8887 8887 8887 8887 8887 8887 8887 8887 8887 8887 8887 8887 8887 8887 8887 8887 8887 8887
22734 1464 8887 8887 8887 8887 8887 8887 8887 8887 8887 8887 8887 8887 8887 8887 8887 8887 8887 8887 8887 8887 8887 8887 8887 8887 8887 8887 8887 8887 8887 8887 8887
22735 1188 1624 269 5045
22736 278 8887 8887 8887 8887 8887 8887 8887 8887 8887 8887
22737 4756 7129 2651 790 8887
22738 8887 8887 8887 8887 8887 8887 8887 8887 8887 8887 8887 8887 8887 8887 8887 8887 8887 8887 8887 8887 8887 8887 8887 8887
22739 8887 8887 8887 8887 8887 8887 8887 8887 8887 8887 8887 8887 8887 8887 8887 8887 8887 8887 8887
22740 1567 511 8887 8887 8887 8887 8887 8887 8887 8887
22741 1830 8887 8887 8887 8887 8887 8887 8887 8887 8887 8887 8887 8887 8887 8887
22742 1249 249 10663 563 2010 5783
22743 8887 8887 8887 8887 8887 8887 8887 8887 8887 8887 8887 8887 8887 8887 8887 8887 8887 8887 8887 8887
22744 8887 8887 8887 8887 8887 8887 8887 8887 8887 8887 8887 8887 8887 8887 8887 8887
22745 696 5462 8887 8887 8887 8887
22746 1193 8887 8887 8887 8887 8887 8887 8887 8887 8887 8887 8887 8887 8887 8887
22747 2834 1706 8887 8887 8887 8887 8887 8887 8887 8887 8887 8887 8887 8887 8887 8887 8887
22748 4206 8887 8887 8887 8887 8887 8887 8887 8887
22749 670 269 279 8887 8887 8887 8887 8887 8887
22750 725 775 608 1233 2134 7164
22751 7746 279 8887 8887 8887 8887 8887 8887 8887 8887 8887 8887 8887
22752 8887 8887 8887 8887 8887 8887 8887 8887 8887 8887 8887 8887 8887 8887
22753 13 295 8887 8887 8887 8887
22754 5059 8887 8887 8887 8887 8887 8887 8887 8887 8887 8887 8887 8887 8887 8887 8887
22755 11116 8887 8887 8887 8887 8887 8887 8887 8887 8887 8887 8887 8887 8887 8887
22756 6394 8887 8887 8887 8887 8887 8887 8887 8887 8887 8887 8887 8887 8887 8887 8887 8887 8887 8887 8887
22757 9393 8887 8887 8887 8887 8887 8887 8887 8887 8887 8887 8887 8887 8887 8887 8887
22758 789 8846 8887 8887 8887 8887 8887 8887 8887 8887 8887 8887 8887 8887 8887 8887 8887 8887
22759 8887 8887 8887 8887 8887 8887 8887 8887 8887 8887 8887 8887 8887 8887 8887 8887 8887 8887 8887
22760 8887 8887 8887 8887 8887 8887 8887 8887 8887 8887 8887 8887 8887 8887 8887 8887 8887 8887 8887 8887 8887 8887 8887 8887 8887 8887 8887
22761 3816 8887 8887 8887 8887 8887 8887 8887 8887 8887
22762 9755 8887 8887 8887 8887 8887 8887 8887 8887 8887 8887 8887 8887 8887 8887
22763 834 670 1363 1138 9018 103
22764 7250 8887 8887 8887 8887 8887 8887 8887 8887 8887 8887 8887 8887 8887 8887 8887
22765 287 8887 8887 8887 8887 8887 8887 8887 8887 8887 8887 8887 8887 8887 8887 8887 8887 8887 8887 8887 8887 8887 8887 8887 8887 8887 8887 8887 8887 8887
22766 1098 6281 8887 8887 8887 8887 8887 8887 8887 8887 8887 8887 8887 8887 8887 8887
22767 5884 8887 8887 8887 8887 8887 8887 8887 8887 8887 8887 8887
22768 103 8887 8887 8887 8887 8887 8887 8887 8887 8887
22769 8887 8887 8887 8887 8887 8887 8887 8887 8887 8887 8887 8887
22770 2010 8887 8887 8887 8887 8887 8887 8887 8887 8887 8887
22771 2165 8887 8887 8887 8887 8887 8887 8887 8887 8887 8887 8887 8887 8887 8887 8887 8887 8887
22772 2129 1504 6722 8696 2630
22773 2261 9307 8887 8887 8887 8887 8887 8887
22774 355 455 3776 8887 8887 8887 8887 8887 8887 8887 8887 8887 8887 8887 8887 8887 8887 8887 8887 8887 8887 8887 8887 8887 8887 301 8887 8887 8887 8887 8887 8887 8887
22775 8887 8887 8887 8887 8887 8887 8887 8887 8887 8887 8887
22776 7680 11051 8887 8887 8887 8887 8887 8887 8887 8887 8887 8887 8887 8887 8887 8887 8887 8887 8887
22777 8887 8887 8887 8887 8887 8887 8887 8887 8887 8887 8887
22778 8433 8887 8887 8887 8887 8887 8887 8887 8887
22779 796 8887 8887 8887 8887 8887 8887 8887 8887 8887 8887 8887 8887 8887 8887
22780 7671 8887 8887 8887 8887 8887 8887 8887 8887 8887 8887 8887 8887 8887 8887 8887 8887 8887 8887 8887 8887 8887 8887 8887 8887 8887
22781 6559 9385 8887 8887 8887 8887 8887 8887 8887 8887 8887 8887 8887 8887 8887 8887 8887 8887 8887 8887 8887 8887 8887 8887 8887 8887 8887 8887 8887 8887 8887
22782 8887 8887 8887 8887 8887 8887 8887 8887 8887 8887 8887 8887 8887
22783 8887 8887 8887 8887 8887 8887 8887 8887 8887 8887 8887 8887 8887 8887 8887 8887 8887 8887 8887 8887 8887 8887 8887 8887 8887 8887
22784 2838 61 8887 8887 8887 8887 8887 8887 8887 8887 8887 8887 8887 8887 8887 8887 8887 8887 8887 8887
22785 7607 8887 8887 8887 8887 8887 8887 8887 8887 8887 8887 8887 8887 8887 8887 8887 8887 8887 8887 8887 8887 8887 8887 8887 8887
22786 8734 9169 11730 8887 8887 8887 8887
22787 8887 8887 8887 8887 8887 8887 8887 8887 8887 8887 8887 8887 8887 8887 8887 8887 8887 8887 8887
22788 1872 10555 8887 8887 8887 8887 8887
22789 176 8887 8887 8887 8887 8887 8887 8887 8887 8887
22790 796 1978 8887 8887 8887 8887 8887 8887 8887 8887 8887 8887 8887 8887 8887 8887 8887 8887 8887 8887 8887 8887 8887 8887 8887 8887 8887 8887 8887
22791 1135 6021 3324 8887 8887 8887 8887 8887 8887 8887 8887 8887
22792 7060 11936 5860 8887 8887 8887 8887 8887 8887 8887 8887 8887 8887
22793 7746 8887 8887 8887 8887 8887 8887 8887 8887 8887 8887 8887 8887 8887 8887 8887 8887 8887 8887 8887 8887
22794 3656 8887 8887 8887 8887 8887 8887 8887 8887 8887 8887 8887 8887 8887 8887 8887 8887 8887 8887 8887 8887 8887 8887 8887 8887
22795 3302 2156 8887 8887 8887 8887 8887 8887 8887 8887 8887
22796 1425 12077 10798 9835 11700 304 6176 10344 6627
22797 1918 176 775 11949 4176
22798 6003 1414 8887 8887 8887 8887 8887 8887 8887 8887 8887 8887 8887 8887 8887 8887 8887 8887 8887 8887 8887 8887 8887 8887 8887 8887 8887 8887 8887 8887 8887 8887 8887 8887 8887 8887 8887 8887 8887 8887
22799 6558 8887 8887 8887 8887 8887 8887 8887 8887 8887 8887 8887 8887 8887 8887 8887 8887 8887 8887 8887 8887 8887 8887 8887 8887 8887 8887
22800 699 8887 8887 8887 8887 8887 8887 8887
22801 8887 8887 8887 8887 8887 8887 8887 8887 8887 8887
22802 11954 10747 8887 8887 8887 8887 8887 8887 8887 8887 8887 8887 8887 8887
22803 8887 8887 8887 8887 8887 8887 8887 8887 8887 8887 8887 8887 8887 8887 8887 8887 8887 8887 8887 8887 8887 8887 8887 8887 8887 8887 8887 8887 8887 8887 8887
22804 4231 8887 8887 8887 8887 8887 8887 8887 8887 8887 8887 8887
22805 9592 10186 8887 8887 8887 8887 8887 8887 8887 8887 8887 8887 8887 8887 8887 8887 8887 8887 3017 8887 8887 8887 8887 8887
22806 10410 3659 8887 8887 8887 8887 8887 8887
22807 460 2088 1778 366 8887 8887 8887 8887 8887 8887 8887 8887 8887 8887 8887 8887 8887
22808 271 10881 95 8887 8887 8887 8887 8887 8887 8887 8887 8887 8887 8887 8887 8887 8887
22809 1774 4620 1857 8887 8887 8887 8887 8887 8887
22810 6703 1979 8887 8887 8887 8887 8887 8887 8887 8887 8887 8887 8887
22811 3967 2345 370 3068 1163 8887 8887 8887 8887 8887 8887 8887 8887 8887 8887 8887 8887 8887 8887 8887 8887 8887 8887 8887 8887 8887 8887 8887 8887 8887 8887 8887 8887 8887 8887 8887 8887 8887 8887 8887 8887 8887 8887 8887
22812 3683 5313 1977 8887 8887 8887 8887 8887 8887 8887 8887 8887 8887 8887 8887 8887 8887 8887 8887 8887 8887 8887 8887 8887 8887 8887 8887 8887 8887 8887 8887 8887 8887 8887 8887 8887 8887 8887 8887 8887 8887 8887 8887 8887 8887 8887 8887 8887 9436
22813 8200 269 8397 8887 8887 8887
22814 9602 8363 8887 8887 8887 8887 8887 8887 8887 8887 8887 4634 8887 8887
22815 4241 6968 5333 8887 8887 8887 8887 8887 8887 8887 8887 8887 8887 8887 8887 8887 8887 8887 8887 8887 8887 8887 8887 8887 8887 8887 8887
22816 10565 519 4221 826 1776 8887
22817 2107 95 8887 8887 8887 8887 8887 8887 8887 8887 8887 8887 8887 8887 8887 8887 8887 8887 8887 8887 8887 8887 8887 8887 8887 8887 8887 8887 8887 8887 8887 8887 8887 8887
22818 1751 6638 8887 8887 8887 8887 8887 8887
22819 370 8887 8887 8887 8887 8887 8887 8887 8887 8887 8887 8887 8887 8887 8887 8887 8887 8887 8887 8887 8887 8887 8887 8887 8887
22820 3750 8887 8887 8887 8887 8887 8887 8887
22821 10036 8299 8887 8887 8887 8887 8887 8887 8887 8887 8887 8887
22822 670 10532 8887 8887 8887 8887 8887 8887 8887 8887 8887 8887 8887 8887 8887
22823 308 2010 8887 8887 8887 8887 8887 8887 8887 8887 8887 8887 8887 8887 8887 8887 8887 8887 287 8887 8887 8887 8887 8887 8887 8887
22824 8887 8887 8887 8887 8887 8887 8887 8887 8887 8887 8887 8887 8887 8887 8887 8887 8887 8887
22825 10104 8887 8887 8887 8887 8887 8887 8887 8887 8887 8887 8887 8887 8887 8887 8887 8887 8887 8887 8887 8887 8887 8887 8887 8887 8887 8887
22826 5013 1017 169 1528 9125 8887 8887 8887
22827 797 2918 17 8887 8887 8887 8887 8887 8887 8887 8887 8887
22828 3341 8887 8887 8887 8887 8887 8887 8887 8887 8887 8887 8887 8887
22829 9393 8887 8887 8887 8887 8887 8887 8887 8887 8887 8887 8887
22830 8887 8887 8887 8887 8887 8887 8887 8887 8887 8887 8887 8887 8887 8887 8887 8887 8887 8887
22831 265 8887 8887 8887 8887 8887 8887 8887 8887 8887 8887 8887 8887 378
22832 8887 8887 8887 8887 8887 8887 8887 8887 8887 8887 8887 8887 8887 8887 8887 8887 8887 8887 8887 8887 8887 8887
22833 1126 2717 1349 8887 8887 8887 8887 8887 8887 8887 8887 8887 8887 8887 8887 8887 8887 8887 8887 8887 8887 8887 8887 8887
22834 3656 2678 8887 8887 8887 8887 8887 8887
22835 9484 6099 8887 8887 8887 8887 8887 8887 8887 8887 8887 8887 8887 8887 8887 8887 8887 8887 8887 8887 8887 8887 8887 8887 8887 8887 8887 8887 8887 8887 8887 8887 8887 8887 8887 8887 8887 8887 8887 8887 8887 8887
22836 327 598 417 4410 2162 4999
22837 8887 8887 8887 8887 8887 8887 8887 8887 8887 8887 8887 8887 8887 8887 8887 8887 8887 8887 8887 8887 8887 8887 8887 8887 8887 8887 8887 8887 8887 8887 8887 8887 8887 8887 8887 8887 8887 8887 8887 8887 8887 8887 8887 8887 8887 8887 8887 8887 8887 8887
22838 8887 8887 8887 8887 8887 8887 8887 8887 8887 8887
22839 6504 8887 8887 8887 8887 8887 8887 8887 8887 8887 8887 8887 8887 8887 8887 8887 8887 8887
22840 301 8887 8887 8887 8887 8887 8887 8887 8887 8887 8887 8887 8887 8887
22841 9114 1624 2051 5765 10145 2918
22842 8887 8887 8887 8887 8887 8887 8887 8887 8887 8887 8887 8887 8887 8887 8887 8887 8887 8887 8887 8887 8887 8887 8887 8887 8887 8887 8887 8887
22843 3681 8887 8887 8887 8887 8887 8887 8887 8887 8887 8887
22844 4395 8489 8887 8887 8887 8887 8887 8887 8887
22845 11873 8887 8887 8887 8887 8887 8887 8887 8887
22846 8544 8887 8887 8887 8887 8887 8887 8887 8887 8887 8887 8887 8887 8887
22847 293 8887 8887 8887 8887 8887 8887 8887 8887 8887 8887 8887 8887 8887 8887 8887
22848 8455 6085 7434 8887 8887 8887 8887 8887 8887 8887 8887 8887 8887 8887 8887 8887 8887 8887 8887 8887 8887 8887 8887 8887 8887 8887 8887 8887
22849 8927 8887 8887 8887 8887 8887 8887 8887 8887 8887 8887 8887
22850 8648 8887 8887 8887 8887 8887 8887 8887 8887 8887 8887 8887 8887 8887 8887 8887 8887 8887 8887 8887 8887 8887 8887 8887 8887 8887 8887 8887 8887 8887 8887 8887 8887 8887 8887 8887
22851 5365 8887 8887 8887 8887 8887 8887 8887 8887 8887 8887 8887 8887 8887
22852 5955 3728 1565 7105 8887 8887 8887
22853 9615 2918 8887 8887 8887 8887 8887 8887 8887 8887
22854 240 8887 8887 8887 8887 8887 8887 8887 8887 8887 8887 8887 8887 8887 8887 8887 8887 8887 8887 8887 8887 8887 8887 8887 8887 8887 8887 8887
22855 904 757 751 8887 8887 8887 8887 8887 8887 8887 8887 8887 8887 8887 8887 8887 8887 8887 8887 8887 8887 8887 8887 8887
22856 7843 8887 8887 8887 8887 8887 8887 8887 8887 8887 8887 8887 8887 8887 8887 8887 8887 8887 8887 8887 8887
22857 8781 775 1441 90 8887 8887 8887 8887 8887 8887 8887 8887 8887 8887 8887 8887 8887 8887 8887 8887 8887 8887 8887 8887 8887 8887 8887
22858 9277 6557 1590 8461 6791
22859 8412 2454 4606 8887 8887 8887 8887 8887 8887 8887 8887 8887 8887 8887 8887 8887 8887 8887 8887 8887 8887 8887 8887 8887 8887 8887 8887 8887 8887 8887 8887
22860 9574 10333 8887 8887 8887 8887 8887 8887 8887 8887 8887 8887
22861 8887 8887 8887 8887 8887 8887 8887 8887 8887 8887 8887 8887 8887 8887 8887 8887 8887 8887 8887 8887 8887 8887
22862 444 1667 6409 8887 8887 8887 8887
22863 6320 8887 8887 8887 8887 8887 8887 8887 8887 8887 8887 8887 8887 8887 8887 8887
22864 9690 8887 8887 8887 8887 8887 8887 8887 8887 8887 8887 8887 8887 8887 8887 8887 8887
22865 8307 8887 8887 8887 8887 8887 8887 8887 8887 8887 8887 8887 8887 8887 8887 8887 8887 8887
22866 2316 8175 7420 1112 4528 11313
22867 271 2645 8887 8887 8887 8887 8887 8887 8887 8887 8887 8887 8887 8887 8887 8887 8887
22868 8105 8887 8887 8887 8887 8887 8887 8887 8887 8887
22869 6631 8887 8887 8887 8887 8887 8887 8887 8887 8887 8887 8887 8887 8887 8887 8887 8887
22870 648 8887 8887 8887 8887 8887 8887 8887 8887 8887 8887 8887 8887 8887
22871 2080 366 3869 8887 8887 8887 8887 8887 8887
22872 721 2345 2349 8887 8887 8887 8887 8887 8887 8887 8887 8887 8887 8887 8887 8887 8887 8887 8887 8887 8887 8887 8887 8887 8887 8887 8887 8887 8887 8887 8887 8887 8887 8887 8887 8887 8887
22873 6557 4289 8887 8887 8887 8887 8887 8887 8887
22874 495 8887 8887 8887 8887 8887 8887 8887 8887 8887 8887 8887 8887 8887
22875 8887 8887 8887 8887 8887 8887 8887 8887 8887 8887 8887 8887 8887 8887 8887 8887 8887 8887
22876 4076 366 2547 8887 8887 8887 8887 8887 8887 8887 8887 8887 8887 8887 8887 8887 8887 8887 8887 8887 8887 8887 8887 8887 8887 8887 8887 8887 8887 8887 8887 8887 8887 8887 8887 8887 8887 8887 8887 8887 8887 8887 8887 8887 8887 8887 8887 8887 8887
22877 8887 8887 8887 8887 8887 8887 8887 8887 8887 8887 8887 8887
22878 10408 4685 484 8887 8887 8887 8887 8887 8887
22879 8887 8887 8887 8887 8887 8887 8887 8887 8887 8887 8887 8887 8887 8887 8887 8887 8887 8887 8887 8887 8887 8887 8887 8887 8887 8887 8887 8887 8887
22880 3967 8887 8887 8887 8887 8887 8887 8887 8887 8887 8887 8887 8887 8887 8887 8887 8887 8887 8887 8887 8887 8887 8887 8887 8887 1092
22881 287 279 8887 8887 8887 8887 8887 8887 8887 8887 8887 8887 8887 8887 8887 8887 8887 8887 8887 8887 8887 8887 8887
22882 1917 8887 8887 8887 8887 8887 8887 8887 8887 8887 8887 8887 8887 8887 8887
22883 4997 775 1201 4344 8887 8887 8887 8887 8887 8887 8887 8887 8887 8887 8887 8887
22884 6817 8887 8887 8887 8887 8887 8887 8887 8887 8887 8887 8887 8887
22885 8887 8887 8887 8887 8887 8887 8887 8887 8887 8887 8887 8887 8887 8887 8887 8887 8887 8887 8887 8887 8887 8887 8887
22886 542 6372 8887 8887 8887 8887 8887 8887 8887 8887 8887 8887 8887 8887 8887 8887 8887
22887 279 8887 8887 8887 8887 8887 8887 8887 8887 8887 8887 8887 8887 8887 8887
22888 8887 8887 8887 8887 8887 8887 8887 8887 8887 8887 8887 8887 8887 8887 8887 8887 8887 8887 8887 8887 8887 8887 8887 8887 8887 8887 8887 8887 8887 8887 8887
22889 136 8887 8887 8887 8887 8887 8887 8887 8887
22890 8887 8887 8887 8887 8887 8887 8887 8887 8887 8887 8887 8887 8887 8887 8887
22891 1879 157 2069 2672 8887 8887 8887 8887 8887 8887 8887 8887 8887 8887 8887 8887 8887 8887 8887
22892 8887 8887 8887 8887 8887 8887 8887 8887 8887 8887 8887 8887 8887 8887 8887 8887 8887 8887 8887 8887 8887 8887 8887 8887 8887 8887
22893 3756 7766 3589 8887 8887 8887 8887 8887 819 8887 8887 8887 8887 8887 8887 8887 8887 8887 8887 8887 8887 8887 8887 8887 8887 8887 8887 8887 8887 8887 8887 8887 8887 8887 8887 8887 8887
22894 309 8887 8887 8887 8887 8887 8887 8887 8887 8887 8887 8887 8887 8887 8887 8887
22895 5414 925 6687 3548 5409 3025 2269 3550 11785 3550 3549 3550 9744 3025 6463 3021
22896 6311 598 3222 8848 10828 3363
22897 747 366 8887 8887 8887 8887 8887 8887 8887 8887
22898 690 8887 8887 8887 8887 8887 8887 8887 8887 8887 4397
22899 8887 8887 8887 8887 8887 8887 8887 8887 8887 8887 8887 8887 8887 8887 8887 8887 8887 8887
22900 1667 11405 11106 2010 8887 8887 8887 8887 8887 8887 8887 8887 8887 8887 8887 8887 8887 8887 8887 8887 8887 8887
22901 8887 8887 8887 8887 8887 8887 8887 8887 8887 8887 8887 8887 8887 8887 8887 8887 8887 8887 8887 8887 8887 8887 8887 8887 8887 8887 8887 8887 8887 8887 8887 8887
22902 3357 345 9339 859 9170
22903 2648 8887 8887 8887 8887 8887 8887 8887 8887 8887 8887 8887 8887 8887
22904 3967 8887 8887 8887 8887 8887 8887 8887 8887
22905 8887 8887 8887 8887 8887 8887 8887 8887 8887 8887 8887 8887 8887 8887 8887 8887 8887 8887 8887 8887 8887 8887 8887 8887 8887 8887 8887 8887 8887 8887 8887 8887 8887 8887 8887 8887 8887
22906 3004 8887 8887 8887 8887 8887 8887 8887 8887 8887
22907 9427 588 4926 7123 9803 1265 1178
22908 4561 8887 8887 8887 8887 8887 8887 8887 8887 8887 8887 8887 8887 8887 8887 8887 8887 8887
22909 7484 8887 8887 8887 8887 8887 8887 8887 8887 8887 8887 8887 8887 8887 8887 8887 8887 8887 8887 8887 8887 8887 8887 8887
22910 5374 879 8887 8887 8887 8887 8887 8887 8887 8887 8887 8887 8887 8887 8887 8887 8887 8887 8887 8887 8887 8887 8887 8887 8887 8887 8887 8887 8887 8887 8887 8887 8887 8887 8887 8887 8887 8887 8887 8887 8887 8887 8887
22911 2563 3967 8887 8887 8887 8887 8887
22912 95 8887 8887 8887 8887 8887 8887 8887
22913 235 8887 8887 8887 8887 8887 8887 8887 8887 8887 8887 8887 8887 8887 8887 8887 8887 8887
22914 7630 8887 8887 8887 8887 8887 8887 8887 8887 8887 8887 8887 8887 8887 8887 8887 8887 8887 8887 8887 8887 8887 8887 8887 8887 8887 8887 8887 8887 8887 8887 8887 8887 8887 8887 8887 8887 8887 8887 8887 8887 8887 8887 8887 8887 8887 8887 8887 8887 8887
22915 8887 8887 8887 8887 8887 8887 8887 8887 8887 8887 8887 8887 8887 8887 8887
22916 8887 8887 8887 8887 8887 8887 8887 8887 8887 8887 8887 8887 8887 8887 8887 8887 8887 8887 8887
22917 9617 7367 4562 3294 9365 1985
22918 796 8887 8887 8887 8887 8887 8887 8887 8887 8887 8887 8887 8887 8887
22919 8887 8887 8887 8887 8887 8887 8887 8887 8887 8887 8887 8887 8887 8887 8887 8887 8887
22920 2349 5265 8887 8887 8887 8887 8887 8887 8887 8887 8887 8887 8887 8887 3424 8887
22921 3781 444 11648 8027 6636 4721
22922 2973 2088 3288 4041 4080 11591
22923 2960 8887 8887 8887 8887 8887 8887 8887 8887 8887 8887 8887 8887 8887 8887 8887 8887 1591 8887 8887
22924 6860 13 3746 9631 8887 8887 8887 8887 8887 8887 8887 8887 8887 8887 8887 8887 8887 8887 8887 8887 8887 8887 8887 8887 8887 8887 8887 8887 8887 8887 8887 8887 8887 8887 8887 8887 8887 8887 8887 8887 8887 8887 8887 8887 8887 8887 8887 8887 8887 8887
22925 3059 8887 8887 8887 8887 8887 8887 8887
22926 11425 301 278 8887 8887 8887 8887 8887 8887 8887 8887 8887 8887 8887 8887 8887 8887 8887 8887
22927 9538 8887 8887 8887 8887 8887 8887 8887 8887 8887 8887 8887 8887 8887 8887 8887 8887 8887
22928 7396 10019 8887 8887 8887 8887 8887 8887 8887 8887 8887
22929 6336 8887 8887 8887 8887 8887 8887 8887 8887 8887 8887 8887 8887 8887 8887 8887 8887 8887
22930 1675 775 6430 5622 1112 11594 2016 8887
22931 5202 2373 58 1680 1508 8887 8887 8887 8887 8887 8887 8887 8887 8887 8887 8887 8887 8887 8887 8887 8887 8887 8887 10341 8887
22932 8887 8887 8887 8887 8887 8887 8887 8887 8887 8887 8887 8887 8887 8887 8887 8887 8887 8887 8887 8887 8887 8887 8887 1849
22933 8887 8887 8887 8887 8887 8887 8887 8887 8887 8887 8887 8887 8887 8887 8887 8887 8887 8887 8887 8887 8887 8887 8887 8887 8887 8887
22934 4529 8887 8887 8887 8887 8887
22935 112 8887 8887 8887 8887 8887 8887 8887 8887 1913 8887 8887 8887 8887 8887 8887 8887 8887 8887 8887 8887 8887
22936 2038 2160 8887 8887 8887 8887 8887 8887 8887 8887 8887 8887 8887 8887 8887 8887 8887 8887 8887 8887 8887 8887 8887 8887 8887 8887 8887
22937 634 1311 8887 8887 8887 8887 8887
22938 6613 8887 8887 8887 8887 8887 8887 8887 8887 8887
22939 1524 8887 8887 8887 8887 8887 8887 8887 8887 8887 8887 8887 8887 8887 8887 8887 8887 8887 8887 8887 8887 8887 8887 8887 8887 8887 8887 8887 8887 8887 8887 8887 8887 8887 8887 8887 8887 8887 8887 8887
22940 7604 1154 1156 95 8887 8887 8887 8887 8887 8887 8887 8887 8887 8887 8887 8887
22941 1137 1153 1154 10970 8051 6742 5747
22942 630 1400 4529 10135 8887 8887 8887 819
22943 278 8887 8887 8887 8887 8887 8887 8887
22944 7434 5403 8887 8887 8887 8887 8887 8887 8887 8887 8887 8887 8887 8887 8887 8887 8887 8887 8887 8887
22945 4766 8887 8887 8887 8887
22946 752 1411 1312 376 921 1059 1782 706 380 4166 1842
22947 12 8887 8887 8887 8887 8887 8887 8887 8887 8887 8887 8887 8887 8887 8887
22948 5687 8887 8887 8887 8887 8887 8887 8887 8887 8887 8887
22949 7611 2960 8887 8887 8887 8887 8887 8887 8887
22950 6566 8887 8887 8887 8887 8887 8887 8887 8887 8887 8887 8887 8887 8887 8887
22951 5881 627 11344 9962 8736 8887 8887 8887 8887 8887 8887 8887 8887 8887 8887 8887 8887 8887 8887 8887 8887 8887 8887 8887 8887 8887 8887 8887 8887 8887 8887 8887 8887 8887 8887 8887 8887 8887 8887 8887 8887 8887 8887 8887 8887 8887 8887 8887 8887 8887
22952 278 8887 8887 8887 8887 8887 8887 8887 8887 8887 8887 8887 8887 8887 8887 8887 8887 8887 8887 8887 8887 8887 8887 8887 8887 8887 8887 8887 8887 8887 8887 8887 8887 8887 8887 8887 8887 8887
22953 4852 4776 39 44 8887
22954 1736 6460 3001 5376 8887 8887 8887 8887 8887 8887 8887 8887 8887 8887 8887 8887 8887 8887 8887 8887 8887 8887 8887 8887 8887 8887 8887
22955 7672 11274 8887 8887 8887 8887 8887 8887 8887 8887 8887 8887 8887 8887 8887
22956 8425 5265 1150 882 2889 6567
22957 284 8887 8887 8887 8887 8887 8887 8887 8887 8887 8887 8887 8887 8887 8887 8887
22958 8887 8887 8887 8887 8887 8887 8887 8887 8887 8887 8887 8887 8887 8887 8887
22959 279 8887 8887 8887 8887 8887 8887 8887 8887 8887 8887 8887 8887 8887 8887 8887 8887 8887 8887 8887 8887 8887 8887 8887 8887 8887 8887 8887 8887 8887 8887 8887 8887 8887 8887 8887 8887
22960 1562 5596 301 8887 8887 8887 8887 8887 8887 8887 8887
22961 10019 8887 8887 8887 8887 8887 8887 8887 8887 8887 8887 8887 8887 8887 8887
22962 7843 8887 8887 8887 8887 8887 8887 8887 8887 8887 8887 8887 8887 8887 8887 8887 8887 8887 8887 8887
22963 8887 8887 8887 8887 8887 8887 8887 8887 8887 8887 8887 8887 8887 8887 8887
22964 2133 567 4962 8887 8887 8887 8887 8887 8887 8887 8887 8887 8887 8887
22965 2570 8887 8887 8887 8887 8887 8887 8887 8887 8887 8887 8887 8887 8887
22966 8887 8887 8887 8887 8887 8887 8887 8887 8887 8887 8887 8887 8887 8887 8887 8887 8887 8887 8887 8887 8887 8887 8887 8887 8887 8887 8887 8887 8887 8887 8887
22967 796 6247 8887 8887 8887 8887 8887 8887 8887 8887 8887 8887 8887 8887 8887 8887 8887 8887 8887 8887 8887 8887
22968 3656 8887 8887 8887 8887 8887 8887 8887 8887 8887 8887 8887 8887 8887 8887 8887 8887 8887 8887 8887 8887 8887 8887 8887 8887 8887 8887 8887 8887 8887 8887 8887 8887 8887 8887 8887 8887 8887 8887 8887 8887 8887 8887 8887
22969 8887 8887 8887 8887 8887 8887 8887 8887 8887 8887 8887 8887 8887 8887 8887 8887 8887 8887 8887 8887 8887 8887 8887 8887 8887 8887 8887 8887 8887
22970 3312 302 8887 8887 8887 8887 8887 8887 8887 8887 8887 8887 8887 9 8887
22971 8887 8887 8887 8887 8887 8887 8887 8887 8887 8887 8887 8887 8887 8887 8887 8887 8887 8887 8887 8887 8887 8887 8887 8887 8887 8887 8887 8887 8887 8887 8887
22972 588 1384 1035 2577 1098 8887 8887 8887 8887 8887 8887 8887 8887 8887 8887 8887 8887 8887 8887 8887 8887 8887 8887 8887 8887 8887 8887
22973 5643 10562 1765 7038 959 6891 6344 11316 401
22974 2475 8887 8887 8887 8887 8887 8887 8887 8887 8887 8887
22975 1630 8887 8887 8887 8887 8887 8887 8887 8887 8887
22976 10747 8887 8887 8887 8887 8887 8887 8887 8887 8887 8887 8887 8887 8887 8887 8887 8887
22977 2187 8887 8887 8887 8887 8887 8887 8887 8887 8887 8887 8887 8887 8887
22978 8887 8887 8887 8887 8887 8887 8887 8887 8887 2349
22979 287 8887 8887 8887 8887 8887 8887 8887 8887 8887 8887 8887 8887 8887 8887 8887 8887
22980 4354 2115 1292 171 5282 4898
22981 2369 5273 8887 8887 8887 8887 8887 8887 8887 8887 8887 8887 8887 8887 8887 8887 8887 8887 8887 8887 8887 8887 8887 8887
22982 8868 4831 9377 8887 8887 8887 8887 8887 8887 8887 8887 8887 8887 8887 8887 8887 8887 8887 8887 8887 8887 8887 8887 8887 8887 8887 8887 8887 8887 8887 8887 8887 8887 8887 8887 8887 8887 8887 8887 8887 8887 8887 8887 8887 8887 8887 8887 8887 8887 8887
22983 4635 7377 8887 8887 8887 8887 8887 8887 8887 8887 8887 8887 8887 8887 8887 8887 8887 8887 8887
22984 6631 8887 8887 8887 8887 8887 8887 8887 8887 8887 8887 8887 8887 8887 8887 8887 8887 8887 8887 8887 8887 8887
22985 8887 8887 8887 8887 8887 8887 8887 8887 8887 8887 8887 8887 8887 8887 8887 8887 8887 8887 8887 8887 8887 8887 8887 8887 8887 8887
22986 6638 8887 8887 8887 8887 8887 8887 8887 8887 8887 8887 8887 8887 8887 8887 8887
22987 8388 8887 8887 8887 8887 8887 8887 8887 8887 8887 8887 8887 8887 8887 8887 8887
22988 8457 883 3042 8887 8887 8887 8887 8887 1706
22989 271 2909 8887 8887 8887 8887 8887 8887 8887 8887 8887 8887 8887 8887 8887 8887
22990 8887 8887 8887 8887 8887 8887 8887 8887 8887 8887 8887 8887 8887 8887 8887 8887 8887 8887 8887 8887 8887 8887 8887 8887 8887
22991 8887 8887 8887 8887 8887 8887 8887 8887 8887 8887 8887 8887 8887 8887 8887 8887 8887 8887
22992 8887 8887 8887 8887 8887 8887 8887 8887 8887 8887 8887 8887 6883
22993 8887 8887 8887 8887 8887 8887 8887 8887 8887 8887 8887 8887 8887 8887 8887 8887 8887 8887 8887 8887 8887 8887
22994 1779 8887 8887 8887 8887 8887 8887 8887
22995 1691 6621 8887 8887 8887 8887 8887 8887 8887 8887 8887 8887 8887 8887 8887 8887 8887
22996 6198 4827 4870 8974 3533 8887
22997 2637 8887 8887 8887 8887 8887 8887 8887 8887 8887 8887 8887 8887 8887 8887 8887 8887 8887 8887 8887 8887 8887 8887 8887 8887 8887 8887 8887
22998 266 8887 8887 8887 8887 8887 8887 8887 8887 8887 8887 8887 8887 8887 8887 8887 8887 8887 8887 8887 8887
22999 8199 5059 9738 1535 375
23000 10078 2653 1701 6702 422 3970
23001 3833 11765 844 1792 8887 8887 8887 8887 8887
23002 2080 1058 8887 8887 8887 8887 8887 8887 8887 8887
23003 2912 2195 8887 8887 8887 8887 8887 8887 8887 8887 8887 8887 8887 8887 8887 8887 8887 8887 8887 8887 8887 8887 8887 8887 8887 8887 9155 8887 8887
23004 6558 8887 8887 8887 8887 8887 8887
23005 10263 8900 8887 8887 8887 8887 8887 8887 8887 8887 8887
23006 241 10969 8887 8887 8887 8887 8887 8887 8887 8887 8887 8887 8887 8887 8887 8887 8887 8887 8887 8887 8887 8887 8887 8887 8887 8887 8887 8887 8887 8887 8887 8887 8887 8887 8887 8887 8887 8887 8887 8887 8887 8887 8887 8887 8887 8887 8887 8887 8887 8887
23007 3589 8887 8887 8887 8887 8887 8887 8887 8887 8887 8887 8887 8887 8887 8887 8887 8887 8887 8887
23008 2360 301 8887 8887 8887 8887 8887 8887 8887 8887 8887 8887 8887 8887 8887 8887 8887 8887 8887 8887 8887 8887 8887 8887 8887 8887
23009 571 5643 10625 2536 8887 8887 8887 8887 8887 8887 8887 8887 8887 8887 8887 8887 8887 8887 8887 8887 8887 8887
23010 1926 8887 8887 8887 8887 8887 8887 8887 8887 8887 8887 8887 8887
23011 297 8887 8887 8887 8887 8887 8887 8887 8887 8887 8887 8887 8887 8887 8887 8887
23012 1948 5753 8887 8887 8887 8887 8887 8887 8887 8887
23013 7008 6463 3023 3023 6464 3548 9744 1560
23014 8887 8887 8887 8887 8887 8887 8887 8887 8887 8887 8887 8887 8887 8887 8887 8887 8887 8887
23015 8940 8887 8887 8887 8887 8887 8887 8887 8887 8887 8887 8887 8887 8887 8887 8887 8887 8887 8887 8887 8887
23016 95 8887 8887 8887 8887 8887 8887 8887 8887 8887 8887
23017 757 8887 8887 8887 8887 8887 8887 8887 8887 8887 8887
23018 1156 8887 8887 8887 8887 8887 8887 8887 8887 8887 8887 8887 8887 8887 8887 8887 8887 8887 8887 8887 8887 8887 8887 8887 8887
23019 9224 898 1059 7703 8887 8887 8887 8887 8887 8887 8887 2376 1073 5401 4814
23020 7060 10406 8887 8887 8887 8887 8887 8887 8887 8887 8887 8887 8887 8887 8887 8887 8887 8887 8887 8887 8887 8887 8887 8887 8887 8887 8887 8887 8887 8887 8887 8887 8887 8887 8887 8887 8887 8887 8887 8887 8887 8887 8887 8887 8887 8887 8887 8887
23021 271 7841 8887 8887 8887 8887 8887 8887 8887 8887 8887 8887 8887 8887 8887 8887 8887 8887 8887 8887 8887 8887
23022 287 8887 8887 8887 8887 8887 8887 8887 8887 8887 8887 8887 8887 8887 8887 8887 8887 8887 8887 8887 8887 8887 8887
23023 3665 934 5690 8887 8887 8887 8887 8887
23024 8887 8887 8887 8887 8887 8887 8887 8887 8887 8887 8887 8887 8887 8887 8887 8887 8887 8887 8887 8887 8887 8887 8887 8887 8887
23025 8887 8887 8887 8887 8887 8887 8887 8887 8887 8887
23026 2234 8887 8887 8887 8887 8887 8887 8887 8887 8887 8887 8887 8887 8887 8887 8887 8887
23027 1007 2778 989 11340 11181 5070 8887 8887
23028 4131 8887 8887 8887 8887 8887 8887 8887 8887 8887 8887 8887 8887 8887 8887 8887 8887 8887 8887 8887 8887
23029 1399 296 8887 8887 8887 8887 8887 8887 8887 8887 8887 8887 8887 8887 8887 8887 8887 8887 8887 8887 8887 8887 8887 8887 8887
23030 7820 4602 8887 8887 8887 8887 8887 8887 8887 8887 8887 8887 4381
23031 3176 8887 8887 8887 8887 8887 8887 8887 8887 8887 8887 8887 8887 8887 8887 8887
23032 5481 8887 8887 8887 8887 8887 8887 8887
23033 3643 8887 8887 8887 8887 8887 8887
