22364 6643 278 8887 8887 8887 8887 8887 8887 8887 8887 8887 8887 8887
22365 7939 11751 8199 2708 10277 2188 11483
22366 1477 95 1166 8887 8887 8887 8887 8887 8887
22367 544 489 5356 4042 46 9106 5045
22368 3364 8887 8887 8887 8887 8887 8887 8887 8887 8887 8887 8887
22369 8767 8887 8887 8887 8887 8887 8887 8887 8887 8887 8887 8887 8887 8887
22370 10688 3903 8887 8887 8887 8887 8887 8887 8887 8887 8887
22371 8846 6465 9806 8887 8887 8887 8887 8887 4120 136
22372
22373 6377 9499 8887 8887 8887 8887
22374 9882 8035 387 4763 1185 8887 3139
22375 801 2267 8932 9013 416 122
22376 10109 8887 8887 8887 8887 8887 8887 8887 8887
22377 7759 2906 8887 8887 8887 8887 8887
22378 1153 693 2932 1044 5581 5189 3272 4784 3482 2693
22379 4008 7849 4604 8887 8887 8887 8887 8887
22380 10601 7122 7806 10855 659 4898
22381 1903 10854 2537 1978 883 8887 8887 8887
22382 6638 20 8887 8887 8887 8887 8887 8887 8887 8887
22383 7680 1917 1906 3792 1093
22384 484 992 5604 1595 2360
22385 1159 5374 8887 1455 8887 8887 10312 11997 8887 8887 8887 8887 8887 8887
22386 2769 4909 444 2452 4601 5081
22387 7432 10861 6261 343
22388 1589 2726 8887 8887 8887 8887 8887 8887 8887 8887 8887
22389 7765 4729 2404 10017 11001 5995
22390 693 695 696 8887 8887 8887 8887 8887
22391 11701 12039 12077 5843 8887 8887 8887
22392 942 8887 8887 8887 8887 8887 8887 8887 8887 8887 5527
22393 4354 1387 775 4546 6276
22394 3656 301 7921
22395 9952 5987 7092 202 3091 2602
22396 8887 8887 8887 8887 8887 8887 8887 8887 8887 8887 8887
22397 8887 8887 8887 8887 8887 8887 8887 8887 8887 8887 7746
22398 845 3234 10741 11572 8887 8887
22399 10919 7060 3191 9362 10294 4354 4056
22400 6548 5687 8887 8887 8887 8887 8887 8887 8887 8887 8887 8887
22401 6281 2349 911 8887 8887 8887 8887 8887 8887
22402 301 295 5237 11967 10130 1535
22403 1199 8550 4544 8887 8887 8887 8887 8887 8887
22404 3048 5149 5546 1618 1353
22405 1918 5471 7542 195
22406 7175 2374 4022 6943 8887 8887 8887 8887 8887 8887 8887 8887 8887
22407 3756 3293 11478 13
22408 1935 8887 8887 8887 8887 8887 8887 8887 8887 8887 8887 8887 8887
22409 9410 9556 11572 11573 11574 11021 8887 8887
22410 5525 296 10037 1707 8887 8887 8887
22411 3966 1035 6280 2932 879 814 3507 961
22412 6576 8887 8887 8887 8887 8887 8887 8887 8887 8887 8887 8887 8887 8887 8887 8887 301 3290
22413 3708 6629 2834 9003 9973 8887 8887 8887 8887
22414 4416 3638 1057 3277 705 761 3515 3516 5378 8278 3873 3206 9416 396 1983 3695
22415 1787 1519 6968 12098 8887
22416 5265 8555 8887 8887 9074 3061
22417 805 295 3023 444 1004
22418 4731 3024 11730 6805
22419 6320 782 11757 10631 2994
22420 6052 5278 11568 7842 6099 6558
22421 10520 7065 8182 1242 7060 11199 9170 9345 9869 1084 9855
22422 6763 3112 983 8887 8887 8887 8887 8887 8887 8887 8887 8887 8887 8887
22423 4982 2599 10118 8887 8887 8887
22424 1034 8887 8887 8887 8887 8887 8887 8887 8887 8887
22425 5815 5524 8887 8887 8887 8887 8887
22426 2165 10245 8887 8887 8887 8887 8887 8887 8887
22427 1220 1221 3310 1674 3204 3571
22428 2168 2349 1265 2361 763 815 771
22429 9003 865 8887 8887 8887 8887 8887 8887 8887 8887 8887 8887 8887
22430 2165 8887 8887 8887 8887 8887 8887 8887 8887 8887 8887 8887
22431 7841 5352 6270 8887 8887 8887 8887
22432 6860 7211 1121 3402 8734 3580
22433 2889 1265 2890 704 8887 8887 8887 8887 8887 8887 8887 1836 8887 8887 771 4814
22434 1138 11076 7758 1156 878 1176 3753 1264 5361 1812 1812 2896 819 3429
22435 3656 670 6626 5706 8887 8887
22436 11272 2056 8887 8887 8887 8887 2051
22437 11570 3001 984 1046 1129 6177
22438 791 7276 8887 8887 8887 8887 8887 8887 8887 8887 8887 8887 8887
22439 2834 1080 11467 1117 11663 1882
22440 301 3293 8076 8887 8887 8887 8887
22441 345 368 8887 8887 8887 8887 8887 8887 8887 1211
22442 8887 8887 8887 8887 8887 8887 8887 8887 8887 8887
22443 1263 8887 8887 8887 8887 8887 8887 8887 8887 8887 8887 8887 8887 1266
22444 5265 3688 1411 705 924 8887 8887
22445 1896 3021 6463 3693 3023 5595 6465 6464 5595 8459 9744 2690 3693
22446 102 8887 8887 8887 8887 8887 8887 8887 8887 8887 8887
22447 6827 687 5823 3402 7891 1416
22448 105 1108 862 9856 7754
22449 370 368 1775 1061 1176 1068 2088
22450 879 8887 8887 8887 8887 8887 8887 8887 8887 8887 8887 8887 8887 8887 8887 8887 8887 8887 8887
22451 532 7997 8887 8887 8887 8887 8887 8887 8887 8887 8887 4946
22452 10935 9661 2049 8887 8887 8887 8887 6635
22453 11954 1896 7675 8887 8887 8887
22454 775 10881 9026 2345 10414 8263 716
22455 4863 3515 703 8887 8887 8887 8887 3645 3515 3516 924 3452 3806 3647 1809 937
22456 9592 608 1590 64 987 5616
22457 7819 3443 20 8887 8887 8887 8887 8887
22458 8561 3213 271 343 1933 11614 2704
22459 8887 8887 8887 8887 8887 8887 8887 8887 8887 8887 8887 8887 8887 8887
22460 301 5843 8620 8887 8887 8887 8887 8887
22461 7226 10294 10338 11859 9307 3690 884 8887
22462 10019 4579 8887 8887 8887 8887 8887 8887 8887 8887 8887 8887 8887
22463 3740 4634 13 302 8887 8887 8887
22464 9812 657 7255 1066 4806
22465 3170 452 8887 8887 8887 8887 8887 8887 8887
22466 4811 1053 8887 8887 8887 8887 8887 8887 8887
22467 452 2686 6557 6379 10084
22468 6409 8887 8887 8887 8887 8887 8887 8887
22469 3656 863 8887 8887 8887 8887
22470 410 6465 6463 9341 3023 3548 3549 6463 10747 3023 5595 6643 9644 7536 2841 7508 3548
22471 8887 8887 8887 8887 8887 8887 8887 8887 8887 8887 8887 8887 8887 8887
22472 6734 10112 2301 9295 5545 2013 1670
22473 2728 4571 6369 5687 7100
22474 2883 6465 8846 12061 8887 8887 822
22475 3688 2890 8887 8887 8887 8887 8887 8887 8887 8887 863 8887
22476 10646 11928 7562 8887 8887 8887 956 416
22477 7587 8887 8887 8887 8887 8887 8887 8887 8887 8887 8887 8887 8887 8887 8887 8887 8887 8887 8887
22478 301 8887 8887 8887 8887 8887 8887 8887 8887 8887 8887 8887 8887
22479 9789 8887 8887 8887 8887 8887 8887 8887 8887 8887 8887 8887 8887 8887 8887 8887 8887
22480 7581 7835 5189 812 7668 1412 668 5360 5314 1979 1265 1234 5409 3291 913 916 1055 917 915 917 923 1174 916 1172 390 2536 11812 11810 11800 6684 938 3007 6689 11768 11811 912 378 374 1054 2889 12098 4939
22481 8887 8887 8887 8887 8887 8887 8887 8887 8887 8887 8887
22482 1449 10205 8614 3637 4037 10539
22483 6559 24 13 8887 1995 2294
22484 2010 8887 8887 8887 8887 8887 8887 8887 8887 8887
22485 2184 1542 1264 2553
22486 2218 1441 14 1201 447 494 2327
22487 1244 1116 3823 10526 1126 636
22488 8887 8887 8887 8887 8887 8887 8887 8887 8887 8887
22489 10739 8887 8887 8887 8887 8887 8887 8887 8887 8887 8887 8887 8887 8887
22490 8873 8887 8887 8887 8887 8887 8887 8887 8887 8887
22491 11461 1089 5927 4016 790
22492 511 888 8887 8887 8887 8887 8887 8887 8887 8887 8887 8887 296
22493 10316 5058 8626 1098 9954 1767
22494 8728 5765 4620 8887 9785
22495 1721 796 8887 8887 8887 8887 8887 8887 8887 8887 8887
22496 853 271 11659 8887 8887 8887 8887
22497 695 1159 1767 8887 8887 8887 8887 8887 8887 8887 8887 8887 8887 8887 8887 8887 8887 8887 8887
22498 9647 9161 4292 2398 296 554
22499 3344 879 3158 8887 8887 8887 8887 8887 8887 8887 8887 8887 8887 8887 1807
22500 473 1914 4562 1825 6673 8887 3793
22501 5843 6649 11550 6635 8887 8887 8887 8887 8887
22502 364 2156 8887 8887 8887 8887 8887 8887 8887 8887 8887 8887 8887 8887 8887 8887 8887 8887 8887 8887
22503 9935 4217 4546 1547 10966 3875 4035 1054
22504 8846 6465 6463 6466 12061 3548 1422 10607
22505 5189 4498 3823 8887 8887 302 8887 8887
22506 293 8887 8887 8887 8887 8887 8887 8887 8887 8887 8887 8887 8887 8887
22507 8887 8887 8887 8887 8887 8887 8887 8887 8887 8887 8887 8887 8887
22508 6638 8887 6369 8887 8887 8887 8887 8887 8887 8887 8887 8887 8887 8887 8887
22509 1148 2012 105 523 11395 5445
22510 10850 3414 8887 8887 8887 8887
22511 3415 6620 3140 2417 2482 1878
22512 1156 366 6030 3046 75 8887 8887 8887 8887 8887 8887 8887 8887 8887 8887 8887 8887
22513 3293 8887 8887 8887 8887 8887 8887 8887 8887 8887 8887
22514 10287 2808 649 5173 8887
22515 3439 790 7060 11588 7564 8887
22516 1274 11348 8887 8887 8887 8887 8887
22517 8887 8887 8887 8887 8887 8887 8887 8887 8887 8887 8887 8887
22518 699 7287 8887 8887 8887 8887 8887 8887 8887 9603 725
22519 42 8887 195 3344 6088 3206
22520 1041 9115 5651 2385 1656 10756 12098 1085 1756 4331 7404 10383
22521 1725 8587 216 2824 9413 11690 10990
22522 5565 2567 6950 11274 1880 5956
22523 830 11445 4178 5068 8512
22524 3229 4178 2844 10353 890 6381
22525 7188 4289 536 2467 10803 10334
22526 37 1034 4364 6817 11880 8887 8887 8887
22527 1487 5917 636 327 2025 2644
22528 693 2335 1524 1882 560
22529 343 5283 8887 8887 8887 8887 8887 8887 8887 8887 8887
22530 8977 8887 8887 8887 8887 8887 8887 8887 8887 8887 8887
22531 370 3688 882 5267 8887 3795 2895 940 711 3649
22532 4741 2666 3288 6237 39 48
22533 9979 975 5383 8641 4466
22534 8887 8887 8887 8887 8887 8887 8887 8887 8887 8887
22535 7175 1448 813 2950 5723 2072 4132
22536 171 886 11596 6147 5352 9228
22537 6692 4573 3539 1079 3023 3539 10487 5409 5387
22538 6658 707 931 1313 415 8273
22539 2464 2242 8887 8887 8887 8887 8887 8887 8887 8887 8887 8887
22540 3286 4274 39 11219 8887 8887 8887 8887 8887
22541 6549 8887 8887 8887 8887 8887 8887 8887 8887 8887 8887 8887 3487
22542 6447 6465 1078 6436 5595 8887 8887 8887 8887 8887 8887 8887 8887 8887 8887 8887
22543 8901 9 8887 8887 8887 8887 8887 1849
22544 10601 7806 2049 3415 4606
22545 8887 8887 8887 9450 13 39 7780 8667
22546 1345 9791 2241 148 7189 7251 7121 5402 301 865 6556 3097
22547 6928 4089 8046 1702 3591
22548 687 8887 8887 8887 8887 8887 8887 8887
22549 6706 8887 8887 8887 8887 8887 8887 8887 8887 8887
22550 7843 8887 8887 8887 8887 8887 8887 8887 8887 8887 8887 8887 8887 8752
22551 278 8887 8887 8887 8887 8887 8887 8887 8887 8887 8887 8887 8887 8887 8887 8887 707
22552 3656 670 296 1706 8887 8887 8887 8887
22553 301 287 8887 8887 8887 8887 8887 8887 8887 8887 8887 8887
22554 6632 278 8887 8887 8887 8887 8887 8887 8887 8887 8887 8887 8887 8887
22555 8887 8887 8887 8887 8887 8887 8887 8887 8887 8887 8887 295 3414
22556 6 8887 8887 7009 8887 8887 8887 8887 8887 8887 8887 8887 8887
22557 343 591 1998 327 1935
22558 11189 7172 2814 8586 10853 9866
22559 11742 13 11746 11574 8887 8887 8457
22560 692 1154 1755 1161 1842 8887 8887 8887 8887 8887 401
22561 7060 3014 3285 1537 2018 8027 1361 977 1791
22562 6463 6465 3021 6463 5409 3037 3028 5387 11861 11478 3038 1775 646 10532 11785
22563 2834 6589 8887 8887 8887 8887 8887 8887 8887 8887 8887
22564 2349 5274 1977 8887 8887 8887 8887 8887 3424 1175 383 882 938 4801 3470
22565 10163 8887 8887 8887 8887 8887 8887
22566 6463 7008 5409 3021 1078 3550 10607
22567 4902 9058 1219 8887 8887 801
22568 8157 1098 8887 8887 8887 8887 8887 8887 8887 8887 8887
22569 3720 5216 3367 2127 1356 9988
22570 4982 477 3266 4247 8887 8887 8887 8887 8887 8887 8887
22571 6172 3867 3967 8887 8887 8887 8887 8887 8887 8887 5149
22572 7587 8887 8887 5883 11574 8887 8887
22573 1564 4805 8149 10731 6224 2114
22574 3967 8887 8887 8887 8887 8887 8887 8887 8887 8887 8887 8887 8887 8887 8887 8887 8887 8887 8887 8887 8887 8887
22575 6463 3023 6466 3548 9744 3025 9744 10607
22576 6902 4658 10100 8988
22577 621 8631 4150 9970 8474 4382 5612
22578 5205 2750 4562 3761 5800
22579 2889 1265 1176 2361 704 1313 5378 3690 2265 3088 401 8887 8887 8886 2897 2898 400 1074 954 3280 3063
22580 10408 4486 3700 4650
22581 2000 8887 8177 8887 8887 8887 8887 8887 8887 8887
22582 5290 6914 8750 8887 8887 8887 8887 8887 8887 1181
22583 5265 3638 1172 8887 8887 8887
22584 4472 8726 1201 9669 8887 8887 8887 8887 8887 8887 8887
22585 7401 2920 3823 8887 8887 8887
22586 37 2056 8887 8887 8887 11200
