22364 7157 44 1521 2061 5765 309
22365 7349 157 7402 3364 4911 24
22366 7401 2728 7298 3061 400 401 2578 6352
22367 1042 5542 65 1116 5997 1090
22368 1517 8887 2128 1683 7210 778
22369 3587 422 3160 8861 9159 8887 5385
22370 6363 11076 7647 2650 718
22371 10638 278 10018 3024 7746 1585
22372 301 2010 11967 3024 5765 293
22373 1706 8887 9895 9092 6685 3809 3548
22374 2454 5843 309 8642 9117 8887
22375 992 11076 1430 7015 1943 5255
22376 10585 6069 8887 8887 8887 8887
22377 5919 2009 4965 1211 7095
22378 3804 8887 5596 11746 11158 8887
22379 8239 6066 4364 6859 7548 9628 2888 1311
22380 2080 7843 861 9620 4258
22381 5693 1520 377 8887 8887
22382 5393 8887 8887 8887 8887 6948 8887
22383 6119 3661 366 2468 2720 11610 4602 11327
22384 1319 3974 3947 1195 11120 2184
22385 834 39 1143 5777 5860 2452 3164 5658 3109 2981 112 598
22386 11842 5570 384 3277 8919
22387 7737 5335 7925 7091 1725
22388 5807 296 813 8887 8887
22389 670 301 2844 302 39
22390 3017 8887 9654 4345 5723 854 9152
22391 4529 12080 1702 3073 6674
22392 6563 7750 1674 7704 4054 2717 4554
22393 879 1222 8887 8887 8887 8887 295 8887 8887 8887
22394 812 1172 705 924 324 1839 4768 4180 7957 955 5574 1152
22395 4902 11688 1996 10961 6925
22396 859 10902 3021 1416 1416 3023 3539 9744 3550 3025
22397 6638 1098 3860 8887 8887 8887 8887 8887
22398 11937 11550 9856 11001 7591
22399 5550 2728 6871 5614 39 6792 2156
22400 746 11401 2678 8887 8887 3782 685 6328
22401 2932 9962 7522 7733 648 1274 3648 1179 3695
22402 10050 11282 5029 11667 11661 4202
22403 7974 3967 8887 8887 8887 1057 5378 1265
22404 1336 775 95 2304 8887 2080 2149
22405 7060 8361 3293 5453 10012
22406 7851 5166 8887 11418 2960 1593
22407 3333 8887 2467 8625 7767 6641
22408 5755 287 3414 3024 11784 6414
22409 3870 812 814 1962 1053 759 379 6068 9739 2361 711
22410 3656 2184 10324 8887 5197
22411 10412 8186 8041 279 8887 8096 3235 6555 6501 8728 744
22412 9197 8481 8459 5644 316 8876 1872
22413 796 5643 105 2371 5278 6189
22414 1476 10898 2462 279 7746 11130
22415 6701 1647 3097 5899 2819
22416 6281 248 2051 8887 8887 8887 8887 10654
22417 105 7060 54 5217 3118 112
22418 7435 7359 90 448 4285 940
22419 6000 8990 2664 7885 10497 935 935
22420 471 2651 11961 7591 1881 707 415
22421 7428 4625 78 6500 2102 1779
22422 6463 1079 2387 262 3029
22423 13 9690 296 8887 8887
22424 11458 3967 5265 8885 4801 5384 8071 3429
22425 3688 911 706 4801 1836 395
22426 550 4313 9 8887 11573 3424 8887
22427 9550 8686 10033 10340 9737 1511 4985 10188 2149
22428 8887 8593 11550 2010 8887 8887 8887 279
22429 1097 2316 4134 7631 3402 3257
22430 11863 8041 7660 2360 3983 387
22431 879 3685 956 1265 2890 548
22432 295 10341 7060 293 3382
22433 1183 2726 170 1263 5258 8209 3565 2077
22434 1962 879 8084 956 3277 919 381 4175 3873 3278
22435 9702 1186 5693 10503 9248
22436 232 2125 1693 2127
22437 1208 10550 5012 4117 24 1356
22438 3761 6714 9552 3833 3514
22439 4411 8546 8714 2439 8362 1419 6079
22440 3967 1058 3277 914 382 383 388 3628 915 3277 1060 956 1977 380 4528
22441 879 704 7703 8887 5843 8071
22442 3060 369 1164 1411 759 1780 380 1071
22443 3656 2678 8887 8887 2502 10161
22444 653 12054 11812 3949 7400 6352
22445 477 8946 6955 1345 8623 8093
22446 10260 12062 9019 1913 3020 103 9671 6410
22447 365 6091 1470 9054 8887 5608
22448 2856 168 6513 1935 6330 9248
22449 2745 11821 8887 295 8887 444
22450 3682 2345 898 385 1066 8887
22451 105 13 6904 11739 10384
22452 1725 11550 5358 4606 7847 8887
22453 3591 1497 8828 8887 8887
22454 105 1872 4258 7172 254 8887
22455 5418 5841 2726 309 302
22456 8199 2768 9517 179 2301
22457 1400 805 735 5728 775 10576 975
22458 8887 3412 2837 6551 10019 5841 2714 7979 7883 8785 5641 5485 11925
22459 8080 2107 9128 4957 2654 1112 9991
22460 670 301 296 302 5843 5536
22461 5865 2355 11870 11700 8887 6348
22462 3656 863 10027 6634 10335 11326
22463 271 1537 8173 2080 1245
22464 4629 3688 1224 8887 8887 8887 8887
22465 2834 10444 10097 9026 701 7614 8887
22466 9187 8555 3275 1060 380 4528
22467 5991 98 24 11712 5843 309 6414
22468 2131 2467 10115 5278 11595 4607 8887
22469 5282 279 8887 8887 8887 8887
22470 4857 5909 10671 7310 10397 8544
22471 295 296 5843 11700 1707 3024 6642 5765
22472 4749 7806 659 10855 12002
22473 1466 845 8173 4269 4794 381 382 1265
22474 11353 10675 9563 2812 8399 10104 9508
22475 410 12029 7837 5893 88 1010 2211 7544
22476 2846 9620 3288 3184 8887 1173
22477 4354 3344 699 3505 3506 8887
22478 5518 13 10999 8887 8887 6638
22479 2238 6940 670 11739 293 6461 140
22480 1936 1935 8887 8887 8887 9169 8887
22481 4887 6408 311 11423 11713 6653 289
22482 4323 11679 673 6635 6414 11417 2083
22483 2238 3490 8288 652 12094
22484 6829 11059 339 3433 1978 2592
22485 5550 128 4053 9956 1792 3730
22486 2242 8887 8887 8887 8887 8887 1498
22487 775 4249 2316 2304 170 1722 296
22488 613 11966 8887 8887 8887 8887 103 8887 8887
22489 5170 7877 846 41 2635 453
22490 690 8887 8887 8887 301 8887
22491 10923 12097 11691 764 1313
22492 7695 8778 447 1354 11941 8698
22493 2645 10254 278 8887 8887 8887
22494 278 8887 1211 9345 3859
22495 3800 3055 429 3925 3356
22496 9690 673 10966 39 10282 489
22497 3187 3145 5478 1610 1483 6461
22498 3481 7974 4811 3394 3871 1265 1781 389
22499 3967 699 3505 6216 761 385
22500 9898 2256 930 357 1935 7714 2627
22501 4878 3409 9950 11882 8734 8734 11021 2582
22502 810 905 1978 1264 818 5573
22503 1154 721 10410 278 27 11507 1882
22504 1319 610 1455 11197 5534 4244 488
22505 1529 6072 2432 4292 1473 1771
22506 2010 9003 3024 103 302 865 6633
22507 3383 5278 8626 8370 9247 8887 862
22508 9542 7660 3748 3668 4046
22509 3217 4091 2650 558 10516
22510 70 7242 9898 3927 4781 9960
22511 830 1112 2320 1872 4634 39 4205 1526 3444
22512 11615 271 3823 269 4368 39
22513 693 1129 58 1292 3291 7677
22514 5727 5539 9650 759 385 1780 924 1059 3628 924 1177 385 7703 1232 3278 931 1808 1071 1808 3648 768 9436 1842 1982 3650
22515 10246 1514 296 8887 8887 8887 8887
22516 301 302 296 1707 8887
22517 11173 1080 5278 2467 477 309 10303
22518 4956 10154 3454 4041 7436 2471 10378 2080 2242 2537
22519 8297 7714 9350 1535 1521 8406 8881
22520 11879 621 9990 11296 11700
22521 279 302 11574 8887 8887 6465 8846 5409 2883 6465 3023 1078 11754 5409 2690 3037 3549
22522 775 494 6025 661 1925 7054 10514 455
22523 3187 7609 6390 10654 1078 8887
22524 559 11630 6067 7491 801 3991
22525 6465 10747 6463 5409 7008 5409 8846 3548
22526 3667 9740 1096 7568 11769 12095 11769 12095 6828 12095 11873 11875 3520 2706 6814 12081 491 2718 5847
22527 5402 6629 3656 670 863 8887
22528 12037 13 6635 5765 10726 11778 11505
22529 2162 3274 7307 1441
22530 4114 9596 6475 3724 1874 8920 4368
22531 8887 8887 10236 2088 1482 5077 9663
22532 2765 491 11102 10343 11571 984 7151 1023
22533 752 8077 913 2357 703 3507 925 382
22534 5713 8887 8887 8887
22535 752 5265 3274 8887 908 375 378 1058 2899
22536 4703 269 5581 2648 5304
22537 4818 3555 2536 3554 3061 3872 3061 1072
22538 3445 8041 1175 2144 1314
22539 7684 1486 6091 195 263
22540 3213 489 39 138 4080 8388 7985
22541 4162 5067 2010 672 494 278 9950
22542 1120 2125 4109 1813
22543 9088 2881 4773 336 1906 11014
22544 8887 8887 6463 3023 7342 1034 9716
22545 6655 301 287 279 8887 8887
22546 2369 5494 2335 8887 8887 1169 377
22547 1282 8734 837 493 370 1224 1165 812 1775 1881 704 919
22548 9668 11471 11316 2956 171
22549 3078 3122 2785 2931 5118 1013 634
22550 2683 2341 2310 4407 6330 1872
22551 6713 648 2080 3508 382 2890 4166
22552 155 8645 6536 5278 3379
22553 4923 6101 9871 3388 3388 6410 2906 1299 2468
22554 3608 3058 1468 1448 3773 5901 10937 10337 8380 9485 2426
22555 2166 12096 478 1051 7551 10204 11152
22556 287 296 12022 298 8887
22557 8887 8887 8887 2829 8887 8887 9659 1178 3695
22558 1856 10351 2678 2678 301 6687 113
22559 2552 2022 7831 8887 8887 8887
22560 2515 14 5048 1142 107 3825 8268
22561 6730 7607 8887 9652 5419 4094
22562 9780 957 8887 8887 7206 8887 8887 8887
22563 5528 7450 10317 3295 10016 6504 3411
22564 8887 8846 10747 3023 3693 6464 3549
22565 1126 8096 4603 8887 2010
22566 7540 8887 8887 1623 7780 2242 8658
22567 6794 5394 757 3505 363 4814
22568 3962 8887 8887 6258 8649 7060 5357
22569 620 1537 51 258 1874 4063
22570 2147 11973 4166 8363 5316 11570
22571 5813 5823 9609 95 8951
22572 279 8887 8887 8887 1524 1853 8887 6843
22573 7026 5582 3846 11162 79
22574 4163 2875 1412 759 703 898 6068 1269 3428 940
22575 7330 1272 11805 11791 11857 1231 11719 11843 11800 10607 10781 707
22576 136 4788 1564 6448 550 6330 1591 9643
22577 4589 2010 7105 3700 4592 9736
22578 12062 9007 103 2907 6100 4159 3947 7032
22579 2563 6709 1475 1058 5860 4776 4529
22580 99 10784 10389 987 484 491 302
22581 1663 844 4604 1706 308
22582 7956 9941 3605 7305 10359 862 862
22583 11763 12 10217 5444 11241 7448 3540 2614 8758 2510 661 7005 6288 7568 1343 1011
22584 184 6687 6466 9744 3025 9744 10607
22585 834 136 11212 2837 6493 7060 7767 11886
22586 1334 301 302 8887 296 3859
