22364 7251 1457 7420 1688 9624
22365 2678 8887 8887 8887 8887 8887 8887 8887 8887 8887 8887 8887 8887 8887 8887 8887 8887 8887 8887 8887 8887 8887 8887 8887 8887 8887
22366 3211 8816 8887 8887 8887 8887 8887 8887 8887 8887 8887 8887 8887 8887 8887 8887 8887 8887 8887
22367 8627 3031 6464 7865 1948 10859
22368 3969 1917 8887 8887 8887 8887 8887 8887 8887 8887 8887 8887 8887 8887 8887 8887
22369 5683 7060 3199 95 8887 8887 8887 8887 8887 8887 8887 8887 8887
22370 5394 8887 8887 8887 8887 8887 8887 8887 8887 8887 8887 8887 8887 8887 8887 287 8887 8887 8887 8887 8887 8887 8887
22371 301 11478 8887 8887 8887 8887 8887 8887 8887 8887 8887 8887
22372 3101 8288 652 12076
22373 3293 8887 8887 8887 8887 8887 8887 8887 8887 8887
22374 4582 1358 6920 5531 7678 4002 5163 1234 4814
22375 733 5432 657 606 8887 8887 8887 8887 8887 8887
22376 9377 3199 12 855 8887 8887 8887 8887 8887 8887 8887 8887 8887 8887 8887 8887 8887 8887 8887
22377 6881 8086 5594 10019 8461 8887 8887 1849
22378 1043 105 1511 4064 11788 3941 6635 613 298
22379 4956 2687 7189 10910 8887 8887
22380 2345 5569 4333 8887 8887 8887 8887 8887 8887 8887 8887 8887 8887 8887 8887 8887 8887 8887 3628 8887 8887 8887 8887 8887
22381 8089 7979 293 8887 8887 8887 8887 8887 309
22382 5531 8370 6559 6336 8887 8887 8887 8887 8887 8887 8887 8887 8887 8887 8887 8887 8887
22383 812 8887 8887 8887 8887 8887 8887 8887 8887 8887 8887 8887 8887 8887
22384 8887 8887 8887 8887 8887 8887 8887 8887 8887 8887 8887 8887 8887
22385 1247 3086 11905 10956 7833 7598
22386 1089 6216 3130 3131 701 1225 1775 3516 703 1058 912 375 376 1054 372 3507 1173 1978 704 1178 7703 7708
22387 24 6409 5843 8887 8887 8887 8887
22388 5525 279 8887 8887 8887 8887 8887 8887 8887 8887 8887 8887
22389 8846 10747 5409 6687 9341 444 7027 1954
22390 754 8887 8887 8887 8887 8887 8887 8887 11716 8887 8887 8887
22391 5272 1701 1723 8887 8887 8887 8887 8887 8887
22392 293 8887 8887 8887 8887 8887 8887 8887 8887 8887 8887
22393 42 8887 8887 8887 8887 8887 8887 8887 8887
22394 9003 8887 8887 8887 8887 8887 8887 8887 8887 8887 8887 8887 8887 8887 8887 8887
22395 1654 5213 10259 3460 8887 8887
22396 452 8887 8887 8887 8887 8887 8887 8887 8887 8887 8887 8887 8887 8887 8887 8887 8887 8887 8887 8887 8887 8887
22397 3514 11691 7773 3020 2564 7241
22398 8887 8887 8887 8887 8887 8887 8887 8887 8887 8887 8887 8887 8887 8887 8887 8887 8887 8887 8887 8887 8887 8887
22399 8887 8887 8887 8887 8887 8887 8887 8887 8887 8887 8887 8887 8887 8887 8887 8887 302 8887 8887 8887 8887 8887 8887 8887 8887
22400 4284 375 2144 6360 3814
22401 670 9932 9933 9934 9931 12025 8887 8887 8887 8887 8887 8887 8887 8887 8887 8887 8887 8887
22402 8887 9932 11924 8887 8887 8887 8887 8887 8887 8887 8887
22403 598 267 10323 1246 9412 7754
22404 4156 2082 33 1506 7718 3402
22405 9807 2518 237 5904 4208
22406 2950 3292 5591 8887 8887 8887 8887 8887 8887 8887
22407 2118 8887 8887 8887 8887 8887 8887 8887 8887 8887 8887 8887 8887 8887 8887 8887 8887 8887 8887 8887 8887 8887 8887
22408 726 9425 8887 8887 8887 8887 8887 8887
22409 3060 8887 8887 8887 8887 8887 8887 8887 8887 8887 8887 8887 8887 8887 8887 8887 8887 8887 8887
22410 2070 3621 7774 1767 11610
22411 2010 8887 8887 8887 8887 8887 8887 8887 8887 8887 8887 8887 8887 8887 8887 8887 8887 8887 8887 8887 8887 8887 8887 8887
22412 8887 8887 8887 8887 8887 8887 8887 8887 8887 8887 8887 8887 8887 8887 8887 8887 8887 8887 8887 8887 8887 8887 8887 8887 8887 8887 8887 8887 8887 8887 8887 8887 8887 8887 8887 8887 8887 8887 7746 8887
22413 2810 261 8734 1547 8887 8887 8887 8887 8887
22414 2345 8887 8887 8887 8887 8887 8887 8887 8887 8887 8887 8887 8887 8887 8887
22415 139 11336 8808 11030 3685 8887 8887 8887 3134
22416 3402 8887 8887 8887 8887 8887 8887 8887 8887 8887 8887
22417 3656 8887 8887 8887 8887 8887 8887 8887 8887 8887 8887 8887 8887 8887 8887 8887 8887 8887 8887 8887 8887 8887 8887 8887 8887 8887 8887 8887 8887 8887
22418 1529 10211 2665 2630 2951 1455 8887 8887 8887
22419 879 3132 8887 8887 8887 8887 8887 8887 8887 8887 8887 8887 8887 8887 8887 8887 8887 8887 8887 8887 8887 8887
22420 4911 8887 8887 8887 8887 8887 8887 8887 8887 8887 8887 8887 8887 8887 8887 8887 8887 8887 8887
22421 9 3023 5595 6466 9744 3025
22422 301 295 8887 8887 8887 8887 8887 8887 8887 8887 8887 8887 8887 8887
22423 9313 11998 775 1880 7885 8185
22424 8102 9196 7147 1766 8705 7748 669
22425 8887 8887 8887 8887 8887 8887 8887 8887 8887 8887 8887 8887 8887 8887 8887 8887 8887 8887 8887 8887 8887
22426 4150 8887 8887 8887 8887 8887 8887 8887 8887 8887 8887 8887 8887 8887 102 8887 8887 8887 8887 8887 8887 8887 8887 8887 8887 8887 8887 8887 8887 8887 8887 8887 8887
22427 1917 718 8887 8887 8887 8887 8887 8887 11756
22428 3344 8887 8887 8887 8887 8887 8887 8887 8887 8887 3656 8887 8887
22429 5116 8106 11279 3730 1981
22430 5265 3274 376 8887 8887 8887 8887 8887 8887 8887 8887 8887 759 702 373 706 8887 8887 8887 8887 1211
22431 9920 8887 8887 4431 8887 8887 8887
22432 1748 5725 4982 1034 9596 8907 8887 8887 8887 8887
22433 278 8887 8887 8887 8887 8887 8887 8887 8887 8887
22434 11555 9068 1596 10405 4819
22435 2449 8352 8887 8887 8887 8887 8887 8887 8887 8887 8887 8887 8887 8887
22436 8887 8887 8887 8887 8887 8887 8887 8887 8887 8887 8887 8887 8887 8887 8887 8887 8887
22437 862 988 11967 8887 8887 8887 278 8887 8887 8887 8887 8887 8887 8887 8887 8887 8887 8887 8887 8887 8887 8887 8887
22438 1220 5755 4409 8887 8887 8887 1468 8887 8887 8887 8887 8887 8887 8887
22439 2464 672 8887 8887 8887 8887 8887 8887 8887 8887
22440 1922 8887 8887 8887 8887 8887 8887 8887 8887
22441 10288 5356 5356 6067 8887 8887 8887 8887 8887 8887 8887 8887 8887 8887 8887 8887 8887
22442 5475 8887 8887 8887 8887 8887 8887 8887 8887 8887 8887 8887 8887 8887
22443 8185 8186 5356 2836 1982 4057
22444 7757 8887 8887 8887 8887 8887 8887 8887
22445 3724 5287 90 3769 8887 11788
22446 11681 670 10027 11406 8887 8887 8887
22447 5755 2454 10833 11700 8887 8887 8887 8887 8887 8887 8887
22448 1552 4251 4166 8887 8887 8887 8887 2377 3690 1179 1842 5783 4801 8887 8887 8887 6031 822 1983
22449 5014 1741 8887 8887 8887 8887 8887 8887 8887 8887 8887 8887 8887 8887 8887 8887 8887 8887
22450 3682 3683 1751 2577 95 700 8887 8887 8887 8887 8887 8887 8887 8887 8887 8887 8887 8887 8887 8887 8887 8887 8887 8887 956 9419 8887 8887 8887
22451 6270 8094 4134 11274 3295
22452 5710 11129 8887 8887 8887 8887 8887
22453 8294 6655 2726 8670 8887 8887 8887 8887 8887 8887 8887 8887 8887 8887 8887 8887
22454 2726 698 8887 8887 8887 8887 8887 8887 8887 8887 8887 8887 8887 8887 8887 8887 8887 8887 8887 8887 8887 8887 8887 8887 8887 8887 8887 8887 8887 8887 8887 8887 8887 8887 8887 8887 8887 8887 8887 8887 8887 8887 8887 8887 8887 8887 8887 8887 8887 8887
22455 268 1232 4252 898 926
22456 4258 3467 8887 8887 8887 8887 8887 8887 8887 8887 8887
22457 1775 7977 8887 8887 8887 8887 8887 8887 8887 8887 8887 8887
22458 2538 250 5977 1980 8887 8887
22459 10747 8887 8887 8887 8887 8887 8887 3110 1332 3021 1079
22460 4809 11129 8887 8887 8887 8887 8887 8887 8887 8887 8887 8887 8887 8887 8887 8887 8887
22461 8887 8887 8887 8887 8887 8887 8887 8887 8887 8887 8887 8887 8887 8887
22462 4992 9385 8887 8887 8887 8887 8887 8887
22463 10311 8887 8887 8887 8887 8887 8887 8887 8887 8887 8887 8887 8887 8887 8887
22464 4182 701 812 8887 8887 8887 8887 8887 8887 8887 8887 8887 8887 8887 8887 8887 8887 8887 8887 8887 377 3132 378 6008
22465 8887 8887 8887 8887 8887 8887 8887 8887 8887 8887 8887 8887 8887
22466 5042 8887 8887 8887 8887 8887 8887 8887 8887 8887 8887 8887 8887 8887 8887
22467 444 6951 929 950 7058 8846
22468 590 3079 5460 201 7411 2650 1465 7075
22469 517 2686 571 7179 3983 1657
22470 8887 8887 8887 8887 8887 8887 8887 8887 8887 8887 8887 8887 8887 296
22471 4706 3409 8887 8887 8887 8887 8887 8887 8887 8887 8887 290
22472 3656 670 1363 2051
22473 3059 8887 8887 8887 8887 8887 8887 8887 8887 8887 8887 8887
22474 4577 1138 620 9824 3578 8887 8887 8887
22475 7919 8887 8887 8887 8887 8887 8887 8887 8887 8887 8887
22476 410 3971 8887 8887 8887 8887 8887 8887 8887 8887 8887 8887 8887 8887
22477 5402 5685 8887 8887 8887 8887 8887 8887 8887 8887 8887 8887 8887 8887 8887 8887 8887
22478 9742 1108 4544 8887 8887 8887 8887 8887 8887
22479 3595 287 8887 8887 8887 8887
22480 4294 5526 6887 257 3795 7987
22481 8236 4626 775 1882 5723 9250 1762 11868
22482 95 8887 8887 8887 8887 8887 8887 8887 8887 8887 8887 8887 8887
22483 2731 888 796 3916 4893 8887 1455 8887 8887
22484 4709 7071 8887 8887 8887 8887 8887 8887 8887 8887 8887 8887
22485 950 8887 8887 8887 8887 8887 8887 8887
22486 567 6310 8887 8887 8887 8887 8887 8887 8887 8887 8887 8887
22487 9391 7159 8186 7310 8182 5356 2836 9364
22488 5516 9295 8162 9829 532 11450 720
22489 7056 2733 3821 6755 3015
22490 11868 10747 3023 3693 8846 7008 6463 1079 1078
22491 9061 11080 9086 3522 1350 6347 7819 35
22492 8887 8887 8887 8887 8887 8887 8887 8887 8887 8887 8887
22493 7172 8887 8887 8887 8887 8887 8887 8887 8887 8887 8887 8887 8887 8887 8887 8887 8887 8887
22494 6483 8887 8887 8887 8887 8887 8887 8887 8887 8887 8887 8887 8887 8887 8887 8887 8887 8887 8887 8887 8887 8887 8887 8887 8887 8887 8887 8887 8887
22495 283 6638 8887 8887 8887 8887 8887 8887 8887 8887 8887 8887 8887 8887 8887 8887 8887 8887
22496 8887 8887 8887 8887 8887 8887 8887 8887 8887 8887 8887 8887 8887 8887 8887 8887 8887 8887 8887 8887 8887 8887 8887 8887 8887 8887 8887 8887 8887 8887 8887 8887
22497 5843 299 4289 5504 8887 8887 8887 8887 8887 8887 8887 8887 8887
22498 2051 8887 8887 8887 8887 8887 8887 8887 8887 8887 8887 8887 8887 8887 8887 8887 8887 8887 8887 8887
22499 6577 555 2329 11988 8710 3229 4328 7224 1350 670 9620 11550
22500 1648 8887 8887 8887 8887 8887 8887 8887 8887 8887 8443 8887
22501 9372 8887 8887 8887 8887 8887 8887 8887 8887 8887 8887 8887 8887 8887 8887 8887 8887 8887 8887 8887 8887 8887 8887 8887
22502 5195 4339 1056 2149 7055
22503 8887 8887 8887 8887 8887 8887 8887 8887 8887 8887 8887 8887 8887 8887 8887 8887 8887 8887 8887 8887 8887 8887 8887 8887 8887 8887 8887 8887 8887 8887
22504 8887 8887 8887 8887 8887 8887 8887 8887 8887 8887 8887 8887
22505 7974 8887 8887 8887 8887 8887 8887 6534
22506 1056 1499 8887 8887 8887 8887 8887 8887 8887 8887 8887
22507 3291 9863 8887 8887 8887 8887 8887 8887 8887
22508 301 302 8887 8887 8887 8887 8887 8887 8887 8887 8887 8887 8887 8887 8887 8887 8887
22509 744 3328 7634 8869
22510 7386 2495 845 6966 3278 2296 1135
22511 1951 564 8887 8887 8887 8887 8887 8887 8887 8887 8887 8887 8887 8887 8887 8887 8887
22512 3782 881 8887 8887 8887 8887 8887 8887
22513 8612 8046 2316 10580 1636 1049
22514 6254 53 8887 8887 8887 8887 8887
22515 1641 7541 7105 5471 2939 12067 10853
22516 2175 8887 8887 8887 8887 8887 8887 8887 8887 8887 8887 8887 8887 8887 8887 8887 8887 8887 8887 8887 8887 8887 8887 8887 8887 8887 8887 8887 8887 8887 8887 8887 8887 8887 8887 8887 8887 8887 8887 8887 8887
22517 24 2451 6942 8887 8887 8887 8887 8887 8887 1183
22518 4896 8887 8887 8887 8887 8887 8887 8887 8887 8887 8887 8887 8887 8887 8887 8887
22519 1674 11317 5538 758 3277 1265 1978 938 3650 3063
22520 339 693 11765 5168 1550 307 9663
22521 5765 8887 8887 8887 8887 8887 8887 8887 8887 8887 8887
22522 715 1978 8887 8887 8887 8887 8887 8887 8887 8887 8887 8887 8887 8887 8887 8887 8887 8887 8887 8887 8887 8887 8887
22523 287 8887 8887 8887 8887 8887 8887 8887 8887 8887 8887 8887 8887 8887 8887 8887
22524 307 30 9244 8887 8887 8887 8887 8887 8887 8887
22525 6047 1122 5188 2713 1185 8887 8887 8887
22526 1024 8887 8887 8887 8887 8887 8887 8887 8887 8887
22527 1688 8887 8887 8887 8887 8887 8887 8887 8887 8887 8887 8887
22528 8887 8887 8887 8887 8887 8887 8887 8887 8887 8887 8887 8887 8887 8887 8887
22529 3832 301 8887 8887 772 8887 8887 8887 8887 8887 8887
22530 6558 5860 8887 8887 8887 8887 8887 8887 8887
22531 301 8887 8887 8887 8887 8887 8887 8887 8887 8887 8887 8887 8887
22532 8247 8887 8887 8887 8887 8887 8887 8887 8887 8887 8887 8887 8887 8887 8887 8887 8887 8887 8887 8887 8887 8887 8887 8887 8887
22533 1093 685 2349 717 8887 8887 8887 8887 8887 8887 8887 8887 8887
22534 10626 8887 8887 8887 8887 8887 8887 8887 8887 8887 8887 8887 8887 8887 8887 8887 8887 8887 8887 8887
22535 8190 8887 8887 8887 8887 8887 8887 8887 8887 8887 8887 8887 8887 8887 8887 8887 8887 8887
22536 24 1350 3244 8887 8887 8887 8887 8887 8887 8887 8887 8887 8887 8887
22537 3685 8887 8887 8887 8887 8887 8887 8887 8887 8887 8887 8887 8887 8887 8887 8887 8887 8887 8887 8887 8887 8887 8887 8887 8887 8887 8887 8887 8887 8887 8887 8887 8887 8887 8887 8887 8887 8887 8887 8887 8887 8887 8887 8887 8887 8887 8887 8887
22538 10246 8887 8887 8887 8887 8887 8887 8887 8887 8887 8887 8887 8887 8887 8887 8887 8887 8887 8887 8887 8887 8887 8887 8887 8887 8887 8887 6465
22539 301 302 8887 8887 8887 8887 8887 8887 8887 8887 8887
22540 12037 8887 8887 8887 8887 8887 8887 8887 8887 8887 11700 8887 6420
22541 1540 12085 1441 776 908 8887 8887 8887 8887 8887 8887 8887 8887 8887 8887 8887 8887 8887 8887 8887 8887 8887 8887 8887 8887 8887 8887 8887 8887 8887 8887
22542 8887 8887 8887 8887 8887 8887 8887 8887 8887 8887 8887 8887 8887 8887 8887 8887 8887
22543 1354 1034 3823 7434 10855 13 8891
22544 3303 1279 121 1708 9051 8887
22545 859 8887 8887 8887 8887 8887 8887 8887 8887 8887 8887 8887 8887 8887 8887 8887
22546 3695 5552 8887 8887 8887 8887 8887 8887 8887 8887 8887 8887 8887 8887 8887 8887 8887 8887 8887 8887 8887 8887 8887 8887 8887 8887 8887 8887
22547 4896 8887 8887 8887 8887 8887 8887 8887 8887 8887 8887 8887 8887 8887
22548 3762 1079 1078 8887 8887 8887 8887 8887 8887 8887
22549 6636 8887 8887 8887 8887 8887 8887 8887 8887 8887 8887 8887 8887 8887
22550 6617 8410 6764 8887 8887 8887
22551 6942 8728 2883 1272 8887 8887 8887 8887 8887
22552 4634 8887 8887 8887 8887 8887 8887 8887 8887 8887
22553 7424 2960 8887 8887 8887 8887 8887
22554 293 8887 8887 8887 8887 8887 8887 8887 8887 8887 8887 8887 8887 8887 8887 8887 8887 8887 8887 8887 8887
22555 37 8887 8887 8887 8887 8887 8887 8887 8887 8887 8887 8887 8887 8887 8887 8887 8887
22556 10272 7275 8887 8887 8887 8887 8887 8887 8887 8887 8887 8887 8887 8887
22557 1667 8190 572 10844 8887 8887 8887 8887
22558 5109 8887 8887 8887 8887 8887 8887 8887 8887 8887 8887 8887 8887 8887
22559 4872 6597 10080 992 9810 112
22560 8586 655 10518 5694
22561 3017 10855 12076 8887 8887 8887 8887 8887 8887 3135
22562 5278 2994 8887 8887 8887 8887 8887 8887
22563 2485 690 9453 8887 8887 8887 8887 8887 8887 8887
22564 283 11349 5529 11900 11277 10311 6364 8887 8887 8887 8887 3645
22565 1772 12062 2308 8887 8887 8887 8887 8887 8887 8887 8887 8887 8887 8887 8887 8887 8887 8887 8887 8887 8887 8887 8887 8887 8887 8887 8887 8887 8887 8887 8887 8887
22566 9594 5592 2289 5376 7996 2306 3532
22567 2632 1604 2678 5192 1625
22568 951 8638 1231 3628 377 911 8887 8887 8887 8887 8895 10917
22569 8653 8887 8887 8887 8887 8887 8887 8887 8887 8887
22570 6267 5884 8887 8887 3134 8887 8887 8887 8887 10873 8887 8887 8887 8887
22571 5509 9622 8887 8887 8887 8887 8887 8887 8887 8887 8887 8887 8887 8887 8887 8887 8887 8887 8887 8887 8887
22572 6815 1524 26 2662 2720 6369 24
22573 11188 3409 6638 8887 8887 8887 8887 8887 611 8887 8887 8887 8887 8887 8887 8887 8887 8887
22574 8887 8887 8887 8887 8887 8887 8887 8887 8887 8887 8887 8887 8887 8887 8887 8887 8887 8887 8887 8887 8887 8887
22575 2716 1251 301 8887 8887 8887 8887 8887 8887
22576 5303 6323 10344 8887 8887 8887 8887
22577 8887 5552 8887 8887 8887 8887 8887 8887 8887 8887 8887 8887
22578 6631 1231 11875 8887 8887 8887 8887
22579 8887 8887 8887 8887 8887 8887 8887 8887 8887 8887 8887 8887 8887 8887
22580 8887 8887 8887 8887 8887 8887 8887 8887 8887 8887 8887 8887 8887 8887 8887 8887
22581 1604 10316 8887 8887 8887 8887 8887 8887 8887 8887 8887 8887 8887 8887 8887 8887
22582 2535 381 8073 95 8887 8887 8887 8887 8887 8887
22583 2349 5265 4811 5385 8887
22584 997 3291 8887 8887 8887 8887 8887 8887 8887 8887 8887 8887 8887 8887 8887 8887 8887 8887 8887
22585 5698 3749 8887 8887 8887 8887 8887 8887 8887 8887 8887 8887 8887
22586 8087 8777 8887 8887 8887 8887 8887 8887 8887 8887 8887 8887 8887 8887
