22364 9169 10902 8887 8887 8887 8887 8887 8887 8887 8887 8887 8887
22365 8887 8887 8887 8887 8887 8887 8887 8887 8887 8887
22366 2349 1708 8887 8887 8887 8887 8887 9230
22367 11041 6726 10316 5561 10849
22368 1116 278 1473 8887 8887 8887 8887
22369 4353 4354 10940 8887 8887 8887 8887 8887 8887 8887 8887
22370 7484 3278 768 10067 4199 1152
22371 532 6349 11497 6350 5380 9419 8750
22372 1718 5263 1537 1797 1121
22373 3761 8034 8938 1590 8887 8887
22374 733 744 789 1519 1046 1342 717
22375 3048 4623 2699 447 8721 2728 4316 1650
22376 5398 8288 9950 12073 276 1799
22377 7614 2010 8887 8887 8887 8887 1211 1935
22378 11129 8887 8887 8887 8887 8887 8887 8887 8887 8887 8887 8887 8887 8887 2049
22379 3471 3364 8887 8887 8887 8887 8887 8887 8887
22380 8177 8887 8887 8887 8887 8887 8887 8887
22381 1640 9299 1764 11197 1764 1526 44 1252 1169
22382 11975 9089 6030 4212 3076 3036 5783 2274
22383 4691 2821 4522 7201 1859 1369
22384 5715 8887 8887 2010 8887 8887 8887 8887 5843
22385 8179 9932 9933 9934 10907 10908
22386 1351 8443 8887 2359 5536 141
22387 2726 1708 8887 8887 8887 8887 8887 8887 8887
22388 10493 3619 5355 9295 7214 5091 3803 5407 6606 7127 3411
22389 6638 2010 8887 8887 8887 4635
22390 10747 6463 7008 1078 2690 5595 5595 6466 10607 3031 3548 1238 10607 11626
22391 10746 6817 10659 2706 494 99 1913 4898
22392 9321 812 8887 8887 8887 8887 8887 8887
22393 855 3286 8041 298
22394 5569 3275 763 3628 8887 8887
22395 4470 8887 8887 8887 8887 8887 8887 8887
22396 5012 8887 8887 8887 8887 8887 8887 8887 8887 8887
22397 988 7612 3619 1467 2826 4192 8306 2042 9790
22398 2889 6068 956 921 831 1841
22399 4289 5434 12042 11785 8887 8887 8887
22400 9178 4869 136 6436 253 2051
22401 1683 8887 8887 8887 8887 8887 8887 8887 8887
22402 9932 9933 1977 8887 8887 8887 8887 8887 287 8887 8887 8887 8887 8887 8887 8887
22403 2010 8887 8887 8887 8887 8887 8887 2573 10469
22404 4827 9458 4156 4392 725 720
22405 2239 1677 8252 11058 1034 2125
22406 4221 3747 2942 4618 3345
22407 574 95 8887 8887 8887 8887 8887 8887 8887
22408 2773 2066 769 995
22409 4258 296 8887 8887 8887 8887 8887 8887 8887
22410 2425 9863 744 8887 8887 8887 8887 8887 8887
22411 4023 11926 12003 10633 2151 2254 1350
22412 10653 8186 3286 5356 8181 5356 2836
22413 444 10254 11219 8887 8887 8887 8887 587
22414 2584 459 3180 7092 3891 5563
22415 7694 8887 8887 8887 8887 8887 8887 8887 8887 8887 8887
22416 6409 13 8887 3409 8887 8887 8887
22417 6727 5863 9636 37 1564
22418 1354 2125 2127 2938 10507 1521
22419 1552 5155 2623 5843 6488 1235
22420 6629 3656 670 11957 278 8887 8887 8887
22421 8887 8887 8887 8887 8887 8887 8887 8887 8887 8887 8887 8887
22422 452 8887 8887 8887 8887 8887 8887 8887 8887 8887 8887
22423 7843 8887 8887 8887 8887 8887 8887 8887 8887 8887 8887 8887 8887 8887 8887
22424 7147 3977 828 4378 1491 3947 2125
22425 670 7619 2051 2051 279 8887 293 1695
22426 2870 831 8887 8887 8887 8887 8887 8887 8887 8887 8887 8887 8887
22427 903 8887 8887 8887 8887 8887 8887 8887 8887 8887 8887 8887 8887 8887 8887 8887 8887
22428 8887 8887 8887 8887 8887 8887 8887 8887 8887 8887 8887 8887 8887 8887
22429 565 1752 1387 2573 100 8887
22430 24 44 279 8887 8887 8887 8887 8887 8887
22431 4970 8887 8887 8887 8887 8887 8887 8887 8887 8887 8887
22432 3350 8887 8887 8887 8887 8887 8887 8887 8887 8887
22433 5539 10765 6903 7119 2111 8887 8887 8887 8887 8887 8887
22434 8948 2985 7122 854 10145 1416
22435 699 6266 1057 2577 1164 1224 1163 8887 8887 8887 8887 1881 759
22436 7841 6649 7152 8887 8887 8887
22437 271 2108 2779 1138 5843
22438 1048 670 11102 250 790 102 8887 8887 8887 8887 8887 8887 8887 8887 8887 8887 8887 8887 8887 8887 8887
22439 5623 10382 4540 8887 8887 8887
22440 10089 9451 4874 9382 486 5472
22441 3823 11294 2685 8887 8887 8887
22442 1521 9702 287 3198 142 1719
22443 1025 1092 10453 9010 5003 1996
22444 5870 6948 8887 8887 8887 8887
22445 4316 6622 5687 4134 2713 6835 11415 491
22446 4850 1872 5839 2647 2728
22447 9437 1496 471 8279 1007
22448 2057 1268 301 278 8887 8887 8887 8887 8887 8887
22449 8644 863 8887 8887 8887 8887 8887 8887 8887 8887 8887 8887 8887
22450 775 7115 8887 8887 8887 8887 8887
22451 1468 8887 8887 8887 8887 8887
22452 2056 8887 8887 8887 8887 8887 8887 8887 8887
22453 8185 8873 3628 8887 8887 5385 5783
22454 4496 432 2361 763 400 401 819
22455 752 502 8887 8887 8887 8887
22456 5890 3267 1812 922 8887 8887 8887 759 385 7703
22457 851 834 6963 5333 8887 8887 8887 8887 8887 8887 8887
22458 5239 7639 5149 1811 1167 3852 5362 3134 8887
22459 8887 8887 8887 8887 8887 8887 8887 8887 8887 8887 8887 8887
22460 6477 5425 6272 5059 494 11419
22461 2046 5033 8183 5768 7842 279 8887 8887 8887 5730 3414
22462 8391 3049 6426 11388 7977 3591 9482 8887
22463 2339 1092 7054 1978 8887 345 7312
22464 4589 4870 1461 775 5975
22465 10784 3614 7668 8117 521 447 9506
22466 6638 8887 8887 8887 8887 8887 8887 8887 8887 8887
22467 47 5278 5278 8887 8887 8887 8887 8887 8887 8887
22468 8535 843 3896 2915 529
22469 695 1441 3967 8887 8887 8887 8887 1836 8887 8887
22470 3966 697 792 1498 1352 169 1224 1411 910 4176 2143 4416 929 1232 6068 1836
22471 10127 4657 3409 8887 7654 8887 8887 8887 8887
22472 2166 8667 10494 7703 8887 8887 8887 8887
22473 343 2686 105 2118 790 4289
22474 11426 2186 11656 39 11043 5232 11680 10073 6488 10575
22475 9216 6957 8043 6609 11294 1642 2056
22476 455 3274 758 761 4529 1238 1234 762
22477 10955 11378 8887 8887 8887 8887 8887 8887 8887
22478 6266 8887 8887 8887 8887 8887 8887 8887 8887 8887 8887
22479 8887 8887 8887 8887 8887 8887 8887 8887 8887 8887
22480 11489 8887 8887 8887 8887 8887 8887 8887 8887 10316
22481 1706 8887 8887 8887 8887 8887 5015 8887 8887 8887
22482 7566 8645 5367 10880 1058 8887 8887 8887 8887 8887 8887 8887 8887 8887 8887 8887
22483 9935 4981 11152 3529 6463 9341 9618 2920 1668 6223 8856
22484 6091 8887 8887 8887 8887 8887 8887 8887 10406 278 8887 8887 8887 8887
22485 10166 1449 6910 7149 2309 3612 1670
22486 4000 5414 1767 4588 103
22487 2237 5252 5231 343 11761
22488 3242 5081 8887 8854 11278 11144 12066
22489 5570 1061 922 8885 1073
22490 234 9332 10366 3469 4412
22491 6436 301 8887 8887 8887 8887 8887 8887 8887 8887 8887 8887 8887 8887
22492 2719 10848 11014 11742 11411 6635 6472
22493 715 698 8887 8887 8887 8887 8887 8887 8887 8887 8887
22494 1138 5929 8887 8887 8887 8887 8887
22495 287 8887 8887 8887 8887 8887 8887 8887 8887 8887 8887 8887 8887 8887
22496 8638 684 8887 8887 8887 8887 8887 8887 8887 8887
22497 1797 10768 3017 8887 8887 8887 8887 8887 8887 8887 8887 8887 8887 8887 8887 8887 8887 8887 8887
22498 12039 3293 8439 309 5716 10975 9545 6440 5722
22499 7760 8887 8887 8887 8887 8887 8887 8887 8887 8887 8887 8887
22500 301 7746 8887 8887 8887 8887 8887 8887 8887 8887 8887 8887 8887
22501 5596 13 11574 8887 8887 8887 8887
22502 8887 8887 8887 8887 8887 8887 8887 8887 8887 8887 8887 8887 8887 8887 8887 8887 8887 8887 8887 8887 8887 8887
22503 2186 8096 816 8288 8887 8887
22504 3939 8887 8887 8887 8887 8887 8887 8887 5843
22505 4741 9514 5972 307 10577 6328 11021
22506 8839 8911 11129 21 5531 11675 3020 103
22507 2774 8887 8887 8887 95 8887 8887 8887 8887 8887 8887 8887
22508 5715 8887 8887 8887 8887 8887 8887 8887 8887 8887 8887 8887 8887
22509 12048 8887 8887 8887 8887 8887 8887 8887 8887 3932
22510 1007 830 5002 766 5977
22511
22512 7796 301 278 8887 8887 8887 8887 8887
22513 9098 98 13 13 12047 3167 8887 8887
22514 171 5524 11389 10781 11800 2273 6276 9085
22515 278 8887 8887 8887 8887 8887 8887 8887 8887 8887 8887 8887
22516 11319 7434 4658 7830 6150 2083
22517 2760 6556 1060 919 5783 922 3277 2890 924 707 380 6465 4180
22518 840 2157 1798 4534 1542 5988
22519 859 6631 5860 8887 8887 8887 8887 8887 8887 8887 8887 8887 8887 302 8887
22520 8208 6465 9744 9744 3693 3548 3549 3693 3548 11754 6466 6464 2149 3548 9744 3025 9744 10607
22521 10287 9046 813 701 1780 1059 5313 5378 1265 11495 9261
22522 11365 8887 8887 8887 8887 8887 8887 8887 8887 8887 8887 95 8887 8887 8887 8887 5843
22523 7325 5569 5265 8887 8887 867
22524 8887 8887 8887 8887 8887 8887 8887 8887 8887 8887 8887 8887 8887
22525 2048 5213 452 1795 657
22526 5153 133 1766 11882 444 3762 2403 11100
22527 7026 2125 10797 4810 8887 8887
22528 13 1108 90 6843 6646 293
22529 2585 2080 1418 3956 4448
22530 8080 382 8555 1170 1059 3277 1060 3425
22531 2834 10015 10288 5356 8181 3395
22532 3608 9704 8887 8887 8887 8887 8887 8887
22533 2131 9962 7841 2971 3410 11055
22534 6463 10747 3021 10747 8887 822
22535 9750 536 8083 8887 8887 759 759 912 3505 1264 1982
22536 208 3000 687 5060 6067
22537 2695 3231 9709 1458 6915
22538 119 11501 8378 856 8887 8887 8887 8887 8887 8887 8887 8887 8887 8887 8887 8887 8887
22539 2979 366 3344 8887 8887 8887 8887 8887 8887 8887 8887 8887 8887 8887 8887 8887 8887 8887 8887 8887 8887 8887
22540 6409 8887 8887 8887 8887 8887 8887 8887 6483
22541 5523 6840 8033 9684
22542 3291 8887 8887 8887 8887 8887 8887 8887 8887 8887 8887 8887 8887 8887
22543 9926 1461 6451 2316 5737
22544 2875 8887 8887 8887 8887 8887 8887 8887 8887 8887 8887 8887 8887
22545 610 271 278 278 8887 8887 8887 8887 912
22546 904 3870 8887 8887 751 1000 372 919 1171 80 2890 1977 707 1414 3874 3874 8509
22547 8443 6635 279 1706 8887 8887 8887 8887 8887 8887 1849
22548 10478 301 6414 8887 8887 8887 8887 8887
22549 8802 812 8887 8887 8887 9230
22550 588 7789 674 7614 8887 8887
22551 11309 6465 3023 3539 11754 6466 3550 10607
22552 1887 2074 6259 10442 8143 3596
22553 5327 2242 8887 8887 8887 8887 8887 8887 8887 8887 8887 8887 8887 8887 8887
22554 1093 8887 8887 8887 9406 8887 8887 8887 8887 8887 8887 8887 8887 8887
22555 11136 1265 8861 8887 8887 8887 1169
22556 5843 309 10241 10865 11229 7591 7841
22557 8887 8887 8887 8887 8887 8887 8887 8887 8887 8887 8887 8887
22558 102 1354 966 9848 5810 11872
22559 2540 10344 613 7845 12011 3295 9346 8887 8887 8887
22560 6493 5463 9470 747 699 751 3507 3508 378 1312 6216 705 758 7637 2890 3694 961
22561 2030 6465 3693 3693 8887 8887
22562 9041 757 5884 8887 8887 818
22563 3983 3229 9346 4116 607 2507
22564 2774 8887 8887 8887 8887 8887 8887 8887 8887 9
22565 665 8887 8887 8887 8887 8887 8887 8887 8887 8887 8887 8887 834
22566 6810 8264 267 11701 4342 4957
22567 10316 10833 11381 12077 293 2049 6390 11788
22568 1035 4666 8086 1877 2430
22569 1852 2785 8887 8887 8887 8887 8887
22570 3383 9751 7979 3175 5402 5694
22571 2681 3024 3414 8887 8887 8887
22572 5993 1794 4368 9431 7780 13
22573 20 9480 3009 88 1450 7737
22574 8096 8887 8887 8887 8887 8887 8887 8887 8887 8887 8887 8887
22575 687 10966 5673 4691 1121
22576 8535 8887 8887 8887 8887 8887 8887 8887 8887 8887
22577 4628 1406 8887 8887 8887 8887 8887
22578 1493 2832 2853 4417 3255
22579 1153 95 4763 8887 8887 8887 8887 8887
22580 11197 170 267 11223 5843
22581 8887 8887 8887 8887 8887 8887 8887 8887 8887 8887
22582 11086 9856 8887 8887 8887 8887 8887 8887 8887 8887 8887
22583 4507 4810 1195 1176 4479
22584 302 8887 8887 8887 8887 8887 8887 8887 8887 8887 8887 8887
22585 12061 8887 8887 8887 8887 8887 8887 8887 8887 8887 8887 8887 8887 8887
22586 5705 8615 301 12016 8887 8887 8887 8887
