30432 1451 7585 2393 5345 11309 4165 9276 7649 2634
30433 977 2639 13953 5489 2639 5933
30434 1918 2966 124 5947 8228 9134
30435 9395 15746 5777 5763 16051 12610
30436 1255 11403 2700 5778 10611 11358
30437 19339 11893 10965 7551 4114
30438 2320 8410 6148 13173 7685
30439 4782 2313 6706 10468 9280 15297
30440 646 511 2760 15953 11222 1844
30441 1428 13349 7272 5394 2406
30442 12873 2920 2738 10617 134
30443 511 110 110 6206 6206 446
30444 4675 14134 14936 3469 3405
30445 1073 9895 1313 7602 212
30446 5277 4449 3130 5078 10437
30447 4118 1671 4106 12210
30448 11045 838 511 13736 4907
30449 4003 10378 6568 4322 1709
30450 2729 2730 13363 14482 6131
30451 646 2085 8336 6088
30452 1891 10965 17693 5814 809
30453 16933 2090 13669 13438 3480
30454 4211 5594 12709 6244 4064
30455 7952 9841 9409 8684 11805 10789
30456 7538 11153 1013 656 451
30457 18546 1069 15787 13340 2359 10375 10003
30458 517 15368 13915 9849 2318 14321
30459 15300 5588 568 19900 6909 7386
30460 15365 14967 3207 8541 18503 8470
30461 1292 5343 3570 16337 7274 16353 9232 10990
30462 10355 10020 13805 12670 14224 11570 16853
30463 3172 6989 10651 12022 6490 11281 12225
30464 299 219 2642 3947 627 2279 7237
30465 2318 1124 3300 17034 3283 13484 2227 10553 1073 9029 18736 5033 9033 639 5414
30466 2690 3178 17597 17858 4676
30467 4360 10741 811 7163 4857 6631
30468 2642 5224 10598 501 3170
30469 1379 3869 7416 2826 8862 7444
30470 7165 17611 3497 8867 2311
30471 4887 2654 5942 4852 4608
30472 1011 15231 9937 2426 5522 8974 6889
30473 13446 4127 13460 4111 2658 1669
30474 2532 6851 12632 5016 2734
30475 2111 514 9670 2002 77
30476 19048 3797 4252 16056 3170
30477 13470 8661 3483 3769 17028 8783
30478 2075 15677 6354 2844 3863
30479 10282 654 4612 11783 3532 1829
30480 12027 15263 6148 7270 14731 1607
30481 3489 530 20022 20022 9493
30482 11215 6556 11091 15152 265
30483 297 16561 11851 9127 6770
30484 511 102 13115 5570 17
30485 7997 979 1536 8632 5931 12818
30486 14041 9335 6013 19304 18223
30487 3070 4851 2075 11471 1135
30488 3122 5487 14330 1298 4704 10265
30489 632 8849 19102 2712 7919
30490 9684 13447 9213 16466 7235 686 755 1832 2113 2661 18228 13217 834 12831 691 7235
30491 2372 11826 5533 5450 317
30492 16932 3116 761 1322 15000 6766 10398
30493 10908 3710 9287 3871 15394
30494 10479 10918 17857 2713 11798
30495 632 18575 365 11197 2634
30496 14950 848 13117 9842 14729
30497 9172 110 3910 79 8994 1206 1682 2893
30498 14161 4190 14703 8163 2244 19723
30499 16671 9734 7400 2294 19963 14566 17397
30500 3392 17510 5111 381 2165
30501 7131 2756 5586 2384 1711 7037
30502 1843 9377 857 2075
30503 616 4907 4887 1381 10372
30504 10595 13332 1089 13275 8008
30505 6341 3453 13369 3871 11298 12138
30506 14090 783 16240 1899 2728 1677
30507 1235 1635 455 19066 3562
30508 4907 879 7805 1174 1381 511
30509 7425 19748 6932 3590
30510 879 1899 2065 16744 16525 3564
30511 15019 303 4949 5372 5721
30512 15999 5132 9776 6988 19526 15218 795
30513 2035 8201 2426 6112 11666 7826
30514 2793 1385 12358 889 18185
30515 11626 14570 7265 6088 6088
30516 10722
30517 2707 8955 8956 8956 2506 2075
30518 8309 2255 19295 5392 11362 201 16519
30519 85 16918 5645 6223 2110 2110
30520 503 9725 455 792 16191 4608 7508
30521 11112 2527 14191 11362 8898 221 4974 16513
30522 14723 5042 14835 17017 16561 12592 8385 11563
30523 110 13573 11792 4703 15081 447
30524 14178 1742 13025 17719 9809 12510
30525 8852 18907 12385 3309 2245 3170
30526 6776 2789 3746 12138 3686
30527 5241 5405 6063 13813 17601 10476
30528 1672 426 3912 5044 2869
30529 10147 5353 1213 8492 13494 453
30530 4802 15166 4782 9675
30531 2489 1381 3910 2075 2523
30532 4984 5634 18469 16320 7723 3972
30533 19842 822 11546 13156 19906 13570 2728 4525
30534 8664 3920 3770 576
30535 779 7805 11709 746 6392
30536 9362 19328 17271 16356 10926
30537 11280 1255 6744 130 19946 3107 10118
30538 551 4594 16399 789 2111
30539 1014 1837 11463 18760
30540 17248 12723 11103 7356
30541 2312 1498 10468 7383 13074 4297 2691 17259 1296 6981 18233 7924 16485 811 9045 725
30542 15468 11490 9903 2109 5801
30543 1891 3685 683 7006
30544 1222 18839 18851 5567 16525 9589 1051 191 8560 14284
30545 2721 12715 14739 7470 19463
30546 778 16741 496 14886 11976
30547 8883 2641 3177 13029
30548 9670 8697 5824 17574 789
30549 6099 8627 3810 10254 12782 2485 7461
30550 10497 1879 6234 538 431
30551 5805 14402 15543 16809 4506 17357 1917 4008
30552 6772 1279 4501 5439 13054 15779 2332
30553 2582 3123 8833 16455 19847
30554 3740 9065 7390 9710 2322 1289
30555 10228 10525 12036 18825 17288 12762
30556 8893 13183 17933 17008 2634
30557 16913 7852 4555 5903 4789 961
30558 15550 11646 14788 242 17283
30559 8641 589 4936 16066 6503 3224 16695
30560 2214 7117 19552 7686 18343 5626 6820 11205
30561 10479 13810 2975 5299 13782 11214 14276
30562 1870 17584 511 5571 102
30563 12608 7356 10593 19349 15277 10549
30564 5421 1332 13727 17349 16288
30565 305 15418 9731 15539 15142
30566 2721 6241 11599 15691 19657 5915
30567 43 15704 214 9896 5427
30568 1016 2077 19863 16625 502 5024 6624
30569 1128 11856 7290 16907 18329 1463 10950
30570 6943 17 7111 3878 12209
30571 3810 18744 5824 923 7210 12534
30572 7843 1634 2507 19466 5863
30573 4862 15091 3399 10940 417 10
30574 13429 5772 10382 7919 12076
30575 1219 838 8887 10908 540 923
30576 14612 3796 4004 12906 18329 6057 5014 14190
30577 3626 10378 577 8290
30578 5637 920 852 16115 9996 4689 9610
30579 17009 11619 1268 992 10568
30580 8815 18836 4167 11317 12487
30581 2825 2743 9164 13352 18245
30582 3548 4055 1844 2610 4604 271 1204 2490 6312
30583 1911 5403 1968 4542 16337 12539 2287 11199 10506
30584 824 8342 11774 2728 11465
30585 6756 2377 79 9879 923
30586 1962 4396 7388 4200 11814 2370 2319
30587 5738 11796 2991 5603 13821 1549
30588 16354 13911 2517 4521 2779 5207
30589 2611 4123 1648 7422 653 4118
30590 4184 6171 6557 5286 8193
30591 12611 1541 5509 6312 3700 46 8535
30592 13224 3570 4347 3103 4084 126 6167 13950
30593 3045 12924 4726 13880 8130
30594 5860 1674 18428 7166 3955 3377
30595 850 4706 2282 4761 16570 8010
30596 9684 143 9778 10623 8355
30597 6158 11796 9830 10653 11411 5656 7379
30598 9815 4088 9266 6226
30599 4748 10837 2526 4660 115
30600 4700 17811 17980 2928 6564
30601 12212 11459 2474 11483 15990
30602 5535 9917 5942 4852 15975
30603 2286 959 5922 5716 16061
30604 2935 11178 17042 5241 16432 15451 12109 135 8827 6882 9982 15853 7347 3367 4026 5382 61 223
30605 300 9549 1448 626 13568
30606 17647 5358 1131 2681 3354
30607 2091 10372 4050 813 11700 10680
30608 18076 13996 12105 14998 17516 6172
30609 1690 4284 3853 1873 10543
30610 1995 6632 1634 4907 1895
30611 1417 7758 11226 8120 3644 923
30612 18715 354 99 5487 2384 4680
30613 11595 6201 15495 14626 8140 19732
30614 5977 5006 238 19087 2199 10174 17847 12082
30615 90 15779 2703 7760 2475
30616 17313 19824 9630 3172 3429 15882 1899 283
30617 7238 4303 10195 11548 11813
30618 19773 548 515 546 13159
30619 300 8878 15352 758
30620 277 815 2217 2837 1378 1235
30621 1818 12497 10602 3413 14640 1171
30622 12283 18332 12863 6050 5054 13985 4956
30623 1833 18042 1697 6837 1014 10745
30624 13925 16062 15946 10880 19754
30625 12270 14148 7049 15346 13301
30626 17602 3946 10970 13372 3112 19067 7890 9074
30627 18001 3480 2411 16345 18923 7345 14277
30628 1176 5820 7542 4917 6574 19660 2742 6427 12399
30629 9180 15896 5547 5438 6394
30630 7792 14501 2972 5022 9415 1445 3214
30631 9446 11381 4698 4521 156
30632 16538 8534 19061 13312
30633 8994 838 3742 12268 17046
30634 3818 1858 1861 1580 9252 1585 1196 12573 3834 12345 10135 6063 1479 5755 6604 13817 9678 5235
30635 4947 5853 14604 14474
30636 1508 3334 9558 10103 2664 8590 15953
30637 981 2036 17039 10081 3799
30638 5368 10958 16777 6711 7837 12486 7829
30639 5678 1757 16286 4500
30640 15727 451 3645 3322 5824 10965 6446 12534
30641 6164 8191 4305 2643 5224 4657
30642 3037 2682 5146 15642 9305
30643 10807 11736 4692 2648 6975
30644 13763 18277 16687 14014 6006
30645 1381 3321 7270 1219 6238
30646 300 1254 18304 10563 1893 8533
30647 8446 2081 11239 4829
30648 14105 9622 14183 15177 13517
30649 11454 2634 7586 8515 6773 7862 4694
30650 5065 15223 7616 17736 12300 2321 2366 6899 13202 371 2433 18929 13965
30651 17573 6126 3037 3596 10762 17439 3062
30652 1657 5921 992 18178 4700
30653 511 4109 1680 2655 523
30654 9774 12895 1870 3354 9326
30655 18026 2061 110 17 7078
30656 5929 10309 2642 10089 3308 3184
30657 10160 5489 6042 8415 14644
30658 1641 13413 754 5600 630 874
30659 10965 17693 6051 13932 3597
30660 1298 9731 3877 300 773 1744
30661 4858 8245 12570 17212 1354
30662 13594 416 1990 2828 16593 1893 11158 89 8618 13866 18962
30663 9850 3853 11912 4826 18621 14243
30664 3947 9498 4526 3547 2477 8293 6283
30665 3357 1612 15896 1639 2428 814
30666 1446 1432 10081 1443 13504 12248 1311 16413 2227 12797
30667 10265 15127 16304 100 3103 14892
30668 3029 5810 20006 857 4925 13
30669 511 2654 2886 16366 7114 4858 8791 814 327
30670 12349 7054 17904 9890 8591
30671 13363 6760 22 16665 18442
30672 183 10177 8668 15044 8690
30673 6772 9009 7926 16567
30674 2641 4174 4302 8129 4210 12607
30675 4723 3118 12092 14082 14554
30676 9321 12845 11657 853 18100
30677 12400 6024 116 4612 18473
30678 11152 13112 1427 6064 8514 1198
30679 2886 12363 11985 2384 3354 2760 17114
30680 16703 12733 11101 89 10696 681 1200
30681 11637 1959 6922 10327 860
30682 1903 17059 3560 7517 4525 1381
30683 9257 15539 18694 3829 3817
30684 626 14859 5778 15020 4582
30685 1660 9522 1383 2656 3815
30686 15096 748 9546 8445
30687 8605 7459 8783 16334 6645 3300
30688 5987 4072 12021 9742 988
30689 3492 783 783 642 2653
30690 13590 7121 3030 15488 7690
30691 3646 16082 6360 6454 5534
30692 2918 11414 1274 9666 11844
30693 7579 1537 3156 5193 3603 2455
30694 5495 125 10194 7991 7124
30695 1670 18462 10861 726 1814
30696 1870 7447 10582 3489 811 11165
30697 2399 16335 9624 3099 1009
30698 13767 18536 12027 6019 6989 383
30699 14543 7470 6824 4063 9688
30700 5715 17302 872 9002
30701 10170 15906 12843 2621 755 737 16890 11783 3646 1831 1871
30702 12475 3949 9706 337 2639
30703 9652 1818 1381 1175 8822
30704 6583 2743 9777 683 678
30705 18122 6943 8773 3 1953
30706 79 2851 11652 9638
30707 6718 7361 2175 11090 1411
30708 1642 7416 12735 14458
30709 5663 3122 7635 8888 2327
30710 19407 10751 1455 4502 11531
30711 1148 654 11331 12823 14579
30712 4213 108 8535 6830 329
30713 1632 3594 18017 1183 13579 11947 8351 11132 7540
30714 11732 19615 4082 15567 1264 13531
30715 6207 14731 12193 19079 9885 5300 1789 5634
30716 2124 18113 7976 2437 13451
30717 515 5942 5942 2640 4858 6518 8151 2404
30718 11806 16130 783 6943 4767 15865
30719 1962 9510 5609 6129 12400 14454 16408 6836 2344 14477 15135 5670
30720 2438 1833 1381 802 8392
30721 7481 586 13399 2528 6651 8665 12697
30722 4992 12262 6412 12126 15915
30723 6697 5918 5871 4717 11553 16351
30724 13697 14863 18916 6601 10425 9892 9912 162
30725 541 3614 11755 17851 8210
30726 6236 2395 5686 15763 300 16464
30727 5487 3334 13235 5603 16298 9322 10670 16463
30728 4678 7483 14082 3878 8894 6475 1743
30729 3643 11057 1495 1615 2111 5571 2654 1381 10165 5942
30730 13932 924 14784 2617 641 3647 110
30731 388 15536 5078 7151 10039 5434 13714
30732 2869 9671 17750 56 3815 3521 3525
30733 1629 2795 2070 2071 6192 9543 13970
30734 17068 17544 19151 13701
30735 102 5911 10815 9342 12535
