30432 6903 1404 11719 729 2992 24
30433 15960 7114 5139 2725 9604
30434 11654 1675 99 7253
30435 10670 12080 1260 4302 361 7057 7054 12896 12710 17774 18804
30436 5461 5371 17458 2920 11854
30437 10756 11878 6826 17963 9235
30438 1740 9889 13442 15593 12077 5933 5014 6867 9580 5616 7601 3266
30439 12046 14861 4075 11320 15121 540 1255 952 15407 9891 14145
30440 18703 12887 4034 2119 18031 1899
30441 5671 794 879
30442 12029 3826 10783 3833 1587 65
30443 17637 3957 958 18096 15192
30444 10462 4122 1080 8371 7463 3297 15551 3760 16313 1554
30445 17440 2090 3087 506 6778
30446 12101 11108 9955 1570 3271 8318
30447 812 8994 6103 17584 2507
30448 9289 16852 1966 6692 15031 17674
30449 649 840 839 6313 16775 18228
30450 4980 16961 9314 11001 6898
30451 305 5472 11555 1608 2408 8887 6751 1285
30452 17245 16771 7423 1381 1891 13436 1131
30453 15051 5404 13598 7145 5269 8054
30454 9291 13594 1634 2812 13268 4519
30455 3599 14321 4776 6597 13817
30456 8879 7667 4776 13029 3774 13517
30457 872 662 7523 1623 642
30458 9391 12723 953 6144
30459 272 14492 695 14822 7345 883 18640
30460 1967 5933 5778 2320 12263 2294 17275 12936 128
30461 8336 7306 5556 11291 15924
30462 4903 15670 18371 12373 6966 10463
30463 1283 17867 7401 16641 15871 16048
30464 798 1850 13669 444 7007 2795
30465 3647 660 511 3647 3953
30466 240 2130 1118 17202 183 3290 2335 4970
30467 6360 782 4707 6146 3880
30468 1896 2318 10732 2407 14989 2322 11797
30469 17583 18614 6004 6379 2000 2010
30470 8358 8393 15509 9864 10162
30471 2213 6729 6729 1840 5924 14451
30472 1496 3360 7204 1631 1615 16350
30473 2554 5085 2759 2781 1139 5806
30474 869 783 2672 5704 2504
30475 16877 17598 1381 1659 1381
30476 9510 4178 1276 5496 4389
30477 17702 5469 13198 7918 19043 1531 16200 12878
30478 4887 10254 4114 6446 4887
30479 642 698 749 7200
30480 9232 16505 3790 10102 14569 2343 9231
30481 789 541 8293 18878 2068 10843 2792 9146 2006 3381 15
30482 9549 5779 4548 7760 18774
30483 90 15783 9528 2170 535 10141
30484 1025 14337 9280 9119 10271 13090
30485 1546 9879 16201 7577 6097 1665
30486 6934 15906 405 9827 4905
30487 15721 6872 1051 3512 2176 231 218 1539 1064 243 2199 3512 3506 1337
30488 2661 1381 12999 2111 641
30489 2175 1117 258 8924 8186
30490 1891 8697 514 5344 1642
30491 7473 5129 162 16843
30492 2497 6707 8997 19557 2720 271 440
30493 17053 8540 19306 2284 4822 4874 10977
30494 2013 7034 2250 2035 2515 1139 8061
30495 12110 16706 4256 4926
30496 1 2075 1657 6455
30497 91 15087 6302 7880 2910 16819
30498 6324 3686 5538 13939 1662
30499 1587 6365 10555 18812 9934
30500 1279 13481 123 4165 6463
30501 7360 1459 16137 1777 3840
30502 110 1829 4926 14921 5538 3070
30503 1147 3695 7679 1172 511 110
30504 5802 4161 5802 3156 13091
30505 7470 7719 7728 4199 6345 5572 1483
30506 9762 9709 382 7220 3175 12948
30507 16161 6375 13491 1898
30508 13736 2523 2216 12642 5022 6080
30509 2352 6705 2246 10570 1280 1969 13952
30510 8697 7003 15982 8822 17664 3643
30511 3946 4063 377 7838 4088 15188
30512 11810 2923 10299 6092 2332 11443
30513 6328 16280 1525 17752 3270
30514 1105 1051 236 233 11218
30515 2087 2411 682 7580 7882 627
30516 16799 11763 15915 16962
30517 19963 7846 7298 14765 527 110 11232
30518 10570 7728 6079 13497 9449 6402 310 16145 16145 8171 5370 7448
30519 10859 12325 2853 10815 7808
30520 538 4336 14923 18900 12322 4907 4756 10593
30521 6975 12073 387 12383 4142
30522 9625 11254 16419 661 395 14500 17374
30523 11463 13979 10196 8607 3765
30524 10608 2287 13194 6463
30525 509 3173 9924 13045 11974 10769
30526 6400 19554 4357 7886 4454
30527 8419 14880 9084 10115 13044
30528 746 1416 15576 650 7168 4035
30529 19559 5798 9394 5858 16147
30530 2359 14444 18368 7605 1083 265 5959 15154 17572
30531 7271 10570 11837 2408 6240
30532 1254 4305 13067 4352 6899
30533 3267 261 7174 2041 5964 5965
30534 9362 11280 5576 10207 383 1454
30535 1306 11023 1853 10742 7220 1215 12926 9684 3185
30536 305 498 2313 3870 623 6487 4332
30537 8682 2152 8297 8297
30538 7492 2678 1012 13929 4617
30539 3946 625 5600 623 5469 3574 12285 1264 2366
30540 3878 13943 19440 19468 7481 12910
30541 12901 4829 8291 4046 960
30542 6872 1926 9137 4024 6643 6054 13111 6226
30543 10732 17562 13804 13993 5930
30544 233 4021 5424 10269 6679 13943 1573
30545 9214 1243 11301 4163 18271
30546 6048 2399 10589 9834 12581
30547 2227 16682 5556 10256 15579 7090
30548 8198 3136 2457 4463 2757
30549 625 3946 6082 11116 7913 3880
30550 2654 10322 9854 3481 9879 18974
30551 12172 17352 1615 13526 832
30552 2296 4805 11600 9731 8554
30553 2426 8207 3679 16158 2601 7146
30554 8191 9539 7279 6836
30555 14546 3128 5152 18617 14613 11664
30556 1870 511 2087 3810
30557 424 1993 12146 1406 13929 8294 3030 1828
30558 16730 2882 2352 17565 10568 2642
30559 2121 6945 7723 7287 10100 2879
30560 105 6527 16528 14064 19735 13269
30561 5591 2290 3173 3871 385
30562 13917 486 4862 16690 7903 6080 2443
30563 2718 2824 7876 15475 545 13890
30564 17088 8292 3000 8859
30565 110 1675 447 1381 3646
30566 4787 7851 2708 2245 2700 3107 4758 351
30567 2653 799 737 3021 4748
30568 8016 14111 18334 12130 13365
30569 16536 2972 2975 1432 10631 2029 10012 9597 1042
30570 8940 778 1620 6053 18152
30571 1593 7316 19181 15627
30572 11463 10199 843 8427 1696 2849
30573 17116 426 3043 11438
30574 2488 679 12694 3030 2743 16008
30575 6836 18767 3871 7586 9553 15390 12937 11630 3312
30576 16433 3128 1708 5269 12832
30577 13121 6525 3818 6528
30578 8555 4588 5680 17259 17467 9070 10589 4077
30579 6851 5485 11678 15972 12080 3774
30580 3061 14876 1616 12772 9920 1847 4892
30581 10908 1607 375 13213 3347 1608 13444 13094
30582 12913 16848 3898 16432 2963 8635
30583 2280 6032 10031 8366 3271 9134 2360
30584 8635 10056 14084 6921
30585 3744 3321 11023 6099
30586 646 9178 11744 1675 5865 6330
30587 1033 6568 7331 5275 10510
30588 4595 7465 6630 7226 3039 11727
30589 5137 9605 3564 12055 6580 16129
30590 2858 4215 2399 2290 17739 16146
30591 12373 14923 7453 6706 7059
30592 2184 6182 5381 7053 2991
30593 9371 4 1879 2678 4887 4530 6840 11724 11163 4612 19462 1020 7549
30594 2869 840 10759 3703
30595 9604 515 660 5865 78
30596 121 11909 11559 4362 911
30597 14706 3496 4764 12511 8557
30598 3354 740 9176 12377 15896 824
30599 2321 8130 104 506 5607
30600 16778 4212 9456 2340
30601 1493 4660 6189 19732 1649 3941 5940
30602 11827 7630 16957 13936
30603 15101 13760 9530 4115 2118 1877 7548 779
30604 9628 10238 5801 2577 13796
30605 4549 16354 7727 8559 17153
30606 11729 16704 783 4610 5146
30607 770 7296 10815 10815 2607 8490 705
30608 7482 7391 14109 3289 1108
30609 1871 750 925 833 13663
30610 1381 10113 2075 8294 511
30611 14830 16974 17152 10430 1509
30612 12365 9683 8663 7080 12115 17008 8416
30613 19454 7287 7995 16245 8885 2858 16087 7725 5324 2698
30614 2697 7903 15181 15692 4501 8177
30615 9366 1976 9314 4418 247
30616 15841 19573 1227 211 11362 3363 2537 3166
30617 15474 8446 14141 9213 18962
30618 1129 6124 11715 471 11157
30619 5321 7262 8112 12553 4208 2648 10669 11630 12752
30620 1381 3810 515 7805 2654 2081 2654 1853 407 5535
30621 1437 18669 2529 1347 5634 7603
30622 7601 182 18959 9718 19816 5880
30623 12963 3292 13783 7173
30624 14313 18850 15964 19656 15943 5535
30625 18838 4022 16312 10253 10639
30626 4494 8885 7465 629 16694
30627 196 10553 1935 2206 236 15652 162
30628 17998 539 7192 2790 1829 16778
30629 3554 19445 14672 1699 660 2760 15832
30630 16033 10788 10956 10323 840
30631 15565 107 1965 7282 1250
30632 16951 1877 5988 16398 298
30633 8651 1534 14996 11026 18520
30634 5077 10909 10025 15855 8269 3898
30635 12870 16472 1884 7808 8909
30636 17798 15436 4808 1292 6800 351 300 1508 3775
30637 13493 587 6679 11430 12113
30638 7165 11881 6430 5911 2850
30639 17187 139 5690 1099 8227 7347 6718 11069
30640 13076 13075 2391 3744 16141 924 857
30641 1718 8002 7127
30642 3115 2698 4190 2702 3863
30643 3552 7297 14244 17326
30644 16371 7502 19647 1219
30645 19882 19882 14759 13910 7104 19663
30646 6193 2824 16170 15497 11023 5812
30647 13038 12440 4114 405 2608 6262
30648 19528 3083 4165 4193
30649 14917 14907 13150 409 4287 3647 78
30650 3880 11623 12719 12099 1534 4277
30651 11687 11600 286 3771 7907
30652 838 3321 18061 13977 7777
30653 6143 5601 9234 4907 16887
30654 8340 3901 13551 447 12845 4056
30655 17924 7389 18452 5497 6895
30656 17633 3354 12624 4770 417
30657 19145 675 958 11972 7721
30658 2548 4967 13361 8312 8366
30659 18724 1368 7374 3333 9395
30660 8904 10766 6990 3773
30661 1301 42 42 390 13903 19375
30662 17171 10279 1380 115 1870 3516 17
30663 17012 3769 7441 9815
30664 754 3061 3736 2682 13157 10311
30665 4208 7897 13828 1966 3947 3107 18231 962 3103
30666 4631 5948 9243 3447 9244 16534
30667 9671 1629 14807 7103 18216 7312 18414 1518 14391 14736 10334 3828 9066 11759 9860 3646 6495 6199 9785 13992 5770
30668 3813 872 4108 19476 2850
30669 3321 17772 12893 16477
30670 3849 2674 3071 7201 8969 1665
30671 642 744 13592 3514 2683
30672 3103 9280 16048 7468 10969 5489 3103 12513 14717 5480 2637 14661 4698
30673 3554 407 9498 18791
30674 9229 9437 4810 675 3956
30675 1164 4399 4630 630 2826 2993 630
30676 7640 5933 5322 7642 13386 9301 5879
30677 9763 9769 19176 13708 6318
30678 18724 17140 8700 18987 473
30679 3956 4713 12490 9602 936 5452 15266
30680 4074 7265 5872 11826 4689 5344 5489 10290 5343 1965 1247 3047
30681 7575 438 6206 8834 11310 9883 15434 2640 1280
30682 16565 2175 240 1597 20013 15472
30683 9141 720 6500 8049
30684 117 6370 7520 8148 18808
30685 362 3794 8778 13797 8853 2700
30686 4769 9630 1383 4292 10959 8235
30687 4711 6475 4704 17057 353 9358
30688 13730 1607 2639 5489 16152
30689 14595 17017 124 3184 8171
30690 13603 827 18673 3070 412
30691 362 5778 4208 5778 300 15778 294 5670 13877
30692 1353 3441 2104 9134
30693 19758 12048 7298 6970 8153 7568
30694 1973 7671 6400 15461 12213
30695 1495 13935 116 6903 826 662 1657
30696 79 16623 17533 2655 20016 10904
30697 6446 7114 6430 2828 620 10498
30698 8906 5676 11903 8906 13870 6024
30699 9313 15128 1085 18721 2975
30700 116 4596 15583 1686 399 4612
30701 10184 212 9301 1321 7603
30702 4887 17112 4594 9779 4572 7487 13596
30703 12993 11436 3026 15236 4400 12220 2115
30704 1966 7973 10627 1761 16130
30705 4075 941 11416 675 3956
30706 19144 11997 18823 1855 11156 14500
30707 12786 14149 11878 17272 9065 16468
30708 13912 2416 3493 7529 5510 6714
30709 1821 4660 9544 4850 4108 90 10322 3030
30710 9291 3368 12252 2964 233 4027
30711 13122 3270 5307 177 6900
30712 9018 4485 7034 3680 14235 3148 8206 2558
30713 841 6790 5571 268 14545
30714 10241 10982 4603 16756 4601
30715 2085 5911 8997 511 720 2075
30716 3524 7466 4911 1620 646
30717 4392 4805 16735 16672 16929 517
30718 17031 12290 19447 2225 5125 14208 13470 2952
30719 6713 13345 506 16708 15507
30720 13266 7806 1694 19587 16302 2867 8463 923 4609 4113 824
30721 1163 1843 8151 1130 11220 18941
30722 5483 11903 5340 3183 2378 18144 11822 18627
30723 4694 17354 11972 5372 4694 7057
30724 17184 4551 19929 5935 9891
30725 11264 1207 6710 4284 5143 811
30726 8720 12647 13417 19961 3226
30727 9235 5851 2304 5343 5343
30728 12259 598 5746 16998 17787
30729 14489 19113 3771 9270 3121
30730 5507 17647 3030 7490 440 6427
30731 266 16224 13662 14697 7250
30732 1815 2395 1844 13939
30733 869 1616 630 7193 783 12768
30734 11102 18113 7571 6434 18517
30735 2455 1732 4259 5285
