30432
30433 1900 13891 1827 6632 4531 15086 9150
30434 16452 4068 5556 838 6397 6360
30435 2489 4292 18815 18298 3514 8291 9341
30436 7470 5556 996 4727 5556 6465 9196
30437 5556 5556 5556 9715 258 5553
30438 17732 3107 5556 18381 6040
30439 5543 539 5556 10663 7114 6360 1853 413
30440 5556 8576 14327 5312 3301
30441 4997 17796
30442 13050 4721 7057 2731 5598 5684
30443 12686 12686 3792 4060 3449 5661
30444 5956 7697 8289 3485 3770
30445 12658 1513 2932 8509 7677
30446 5556 5556 5556 5556 5556
30447 15550 1479 1512 2141 9305
30448 4017 4816 547 5543 3871
30449 11420 388 4852 8996 268 642 517
30450 4716 7551 5556 18305 4551
30451 5556 5556 5556 5556 3445 5556
30452 11996 15245 6076 5454 5556
30453 5556 5556 5556 5556 417 5556
30454 13774 5541 4177 5556 6740
30455 5556 5556 5556 5556 5556 5556 4224
30456 16781 9307 5556 5556 7927 13394
30457 9855 5556 15579 14745 1451 12308 2443
30458 3082 16542 10914 14217 4231
30459 511 4594 12999 9767 4884 1383
30460 15724 5556 16532 6908 17833 2110
30461 15241 778 2611 641 814
30462 5556 6866 12339 2059 1940
30463 2489 3525 1818 2866 3734 12400 5556 5556
30464 19090 14724 5930 9198 1254 4789 9340 5876
30465 1959 15406 15352 9886
30466 9148 268 5556 5556 5556 1014
30467 5556 5556 5416 180 1077 1442 10175
30468 13821 17865 19935 16281
30469 14490 12447 11403 2393 1089 1918
30470 3451 1967 1761 9704 6686
30471 4218 15894 14991 12481 7467
30472 18877 10941 2057 14549
30473 5042 7034 2954 10158 3981 15827 8997
30474 1806 14954 651 778 440
30475 14034 13482 17433 8535 923
30476 4357 15915 7938 1284 10397 3570 6398
30477 2214 440 18211 7400 7054 15265
30478 5556 5556 5556 5556 5556 5556
30479 5556 5022 8366 5971 1189
30480 7925 19060 3104 11829
30481 18815 1278 14506 10754 3319
30482 5556 5556 6876 5556 5556 5556
30483 7915 5372 18306 4096 12216 295
30484 18516 9090 13065 5219 11734
30485 8635 18213 5556 5556 11553 5556
30486 16784 2411 12756 7728
30487 16315 1070 1226 14278
30488 3289 11289 13453 13766 11999
30489 10635 12085 2527 8184 3400 11119 14866
30490 5556 5556 4714 12506 6876 5556
30491 14661 5556 5556 5556 5556 5556 5556
30492 18238 1292 2308 18527
30493 554 1671 16345 7948
30494 1306 459 19835 6999 541
30495 5556 5556 3505 14825 1546
30496 5556 12080 17461 11152 13173 1824
30497 7290 4480 2140 9208 11323
30498 14690 13380 16212 5556 16028
30499 7919 6757 3180 1750 9279 7849
30500 6917 14566 962 11758
30501 12969 5556 5556 5556 5556
30502 8289 9960 18348 10589 2858
30503 14685 19286 12685 761 10568
30504 4672 2079 13907 6862 7816
30505 982 6133 5556 5556 5556
30506 4510 1818 2648 19185 12879
30507 5556 5556 5556 6867 5556 17379 5556
30508 5556 5556 5556 5556 5556 5556
30509 4614 6381 729 15821 1661 6358
30510 5556 5556 5556 3121 7280
30511 195 11122 9988 8366 1039 14538
30512 5556 5556 5556 5556 5556 5556
30513 642 416 6807 110 1381 3647
30514 861 1761 9892 5381 5556 5556
30515 5556 5556 5556 5556 7978 15875
30516 4347 995 7387 6128 11619
30517 12612 761 4713 3329 14991
30518 9705 296 14025 10974 13168 4730
30519 7954 16880 5562 16412 19864
30520 5556 5556 2527 8761 16698 9089 9189
30521 4589 8813 4091 1807 6702
30522 5556 5556 5556 2907 2337 5556
30523 7465 7465 4768 15080
30524 12354 3690 12076 5556 10650
30525 12341 5556 5556 5556 5556 5556 6076 5556
30526 5942 6632 19604 1744 6818 10899
30527 5556 551 779 10235 6520
30528 6044 4040 15867 2861 5824 2391
30529 14857 4162 7271 4199 4396 11195
30530 1869 517 5556 5556 5556
30531 14514 14515 17955 13489
30532 6876 4235 6322 6322 10778 17404
30533 11887 11882 9231 9667 5786 8142 2847
30534 13529 5539 19232 2075
30535 5778 12225 3350 7867
30536 10003 18320 8647 1465
30537 242 18311 5556 17079 2342
30538 5556 9545 7244 14076 3876
30539 11829 2302 1761 11903 9317
30540 861 10568 18936 10649 15930
30541 6011 5476 4780 14330 6472 6699
30542 1268 9411 4170 937 4584
30543 6033 11219 8228 12647 1333 5616 17697 227
30544 12222 515 9604 17
30545 17 9426 613 7575 451 440
30546 2123 9897 8134 17283 13635 18049 5949
30547 5556 5556 10089 14131 13287
30548 5556 10650 1268 15092
30549 14612 8668 9083 7791 941
30550 5556 4700 2410 5470
30551 12566 12566 12226 14987 512 5434 12185 7924
30552 8902 15289 16540 3997 3271
30553 857 12175 923 16152
30554 11204 12192 4493 6704 10749
30555 214 3284 3190 8828 13519
30556 7711 15073 9910 8665 8721 3917
30557 12744 290 19823 18836
30558 548 3514 5556 15579 554
30559 19968 17415 4759 5556 11898
30560 14875 779 12931 8997 853
30561 11309 13880 7784 7667 8600 7784 18246
30562 5669 11416 14135 4211
30563 19706 8452 12579 8121 10023 5556
30564 10121 14240 14282 16086
30565 14331 1093 5556 5556 6638 14597
30566 13057 1014 15985 9168
30567 1829 795 6349 14498 554
30568 9542 1160 5915 2664 1004
30569 5556 5556 8665 10909 3892
30570 912 11597 2369 18483 14994 14114 103 10715 2383 9281
30571 10780 19016 2664 1843 2075
30572 5748 6064 212 8577 2110
30573 4067 6475 5773 16145 10595 3168 13797 15141 5933
30574 7498 1870 6431 3646 8822 4510
30575 16147 1321 4024 14864 15005
30576 14113 19771 5556 5556 5556
30577 17866 6019 5556 1191 11261 2319 5573 7653 9340
30578 12925 3445 15361 5556 5556 5556
30579 5340 7512 1965 6987 19921
30580 2619 4884 5556 7403 5556
30581 6360 5556 5556 5556 12076
30582 13036 8292 14454 2420
30583 10020 18102 10971 9444
30584 2391 12400 5556 5556 5556
30585 18705 9864 8445 7492 17629 1172 9604
30586 18986 2057 4447 6876
30587 3954 3360 695 10373
30588 5556 5556 16732 1777 14156 5560
30589 11250 19350 5534 11744
30590 5556 5556 5556 3629 3485 8663
30591 1848 2959 4932 17119 2047
30592 14052 3018 10918 7723
30593 237 1292 6341 17253 15026
30594 5556 9127 5556 5556 5556 5556 5556
30595 10645 545 1682 1634
30596 3647 11195 857 548 4115
30597 5556 9127 5556 5556 5556 5556
30598 7077 5826 5556 5556 15563 10631
30599 1381 1381 541 539 16883 3378
30600 6237 18943 9626 2705
30601 5556 5556 5556 6446 18017 13940
30602 1789 6655 6172 7729 12662 4255
30603 2261 2523 7272 10047
30604 18841 7757 12655 18339 11136 5556
30605 5556 5556 10086 5556 5556 8579
30606 5488 14992 1279 3103 5479 13119 11015
30607 11703 16112 2428 453 798 144 4948
30608 7588 13024 10991 4834 5556
30609 15468 16884 236 12571 11530
30610 5556 5556 5556 5556 5556 5726
30611 13690 18102 9288 7053
30612 4022 11094 2140 5556 5556
30613 17648 5849 4026 15837 5299
30614 4558 18264 10674 121 2443
30615 7457 3643 7005 6204 7809
30616 7777 6944 11722 13783 14274
30617 5556 5556 5556 5556 7711 11218
30618 18851 3774 2884 7272 17904
30619 2091 2760 8997 14413
30620 5556 12080 17568 2925 12490
30621 1633 750 1901 19381 11945
30622 9244 5556 5556 6172 10926 635 10428 9583 261 5842 18807 8375 5966 230
30623 16799 6872 16431 7147 635 9190
30624 9817 15257 17591 1601 1397
30625 3686 3647 18832 14101 16191 511
30626 8304 18311 15939 5556
30627 3871 9290 12465 15238 6793
30628 1735 586 9597 8573
30629 8906 6830 321 5464 9068
30630 5543 5556 5556 5556 5556
30631 3946 9307 5556 5556 5556
30632 8013 5971 8366 2905 5556
30633
30634 5556 5556 5556 10727 5556 5556
30635 5556 3901 3889 10801 10259
30636 4670 2081 11836 18807 7078
30637 13778 3103 10419 3149 10421 3674 15034 16427 2762 4989 3342
30638 5556 5556 5556 5556 5556 5556
30639 12295 12612 9678 1463 283
30640 3086 6465 6754 12591 675
30641 3792 9127 9127 5556 5490 4699
30642 8917 162 5411 3240 12912
30643 5556 5556 11641 5556 253 259
30644 3191 3480 16139 4913 13973
30645 8697 3744 8997 9148 3697
30646 6455 11783 2654 511 1682
30647 4984 16431 2546 174 16315
30648 3810 5556 5556 5556 5556 5556 5556
30649 5556 4926 10914 9573 15786 8284
30650 15282 10075 15565 5432 5374
30651 15866 14561 2615 13833 9878
30652 15746 5397 17495 8312 2926
30653 16102 9470 5929 6891 1264
30654 5556 3121 18345 5742 6739
30655 15176 1192 8607 5556 8678 2340 14380 12092
30656 5556 5826 5556 5556 5556 367
30657 7503 11918 7493 5839 207
30658 3932 8174 3614 162 215
30659 2413 13769 353 19713 5556 14135 4578 3173 4213 1255
30660 5556 3189 18129 5556 14200
30661 10220 1882 2064 2728 17687
30662 14144 1451 3332 12854
30663 5556 5556 5556 5556 5556 5556
30664 1486 20015 18279 1468 5883
30665 17150 12515 4779 4343 8191
30666 1926 15550 18727 5826 5556
30667 5556 5556 5556 5556 5556
30668 6448 87 389 4 790 538
30669 19396 5556 5556 5556 9415 3124 4961
30670 15899 9003 1753 7626 10397 8818
30671 15897 10930 7062 5556
30672 1864 10990 16857 7052 9459
30673 13273 374 6299 2347
30674 5366 1899 9776 10944 17730
30675 10861 5366 4122 5556 13977
30676 951 17125 13110 8922 12124
30677 4150 1662 14073 13866 11226
30678 9427 5556 5556 5556 5556 5556
30679 4624 5941 17552 11638 630
30680 750 1696 5040 1610 2740 883 11206 3062
30681 5556 1312 1922 8635 5556 5556
30682 2529 5556 14710 15598
30683 5556 5556 3841 11282 897 12553 304
30684 14074 5556 5556 5556 3904 6876
30685 1909 1942 18285 5424 8578 8579
30686 102 517 9684 5556 5556
30687 8023 2776 1698 13430 2075 13076
30688 4288 14480 1657 14598 2790
30689 1818 548 1498 2996 9420
30690 5556 5556 12762 16256 5761 9069
30691 639 2059 19449 15342 7406
30692 1895 16656 129 1086 10720 6234
30693 9083 12523 5556 5556 5556
30694 13208 1761 9835 13349 5487
30695 12485 6088 14145 5571 5556 5556
30696 5338 407 14456 496
30697 9069 3108 16106 16963 6102
30698 6905 8111 5738 3445 6293 5457
30699 554 8293 515 1634
30700 5556 16606 1513 18821
30701 2732 16588 18506 16813 5913
30702 10375 5416 13727 12224 12111
30703 5556 3629 3629 7710 19806 5638
30704 6326 507 8428 728 1837
30705 15564 14430 13972 7960 1532
30706 6499 14490 13349 18154
30707 268 2055 5542 5556 4239 13840
30708 5556 5556 5556 5556 5556 7365
30709 551 13935 4907 6095 4858
30710 17032 15303 16249 14922 5928 13569 10595 8888
30711 13249 242 10034 1089 1443
30712 14074 649 4119 13734 6792 3480
30713 2488 447 1995 17536 17 514 447
30714 5556 5826 5556 7179 17202
30715 3910 19302 14321 7968
30716 5376 2360 16543 1431 169 13456 1124 5407 13509 262
30717 5556 5556 5556 5556 5556 5556
30718 6254 4587 9219 1255
30719 2918 19407 11553 6473
30720 3295 17386 1549 11103 5556
30721 3913 4980 8369 15365 4247 10100
30722 13594 8758 9299 13749 19328 1195
30723 539 8095 8500 19474 10965
30724 17691 19205 833 4621 1018 4241
30725 19809 12078 18027 12216 11442
30726 7760 5556 5556 5556 5556 5556 5556
30727 1829 2075 10965 10784 447 4907
30728 5556 5556 5556 15535 12970 3629 7433
30729 537 537 1682 6437 1493
30730 5556 5556 5556 5556 2227 4232
30731 633 5911 407 2996 14146
30732 545 16366 13387 515
30733 2820 13821 5556 218 10070 5390 6643 9602
30734 13078 12299 7365 1530 5556 10571
30735 12512 7784 8081 19508
