30432 5556 5556 5556 5556 12635 5556
30433 10255 7433 7697 3485 6054 3487
30434 9878 2391 15273 9917
30435 4067 2345 6236 1534 6899
30436 5556 5556 5556 5556 12671
30437 9549 4084 3319 4798 1268
30438 5432 5556 5556 8865 5556 5556
30439 868 18329 5556 16256 10774
30440 10892 5556 5556 5585 5556
30441 2332 18255 1410 4798 3103 3771 11125
30442 573 7744 587 7431 6054 17966
30443 1178 2654 8445 10963
30444 5556 5556 5556 5556 3377 728
30445 1254 5556 5556 5556 5556 5556 5556 5556
30446 9339 6434 5556 5556 5556 5556 5556
30447 861 17397 5556 5556 5556
30448 4086 9660 17655 19922 13080
30449 13704 511 9917 15110 5911 1381 4056 416
30450 9236 2349 5556 9666
30451 9330 14528 10160 1891 4908 10312
30452 2196 12219 5556 6074 11357
30453 5556 5556 5556 5556 5035
30454 2918 3115 15779 8831 1607 6697
30455 7584 18805 5911 5556 5556 5556
30456 17473 5556 5556 5556 5556 10926
30457 5792 9135 4869 8452 16387 6899
30458 2415 718 4129 9291
30459 1681 1131 8769 5812 641
30460 3333 5556 5556 5556 2325 9317
30461 14736 641 10144 5556 5556
30462 5556 5556 5556 3629 3629 3485 3470 7442
30463 18462 4593 1451 10667 3876
30464 10944 5556 5556 5556 5556 5556 5556
30465 5556 5556 5556 5556 5556 5556
30466 5556 5556 5556 5556 5556 1979
30467 35 12323 841 5556 5556
30468 12397 4578 9854 10548 18002 7937 10265
30469 5556 5556 5556 5556 5556 5556
30470 7540 8294 13967 268 5556 5556
30471 10397 5171 19809 12859 14811
30472 1134 11158 5704 4056 11239 3480 18742
30473 6830 1823 16724 18930 17801
30474 19227 19227 19227 3959 4787 1482
30475 17494 12223 779 5725 17907 17356 5556
30476 1607 5556 1255 9929 1007
30477 16096 554 5556 6238
30478 9604 12059 9426 10162 5543
30479 121 1533 6761 10971 3871
30480 5556 1276 5556 17798
30481 5235 4259 4989 4989 5784 11605
30482 19597 12593 934 8958 17525
30483 625 860 3877 5556
30484 5556 5556 5556 5556 5556 5556
30485 6341 1963 5556 3047 5556
30486 771 1959 15917 3650 3480
30487 11512 5556 11465 5556 5568
30488 1995 5556 5556 11825 5556
30489 2628 3944 879 646 7248 8348
30490 3043 392 17300 4165
30491 321 12655 8252 2160 5556 5556
30492 5865 5816 1677 2522 4048 6582
30493 9091 10472 3232 2975 3295 1573 6383
30494 892 17795 8994 5556 4224
30495 12573 12197 13907 6904 15069 14969
30496 778 19927 11607 779 473
30497 9608 12729 10609 2284 18082 11309 7031 6161 6841
30498 5556 5556 7171 6679 17125 2733
30499 5556 9127 5556 10727 5556 7389
30500 3481 1381 5556 5556 5556 5556
30501 5556 2546 5556 11103 3517 11426 13721 6027
30502 862 10657 6896 16160
30503 8854 8255 5556 2335 1777
30504 1842 2803 1600 5757 1388
30505 15246 3127 4521 12087 14837 5827
30506 12867 18673 5556 5556 5556 5556
30507 3748 5024 10473 1601 8967 1486 19374
30508 4494 8291 5556 2318
30509 5908 13263 267 2612 6584 3053
30510 539 143 4290 16081 14137
30511 1871 6520 16623 19431 740
30512 4716 14297 13886 10743 715
30513 3948 11713 451 16338 10257 599 19374
30514 652 653 8796 11239 11465 17088 2992 17829
30515 1822 17779 12068 1304 4576 2115 4636 1840 4413 20000
30516 17562 5556 5556 5556 5556 5556 5556
30517 10102 3653 7339 3764
30518 5556 5556 10006 5556 5556 5556
30519 12919 6326 8243 7520 659
30520 15626 5556 19328 5149 4775 11997 4552 13002 7853
30521 3401 14666 13754 10926 1564 6867
30522 5556 5556 5556 5556 5556 2379
30523 11125 9331 8875 8171
30524 1311 8646 1312 8012 13513
30525 17529 821 2658 5705 16191 1696
30526 5556 5556 5556 5556 17229
30527 5556 5556 5556 6097 5556 5556
30528 11726 2611 3734 4510 13076
30529 17499 12673 1458 4425 9910 4648 13521
30530 5556 5556 8366 2527 14277 5556
30531 5556 5556 5556 5556 5556 5556 3485
30532 16055 5556 5556 5556 5556 5556 8483
30533 5778 3121 121 7280 268
30534 5556 2527 5389 5556 1320
30535 5556 5556 17462 12281 3539 5556
30536 5556 5556 1818 10144 13992
30537 511 409 18440 5556 5556 5556
30538 2720 6274 9451 2683 853
30539 6456 5556 5556 5556 5556 5556
30540 11825 7455 2706 10308 18814 16691
30541 8904 897 2348 10651 8872
30542 5556 5556 5556 17081 3089 10749
30543 5556 6640 3487 7709 18028
30544 1451 354 2732 5556 5556
30545 625 3459 1255 3088
30546 6448 9419 6228 5556 15535
30547 17505 11108 14384 5556 5556
30548 7655 1100 1905 2332
30549 537 17611 651 680 392
30550 4436 3441 14080 9796 2944 11489
30551 3085 5556 7723 3399 17270
30552 10502 5556 7589 5556 5556 9190
30553 8026 2656 19854 11224 1662 15561
30554 18746 2745 6197 9214 17621 5157
30555 14406 19443 10484 9110
30556 5556 5556 5556 5556 5556 7702
30557 5543 4336 4068 4584 4334
30558 19376 17995 3481 78 17 3586
30559 8697 3493 17001 716 5556
30560 1536 8286 8528 12133 16632 2360
30561 4852 538 838 5540 11729 9280 1893
30562 5556 3487 10262 10821 4649 7711
30563 13925 19714 2649 3881 2702
30564 14168 17137 9284 2512
30565 5556 5556 5556 5556 5556
30566 5556 9090 10028 1797 1909 15648
30567 1416 4695 74 5556 9062
30568 18354 4845 15655 4532
30569 773 6989 5556 5556 5556
30570 319 3481 478 3081
30571 6710 1638 740 10645 6310
30572 1544 639 5556 5556 6876 639
30573 522 472 5556 5556 5556 5556 5556
30574 19422 165 2174 3374 14282 6654
30575 3114 5556 5556 5556 5556 5556
30576 884 4056 6934 2850 3910 9670
30577 118 133 4075 15951 4503
30578 5556 1315 15388 3748 4011 4012
30579 5476 15547 1254 5556 5556 16597
30580 10902 18697 19105 11495 1580
30581 1607 10649 15894 15091 2284 2343 3456 16741
30582 5556 18027 2699 16491
30583 11985 14642 8191 7638 7630 2406 8403
30584 676 10599 773 15523 14943 9879
30585 8697 6100 277 8997 5556 5556
30586 639 7365 18687 2036
30587 5556 2991 5556 12905 14109 3493
30588 92 5556 5556 5556 5556 5556 4982
30589 5556 4584 5556 9446 3178
30590 8601 5556 5556 10049 183
30591 98 7053 1093 15737
30592 12299 10657 1255 11896 16464 5556
30593 10992 5556 11627 10571 7922
30594 16622 3493 17528 7248
30595 5645 6336 3369 2536 12082 7742
30596 5556 5556 5556 5556 5556 5556
30597 539 11893 8697 10113 15273 8445 10164
30598 13348 8179 5875 6564 4709 6146 3173 6076 4193 16991
30599 10103 17275 14830 3450 13538 17709
30600 5556 17229 1536 19573 7742 3283
30601 19189 17461 17461 7913 7839 5942 11524
30602 13164 8697 3910 91 13167
30603 1381 8697 446 15477 110
30604 5463 9500 8106 5683 12403
30605 14296 12078 7586 5150
30606 18885 2376 14237 9364 5556
30607 1818 538 267 6105
30608 17903 5556 3569 12644 9616 10028
30609 17406 5456 18784 13533 3080
30610 102 5366 14547 3565 14557 5772
30611 9929 440 1657 6089 5556 5556
30612 2037 5556 14710 3870 10628
30613 4564 16329 7003 6893 11197 16199
30614 2728 1219 2654 3738 660
30615 13287 5562 5556 10051 1089 6871
30616 5556 5556 5556 5556 2996 18060
30617 15521 5556 5556 5556 5556 5556 5556
30618 7288 138 9891 3121 5460
30619 7266 4211 3955 15081 7875
30620 17691 12026 282 1424 19105 10919 7369
30621 6019 579 11088 19543 181 9136
30622 2535 233 12242 2527 3967 5005
30623 8297 18285 5556 1443 5556
30624 7348 11093 5005 1549
30625 6456 5556 5556 5556 5556 12780
30626 11409 6518 2196 13690 18224 1473
30627 5556 1255 8102 16811
30628 4800 3967 6128 6499 8111 5456 4165 1298
30629 2199 9091 10050 5556 5556
30630 12268 7365 15565 891
30631 4844 3260 2036 5381 5556 5556
30632 5556 13503 6482 5556 5556
30633 5177 1328 15770 18659 1399
30634 14661 5556 13382 4731 7063 2639
30635 2040 9193 17845 9735
30636 3376 9673 8697 8699 4852 5938 1870 2090
30637 446 5942 79 15241 6427
30638 6459 1220 19738 8700 5942 17 473
30639 545 6994 19557 15519 525 4488
30640 16865 5129 17672 312 5556
30641 6876 10056 3385 146 8644 5551 1549 4960
30642 6027 9035 18207 1773 19543
30643 4200 11198 2641 2637 5656 623
30644 4017 8671 8878 7963
30645 19150 10491 5556 5556 15138
30646 3277 1219 947 102 6307
30647 982 4759 4759 5556 5556 5556
30648 4888 3868 17094 2030 11841
30649 17891 4926 18803 5556
30650 1625 2681 1893 2886 11100 7325 4525 12620 5942 5942 6520 3321 9179
30651 16907 6056 9579 15631 598
30652 5556 5556 5556 5556 5556
30653 2165 7348 3195 11071 1435
30654 5556 6984 5556 5556 5556
30655 6322 17706 12473 513
30656 7938 5556 8632 6689 1429
30657 12574 13813 1363 13791
30658 10179 2058 18838 6866 2049 10058 9959 7664 3399
30659 2279 19909 5556 5556 5556 941
30660 10 4927 55 15150 7493
30661 1115 11020 6589 9189 4644 8721
30662 11512 9915 12083 9573 16599
30663 70 4713 3083 5556 9035 10768
30664 19730 8834 5556 5556 9446
30665 9150 17496 1600 2107 11092
30666 6440 1381 9144 720 3586 814
30667 18524 1624 517 8997 1829
30668 5556 5556 5556 5556 12123 3485 6673
30669 857 8356 16082 4907 11239
30670 9340 10595 9449 5686 18907 4335 11896 9352 4713 7445
30671 9364 18998 3877 5556 5556
30672 19167 5556 5556 5556 5556 3153
30673 5556 5556 5556 9572 5556 5556
30674 3361 13821 9305 10378 4977
30675 198 5556 5556 186 18739
30676 5556 4550 5499 6860 17563
30677 1795 2222 16288 1572
30678 1374 5788 7711 10216 2569
30679 9446 17812 8902 4177
30680 14416 539 3350 3493 2561 1172 4859
30681 14871 9413 5619 16732 7052 6530 2527
30682 2708 3080 15166 18094 4067
30683 4839 4837 3383 1940 8965
30684 5556 5556 3792 1508 5556
30685 13592 5556 5556 5556 5556 5556 5556 7583
30686 537 5556 5556 5556 5556
30687 2717 11401 10678 5556 5556
30688 2688 6452 15175 7557 6520 716
30689 4525 12078 5864 3912 749
30690 10841 10688 4660 5556 5556 5556
30691 1105 5389 159 1325
30692 8924 7124 4713 6755 14739 5556 15929
30693 5942 6258 2085 442 2861
30694 5556 14339 9587 6415 4236
30695 7433 589 3627 10825 18954
30696 5556 5556 5556 100 14489 362
30697 4298 3570 11559 19827 8783
30698 5556 17200 3901 7442 6054 6650 6619
30699 11682 3956 13057 2368
30700 9382 14341 1051 14866 1388
30701 4027 5556 237 5556 9035 5556
30702 13877 18728 2075 6360
30703 13886 1652 6793 1303 13311 709 2658 9214 14154
30704 11820 5556 15805 5488 6704
30705 9446 17792 15614 6615 6183 13146
30706 17191 517 15273 2057 19257
30707 8666 2749 2057 3041 7564
30708 12455 5556 5556 5556 4163 5556
30709 6670 10722 16964 5556 16431
30710 6182 528 8294 8791 4287
30711 15612 4633 5556 6684 8725 8573
30712 6787 438 4116 7296 1818
30713 5556 5556 5556 172 14866
30714 5556 5556 14441 9891 16032
30715 3569 8029 8335 12176 18763
30716 8461 17352 18516 11755 11706
30717 7777 8620 3738 12400
30718 9068 2705 18178 13374 8594 6693
30719 13998 1118 1370 13642 15607 2390 7370 19310 2197 12787
30720 15127 2931 7721 5556 5556 5556
30721 5556 5556 6024 6834 4163 5556 675 7280
30722 13925 5556 10568 8580 291
30723 1634 15195 11208 2075 14685 12621
30724 3811 20021 10905 1883 15496 6500 8770
30725 1067 18056 2475 4080 17409
30726 19144 9927 14742 6481 14173 18545
30727 9080 8162 9061 7282 12283
30728 16785 7253 5556 180 5556
30729 11683 4182 2430 117 15565
30730 16540 13408 13410 16173 1393
30731 19655 2553 162 14156 6546 1410 15244 11090 2342
30732 6647 1917 5967 16542 3232 7603
30733 14964 5014 4980 12279 2047 5556
30734 5556 5556 5556 5556 8682 1864 1223
30735 17653 11473 13880 19042 5059
